0 0 0 0 0 0 0 0 0 0 0 0 0 0 0 0 0 0 0 0 0 0 0 0 0 0 0 0 0 0 0 0 
-0.00694518 -0.0148737 -0.0148956 -0.0148737 -0.014895 -0.014895 -0.0148737 -0.0149169 -0.014895 -0.014895 -0.0148956 -0.0148956 -0.014895 -0.0148956 -0.014895 -0.0148737 -0.0148956 -0.014895 -0.0148956 -0.014895 -0.0148737 -0.0148956 -0.0149169 -0.0148737 -0.014895 -0.0146826 -0.0146398 -0.0148956 -0.0148737 -0.014895 -0.0148956 -0.00713222 
-0.0134719 -0.0288883 -0.0289321 -0.0288883 -0.028931 -0.028931 -0.0288883 -0.0289747 -0.028931 -0.028931 -0.0289321 -0.0289321 -0.028931 -0.0289321 -0.028931 -0.0288883 -0.0289321 -0.028931 -0.0289321 -0.028931 -0.0288883 -0.0289321 -0.0289747 -0.0288883 -0.028931 -0.0284537 -0.0283771 -0.0289321 -0.0288883 -0.028931 -0.0289321 -0.0138711 
-0.0199918 -0.0428964 -0.042962 -0.0428964 -0.0429604 -0.0429604 -0.0428964 -0.043026 -0.0429604 -0.0429604 -0.042962 -0.042962 -0.0429604 -0.042962 -0.0429604 -0.0428964 -0.042962 -0.0429604 -0.042962 -0.0429604 -0.0428964 -0.042962 -0.043026 -0.0428964 -0.0429604 -0.042235 -0.04214 -0.042962 -0.0428964 -0.0429604 -0.042962 -0.0206104 
-0.0265137 -0.056899 -0.0569865 -0.0568991 -0.0569843 -0.0569844 -0.0568991 -0.0570718 -0.0569844 -0.0569844 -0.0569865 -0.0569865 -0.0569843 -0.0569865 -0.0569844 -0.0568991 -0.0569866 -0.0569843 -0.0569865 -0.0569843 -0.0568991 -0.0569865 -0.0570718 -0.0568991 -0.0569843 -0.0560284 -0.0559354 -0.0569866 -0.0568991 -0.0569844 -0.0569865 -0.0273427 
-0.0330347 -0.0709029 -0.0710123 -0.070903 -0.0710096 -0.0710096 -0.070903 -0.0711189 -0.0710096 -0.0710096 -0.0710123 -0.0710123 -0.0710096 -0.0710123 -0.0710096 -0.0709029 -0.0710123 -0.0710096 -0.0710123 -0.0710096 -0.070903 -0.0710123 -0.0711189 -0.070903 -0.0710096 -0.0698464 -0.0697795 -0.0710124 -0.070903 -0.0710096 -0.0710123 -0.0340772 
-0.0395558 -0.0849082 -0.0850395 -0.0849083 -0.0850362 -0.0850363 -0.0849083 -0.0851675 -0.0850363 -0.0850362 -0.0850395 -0.0850395 -0.0850362 -0.0850395 -0.0850363 -0.0849083 -0.0850396 -0.0850362 -0.0850395 -0.0850362 -0.0849083 -0.0850395 -0.0851675 -0.0849084 -0.0850362 -0.0836924 -0.0836758 -0.0850396 -0.0849083 -0.0850363 -0.0850395 -0.0408128 
-0.0460771 -0.0989115 -0.0990646 -0.0989116 -0.0990608 -0.0990609 -0.0989115 -0.0992139 -0.0990608 -0.0990608 -0.0990646 -0.0990646 -0.0990608 -0.0990647 -0.0990609 -0.0989115 -0.0990647 -0.0990608 -0.0990647 -0.0990608 -0.0989116 -0.0990646 -0.0992139 -0.0989116 -0.0990608 -0.097562 -0.0976309 -0.0990647 -0.0989116 -0.0990609 -0.0990647 -0.0475463 
-0.0525992 -0.112916 -0.113091 -0.112916 -0.113087 -0.113087 -0.112916 -0.113262 -0.113087 -0.113087 -0.113091 -0.113091 -0.113087 -0.113091 -0.113087 -0.112916 -0.113091 -0.113087 -0.113091 -0.113087 -0.112916 -0.113091 -0.113262 -0.112916 -0.113087 -0.111462 -0.111653 -0.113091 -0.112916 -0.113087 -0.113091 -0.0542803 
-0.0591229 -0.126919 -0.127116 -0.12692 -0.127112 -0.127112 -0.12692 -0.127308 -0.127112 -0.127112 -0.127116 -0.127116 -0.127112 -0.127117 -0.127112 -0.12692 -0.127117 -0.127111 -0.127116 -0.127111 -0.12692 -0.127116 -0.127308 -0.12692 -0.127112 -0.125388 -0.125732 -0.127117 -0.12692 -0.127112 -0.127117 -0.0610115 
-0.0656446 -0.140921 -0.14114 -0.140921 -0.141134 -0.141134 -0.140921 -0.141353 -0.141134 -0.141134 -0.14114 -0.14114 -0.141134 -0.14114 -0.141134 -0.140921 -0.14114 -0.141134 -0.14114 -0.141134 -0.140921 -0.14114 -0.141353 -0.140921 -0.141134 -0.139339 -0.139871 -0.14114 -0.140921 -0.141134 -0.14114 -0.0677427 
-0.0721696 -0.154925 -0.155166 -0.154925 -0.15516 -0.15516 -0.154925 -0.1554 -0.15516 -0.15516 -0.155166 -0.155166 -0.15516 -0.155166 -0.15516 -0.154925 -0.155166 -0.15516 -0.155166 -0.15516 -0.154925 -0.155166 -0.155401 -0.154925 -0.15516 -0.153321 -0.154073 -0.155166 -0.154925 -0.15516 -0.155166 -0.0744735 
-0.0786936 -0.168933 -0.169196 -0.168933 -0.169189 -0.169189 -0.168933 -0.169452 -0.169189 -0.169189 -0.169196 -0.169196 -0.169189 -0.169196 -0.169189 -0.168933 -0.169196 -0.169189 -0.169196 -0.169189 -0.168933 -0.169196 -0.169452 -0.168934 -0.169189 -0.167335 -0.168342 -0.169196 -0.168933 -0.169189 -0.169196 -0.0812088 
-0.0852196 -0.18294 -0.183225 -0.182941 -0.183218 -0.183218 -0.182941 -0.183502 -0.183218 -0.183218 -0.183225 -0.183225 -0.183218 -0.183225 -0.183218 -0.182941 -0.183225 -0.183218 -0.183225 -0.183218 -0.182941 -0.183225 -0.183503 -0.182941 -0.183218 -0.181377 -0.18267 -0.183225 -0.182941 -0.183218 -0.183225 -0.0879417 
-0.0917434 -0.196946 -0.197253 -0.196947 -0.197245 -0.197246 -0.196947 -0.197552 -0.197245 -0.197245 -0.197253 -0.197253 -0.197246 -0.197253 -0.197246 -0.196947 -0.197253 -0.197245 -0.197253 -0.197245 -0.196947 -0.197253 -0.197552 -0.196947 -0.197245 -0.195444 -0.19706 -0.197253 -0.196947 -0.197246 -0.197253 -0.0946752 
-0.0982655 -0.210953 -0.211282 -0.210954 -0.211274 -0.211274 -0.210954 -0.211602 -0.211274 -0.211274 -0.211282 -0.211282 -0.211274 -0.211282 -0.211274 -0.210954 -0.211282 -0.211274 -0.211282 -0.211274 -0.210954 -0.211282 -0.211602 -0.210954 -0.211274 -0.209541 -0.211512 -0.211282 -0.210954 -0.211274 -0.211282 -0.101411 
-0.104788 -0.224958 -0.225309 -0.224959 -0.2253 -0.2253 -0.224959 -0.22565 -0.2253 -0.2253 -0.225309 -0.225309 -0.2253 -0.225309 -0.225301 -0.224959 -0.225309 -0.2253 -0.225309 -0.2253 -0.224959 -0.225309 -0.22565 -0.224959 -0.2253 -0.223663 -0.226026 -0.225309 -0.224959 -0.2253 -0.225309 -0.108146 
-0.111313 -0.238968 -0.239341 -0.238969 -0.239332 -0.239332 -0.238969 -0.239704 -0.239332 -0.239332 -0.239341 -0.239341 -0.239332 -0.239341 -0.239332 -0.238969 -0.239341 -0.239332 -0.239341 -0.239332 -0.238969 -0.239341 -0.239704 -0.23897 -0.239332 -0.237822 -0.240608 -0.239341 -0.238969 -0.239332 -0.239341 -0.114882 
-0.117837 -0.252975 -0.253369 -0.252975 -0.253359 -0.25336 -0.252975 -0.253753 -0.25336 -0.253359 -0.253369 -0.253369 -0.25336 -0.25337 -0.25336 -0.252976 -0.253369 -0.253359 -0.253369 -0.253359 -0.252976 -0.253369 -0.253753 -0.252976 -0.253359 -0.252002 -0.255247 -0.253369 -0.252976 -0.25336 -0.253369 -0.121616 
-0.124362 -0.26699 -0.267407 -0.266991 -0.267396 -0.267397 -0.266991 -0.267812 -0.267396 -0.267396 -0.267407 -0.267407 -0.267397 -0.267407 -0.267397 -0.266991 -0.267407 -0.267396 -0.267407 -0.267396 -0.266991 -0.267407 -0.267812 -0.266991 -0.267396 -0.266218 -0.269948 -0.267407 -0.266991 -0.267397 -0.267407 -0.128357 
-0.130886 -0.280999 -0.281438 -0.281 -0.281427 -0.281427 -0.281 -0.281864 -0.281427 -0.281427 -0.281438 -0.281438 -0.281427 -0.281438 -0.281427 -0.281 -0.281438 -0.281427 -0.281438 -0.281427 -0.281 -0.281438 -0.281865 -0.281001 -0.281427 -0.28045 -0.284689 -0.281438 -0.281 -0.281427 -0.281438 -0.135093 
-0.137412 -0.295007 -0.295467 -0.295008 -0.295456 -0.295456 -0.295008 -0.295916 -0.295456 -0.295456 -0.295468 -0.295468 -0.295457 -0.295468 -0.295457 -0.295008 -0.295468 -0.295456 -0.295468 -0.295456 -0.295008 -0.295468 -0.295916 -0.295009 -0.295456 -0.294705 -0.299472 -0.295468 -0.295009 -0.295456 -0.295467 -0.141827 
-0.143937 -0.309019 -0.309502 -0.30902 -0.30949 -0.30949 -0.309021 -0.309971 -0.30949 -0.30949 -0.309502 -0.309502 -0.30949 -0.309502 -0.30949 -0.309021 -0.309502 -0.30949 -0.309502 -0.30949 -0.30902 -0.309502 -0.309971 -0.309021 -0.30949 -0.308989 -0.314302 -0.309502 -0.309021 -0.30949 -0.309502 -0.148565 
-0.150464 -0.323035 -0.323539 -0.323036 -0.323526 -0.323527 -0.323036 -0.32403 -0.323527 -0.323527 -0.323539 -0.32354 -0.323527 -0.32354 -0.323527 -0.323036 -0.323539 -0.323527 -0.323539 -0.323527 -0.323036 -0.32354 -0.32403 -0.323037 -0.323527 -0.323296 -0.329178 -0.323539 -0.323036 -0.323527 -0.323539 -0.155304 
-0.156993 -0.337049 -0.337575 -0.33705 -0.337562 -0.337563 -0.337051 -0.338088 -0.337563 -0.337562 -0.337576 -0.337576 -0.337563 -0.337576 -0.337563 -0.337051 -0.337576 -0.337563 -0.337576 -0.337563 -0.337051 -0.337576 -0.338088 -0.337051 -0.337563 -0.337626 -0.344097 -0.337576 -0.337051 -0.337563 -0.337575 -0.162041 
-0.163521 -0.351062 -0.351611 -0.351064 -0.351597 -0.351598 -0.351065 -0.352145 -0.351598 -0.351598 -0.351612 -0.351612 -0.351598 -0.351612 -0.351598 -0.351065 -0.351612 -0.351598 -0.351611 -0.351598 -0.351064 -0.351612 -0.352145 -0.351065 -0.351598 -0.351972 -0.35906 -0.351612 -0.351065 -0.351598 -0.351611 -0.168778 
-0.170045 -0.365071 -0.365642 -0.365073 -0.365628 -0.365628 -0.365074 -0.366197 -0.365629 -0.365628 -0.365643 -0.365643 -0.365629 -0.365643 -0.365629 -0.365074 -0.365643 -0.365628 -0.365643 -0.365628 -0.365074 -0.365643 -0.366197 -0.365074 -0.365628 -0.366338 -0.374065 -0.365643 -0.365074 -0.365628 -0.365642 -0.175515 
-0.176573 -0.379084 -0.379677 -0.379086 -0.379662 -0.379663 -0.379087 -0.380253 -0.379663 -0.379662 -0.379678 -0.379678 -0.379664 -0.379678 -0.379663 -0.379087 -0.379678 -0.379663 -0.379678 -0.379663 -0.379087 -0.379678 -0.380254 -0.379087 -0.379663 -0.380729 -0.389116 -0.379678 -0.379087 -0.379663 -0.379676 -0.182251 
-0.183102 -0.393101 -0.393715 -0.393103 -0.3937 -0.393701 -0.393104 -0.394313 -0.393701 -0.3937 -0.393716 -0.393716 -0.393702 -0.393717 -0.393701 -0.393104 -0.393716 -0.393701 -0.393716 -0.393701 -0.393103 -0.393716 -0.394313 -0.393104 -0.393701 -0.39514 -0.404203 -0.393716 -0.393104 -0.393701 -0.393715 -0.188989 
-0.189631 -0.407112 -0.407748 -0.407114 -0.407733 -0.407734 -0.407115 -0.408368 -0.407734 -0.407733 -0.40775 -0.40775 -0.407735 -0.40775 -0.407734 -0.407115 -0.40775 -0.407734 -0.407749 -0.407733 -0.407115 -0.40775 -0.408368 -0.407116 -0.407734 -0.40956 -0.419308 -0.407749 -0.407115 -0.407733 -0.407748 -0.195723 
-0.19616 -0.421126 -0.421785 -0.421129 -0.421769 -0.42177 -0.42113 -0.422426 -0.42177 -0.421769 -0.421786 -0.421787 -0.421771 -0.421787 -0.42177 -0.42113 -0.421787 -0.42177 -0.421786 -0.42177 -0.421129 -0.421786 -0.422426 -0.42113 -0.42177 -0.423996 -0.434438 -0.421786 -0.42113 -0.421769 -0.421784 -0.20246 
-0.202687 -0.435139 -0.43582 -0.435142 -0.435804 -0.435804 -0.435143 -0.436482 -0.435804 -0.435804 -0.435821 -0.435822 -0.435805 -0.435822 -0.435805 -0.435143 -0.435822 -0.435804 -0.435821 -0.435804 -0.435142 -0.435821 -0.436482 -0.435144 -0.435804 -0.43844 -0.449582 -0.435821 -0.435143 -0.435804 -0.435819 -0.209198 
-0.209213 -0.449154 -0.449857 -0.449158 -0.449841 -0.449841 -0.449159 -0.450541 -0.449841 -0.44984 -0.449859 -0.449859 -0.449842 -0.449859 -0.449842 -0.449159 -0.449859 -0.449841 -0.449859 -0.449841 -0.449158 -0.449859 -0.450541 -0.449159 -0.449841 -0.452894 -0.464749 -0.449858 -0.449159 -0.44984 -0.449856 -0.215938 
-0.21574 -0.463166 -0.463891 -0.46317 -0.463874 -0.463875 -0.463171 -0.464597 -0.463875 -0.463874 -0.463893 -0.463894 -0.463876 -0.463894 -0.463875 -0.463171 -0.463893 -0.463875 -0.463893 -0.463874 -0.46317 -0.463893 -0.464597 -0.463171 -0.463875 -0.467355 -0.479931 -0.463892 -0.463171 -0.463874 -0.46389 -0.222675 
-0.222266 -0.47718 -0.477927 -0.477184 -0.47791 -0.47791 -0.477185 -0.478654 -0.477911 -0.47791 -0.477929 -0.47793 -0.477912 -0.47793 -0.477911 -0.477185 -0.47793 -0.477911 -0.477929 -0.47791 -0.477184 -0.477929 -0.478655 -0.477186 -0.477911 -0.481822 -0.495136 -0.477928 -0.477186 -0.47791 -0.477926 -0.229414 
-0.2288 -0.491197 -0.491966 -0.491201 -0.491948 -0.491949 -0.491202 -0.492714 -0.491949 -0.491948 -0.491968 -0.491969 -0.49195 -0.491969 -0.491949 -0.491202 -0.491968 -0.491949 -0.491968 -0.491948 -0.491201 -0.491968 -0.492715 -0.491203 -0.491949 -0.496314 -0.510382 -0.491967 -0.491203 -0.491948 -0.491965 -0.236148 
-0.235326 -0.50521 -0.506001 -0.505215 -0.505983 -0.505984 -0.505216 -0.506771 -0.505984 -0.505983 -0.506004 -0.506004 -0.505985 -0.506004 -0.505984 -0.505216 -0.506004 -0.505984 -0.506004 -0.505983 -0.505215 -0.506003 -0.506772 -0.505216 -0.505984 -0.511924 -0.526375 -0.506003 -0.505216 -0.505983 -0.506 -0.242886 
-0.241851 -0.519224 -0.520037 -0.519229 -0.520019 -0.520019 -0.51923 -0.520829 -0.52002 -0.520019 -0.52004 -0.52004 -0.520021 -0.52004 -0.52002 -0.51923 -0.52004 -0.52002 -0.52004 -0.520019 -0.519229 -0.52004 -0.520829 -0.519231 -0.52002 -0.52758 -0.542838 -0.520039 -0.51923 -0.520018 -0.520036 -0.249627 
-0.24838 -0.53324 -0.534076 -0.533246 -0.534057 -0.534057 -0.533247 -0.534889 -0.534058 -0.534057 -0.534078 -0.534079 -0.534059 -0.534079 -0.534058 -0.533247 -0.534079 -0.534058 -0.534079 -0.534057 -0.533246 -0.534078 -0.534889 -0.533248 -0.534057 -0.543241 -0.559305 -0.534077 -0.533247 -0.534056 -0.534074 -0.256366 
-0.254909 -0.547255 -0.548112 -0.54726 -0.548093 -0.548093 -0.547262 -0.548947 -0.548094 -0.548093 -0.548115 -0.548116 -0.548095 -0.548116 -0.548094 -0.547262 -0.548115 -0.548094 -0.548115 -0.548093 -0.54726 -0.548115 -0.548947 -0.547262 -0.548093 -0.558897 -0.575768 -0.548114 -0.547262 -0.548092 -0.54811 -0.263103 
-0.261435 -0.561267 -0.562147 -0.561273 -0.562127 -0.562128 -0.561275 -0.563003 -0.562129 -0.562127 -0.56215 -0.562151 -0.56213 -0.562151 -0.562129 -0.561275 -0.56215 -0.562129 -0.56215 -0.562128 -0.561274 -0.56215 -0.563004 -0.561276 -0.562128 -0.574555 -0.59223 -0.562149 -0.561275 -0.562127 -0.562145 -0.269841 
-0.267966 -0.575285 -0.576187 -0.575291 -0.576167 -0.576168 -0.575293 -0.577065 -0.576169 -0.576167 -0.57619 -0.576192 -0.576169 -0.576191 -0.576168 -0.575294 -0.576191 -0.576168 -0.576191 -0.576167 -0.575292 -0.57619 -0.577065 -0.575294 -0.576167 -0.590228 -0.608697 -0.576189 -0.575293 -0.576166 -0.576185 -0.27658 
-0.274495 -0.589304 -0.590228 -0.589311 -0.590208 -0.590209 -0.589313 -0.591128 -0.59021 -0.590208 -0.590232 -0.590233 -0.590211 -0.590233 -0.59021 -0.589313 -0.590232 -0.590209 -0.590232 -0.590208 -0.589312 -0.590232 -0.591128 -0.589314 -0.590208 -0.605903 -0.62517 -0.59023 -0.589313 -0.590207 -0.590226 -0.283321 
-0.281028 -0.603326 -0.604272 -0.603333 -0.604251 -0.604253 -0.603336 -0.605193 -0.604254 -0.604252 -0.604276 -0.604278 -0.604254 -0.604277 -0.604253 -0.603336 -0.604277 -0.604253 -0.604277 -0.604252 -0.603334 -0.604276 -0.605194 -0.603336 -0.604252 -0.621586 -0.641638 -0.604275 -0.603335 -0.604251 -0.60427 -0.290062 
-0.28756 -0.617347 -0.618315 -0.617354 -0.618294 -0.618295 -0.617357 -0.619258 -0.618297 -0.618295 -0.618319 -0.618321 -0.618297 -0.61832 -0.618296 -0.617357 -0.61832 -0.618296 -0.61832 -0.618295 -0.617356 -0.618319 -0.619259 -0.617357 -0.618294 -0.637263 -0.658101 -0.618318 -0.617356 -0.618293 -0.618313 -0.296802 
-0.294092 -0.631367 -0.632357 -0.631375 -0.632336 -0.632337 -0.631378 -0.633321 -0.632338 -0.632336 -0.632361 -0.632363 -0.632339 -0.632362 -0.632338 -0.631377 -0.632362 -0.632338 -0.632362 -0.632336 -0.631376 -0.632361 -0.633322 -0.631378 -0.632336 -0.65294 -0.674553 -0.63236 -0.631377 -0.632335 -0.632355 -0.303541 
-0.30062 -0.645382 -0.646395 -0.645391 -0.646373 -0.646374 -0.645394 -0.647381 -0.646376 -0.646374 -0.646399 -0.646401 -0.646376 -0.6464 -0.646375 -0.645393 -0.6464 -0.646375 -0.6464 -0.646374 -0.645392 -0.646399 -0.647382 -0.645394 -0.646373 -0.668606 -0.691002 -0.646398 -0.645393 -0.646372 -0.646392 -0.31028 
-0.307152 -0.659406 -0.66044 -0.659415 -0.660418 -0.660419 -0.659418 -0.661448 -0.660421 -0.660419 -0.660445 -0.660447 -0.660421 -0.660446 -0.660421 -0.659417 -0.660445 -0.66042 -0.660446 -0.660419 -0.659416 -0.660445 -0.661449 -0.659417 -0.660418 -0.684283 -0.707458 -0.660443 -0.659416 -0.660417 -0.660437 -0.317023 
-0.313685 -0.67343 -0.674487 -0.67344 -0.674465 -0.674466 -0.673443 -0.675517 -0.674468 -0.674466 -0.674492 -0.674494 -0.674468 -0.674493 -0.674467 -0.673443 -0.674493 -0.674467 -0.674493 -0.674466 -0.673441 -0.674492 -0.675517 -0.673443 -0.674465 -0.69996 -0.723916 -0.67449 -0.673442 -0.674464 -0.674484 -0.323765 
-0.320214 -0.68745 -0.688529 -0.68746 -0.688506 -0.688507 -0.687463 -0.68958 -0.688509 -0.688507 -0.688534 -0.688536 -0.688509 -0.688535 -0.688509 -0.687463 -0.688534 -0.688509 -0.688535 -0.688507 -0.687461 -0.688534 -0.689581 -0.687463 -0.688506 -0.715628 -0.740381 -0.688532 -0.687462 -0.688505 -0.688526 -0.330508 
-0.326744 -0.701472 -0.702573 -0.701482 -0.702549 -0.702551 -0.701486 -0.703646 -0.702553 -0.702551 -0.702578 -0.702581 -0.702553 -0.70258 -0.702552 -0.701485 -0.702579 -0.702552 -0.70258 -0.702551 -0.701483 -0.702578 -0.703646 -0.701485 -0.70255 -0.731302 -0.756852 -0.702576 -0.701484 -0.702548 -0.702569 -0.33725 
-0.333274 -0.715486 -0.71661 -0.715498 -0.716586 -0.716587 -0.715501 -0.717704 -0.71659 -0.716588 -0.716616 -0.716618 -0.716589 -0.716617 -0.716589 -0.715501 -0.716616 -0.716589 -0.716617 -0.716588 -0.715499 -0.716615 -0.717705 -0.715501 -0.716587 -0.746973 -0.77332 -0.716613 -0.7155 -0.716585 -0.716606 -0.343987 
-0.339806 -0.72951 -0.730656 -0.729522 -0.730632 -0.730633 -0.729525 -0.731772 -0.730636 -0.730634 -0.730662 -0.730664 -0.730635 -0.730663 -0.730635 -0.729525 -0.730662 -0.730635 -0.730664 -0.730634 -0.729523 -0.730662 -0.731773 -0.729525 -0.730633 -0.762653 -0.789808 -0.730659 -0.729524 -0.730631 -0.730652 -0.350731 
-0.346335 -0.743536 -0.744704 -0.743549 -0.74468 -0.744681 -0.743552 -0.745842 -0.744684 -0.744682 -0.744711 -0.744713 -0.744683 -0.744712 -0.744683 -0.743552 -0.744711 -0.744684 -0.744712 -0.744682 -0.74355 -0.74471 -0.745843 -0.743552 -0.744681 -0.77834 -0.806306 -0.744708 -0.743551 -0.744679 -0.7447 -0.357479 
-0.352866 -0.757557 -0.758748 -0.75757 -0.758723 -0.758724 -0.757574 -0.759907 -0.758727 -0.758725 -0.758755 -0.758756 -0.758726 -0.758756 -0.758726 -0.757574 -0.758755 -0.758727 -0.758756 -0.758726 -0.757572 -0.758754 -0.759907 -0.757574 -0.758724 -0.794018 -0.822798 -0.758751 -0.757573 -0.758721 -0.758743 -0.364221 
-0.359396 -0.77158 -0.772792 -0.771593 -0.772767 -0.772768 -0.771597 -0.773973 -0.772772 -0.77277 -0.7728 -0.772801 -0.772771 -0.772801 -0.772771 -0.771597 -0.7728 -0.772771 -0.772801 -0.77277 -0.771595 -0.772799 -0.773974 -0.771597 -0.772768 -0.8097 -0.839285 -0.772796 -0.771596 -0.772766 -0.772788 -0.370964 
-0.365926 -0.785604 -0.786839 -0.785618 -0.786813 -0.786815 -0.785622 -0.788041 -0.786818 -0.786816 -0.786847 -0.786848 -0.786817 -0.786848 -0.786817 -0.785622 -0.786846 -0.786817 -0.786848 -0.786816 -0.78562 -0.786846 -0.788042 -0.785622 -0.786815 -0.825381 -0.855763 -0.786843 -0.785621 -0.786812 -0.786834 -0.377709 
-0.372457 -0.799626 -0.800883 -0.799641 -0.800858 -0.800859 -0.799644 -0.802108 -0.800863 -0.80086 -0.800892 -0.800892 -0.800861 -0.800893 -0.800862 -0.799646 -0.800891 -0.800862 -0.800893 -0.80086 -0.799644 -0.80089 -0.802108 -0.799645 -0.800859 -0.841055 -0.872231 -0.800888 -0.799643 -0.800856 -0.800878 -0.384452 
-0.378989 -0.81365 -0.81493 -0.813665 -0.814904 -0.814905 -0.813669 -0.816176 -0.814909 -0.814906 -0.814938 -0.814939 -0.814907 -0.814939 -0.814908 -0.813671 -0.814938 -0.814908 -0.814939 -0.814906 -0.813668 -0.814937 -0.816176 -0.813669 -0.814905 -0.856729 -0.888707 -0.814934 -0.813668 -0.814902 -0.814924 -0.391196 
-0.385522 -0.827672 -0.828975 -0.827689 -0.828948 -0.82895 -0.827692 -0.830242 -0.828953 -0.828951 -0.828984 -0.828984 -0.828952 -0.828985 -0.828953 -0.827694 -0.828983 -0.828953 -0.828984 -0.828951 -0.827692 -0.828982 -0.830243 -0.827693 -0.82895 -0.872409 -0.90518 -0.82898 -0.827691 -0.828947 -0.828969 -0.397936 
-0.392054 -0.841693 -0.843018 -0.84171 -0.842991 -0.842993 -0.841714 -0.844307 -0.842996 -0.842994 -0.843027 -0.843028 -0.842995 -0.843028 -0.842996 -0.841716 -0.843026 -0.842996 -0.843028 -0.842994 -0.841713 -0.843025 -0.844307 -0.841714 -0.842993 -0.888082 -0.921654 -0.843023 -0.841713 -0.842989 -0.843012 -0.404677 
-0.398589 -0.855717 -0.857064 -0.855734 -0.857037 -0.857039 -0.855738 -0.858375 -0.857042 -0.85704 -0.857074 -0.857075 -0.857041 -0.857075 -0.857042 -0.855741 -0.857073 -0.857042 -0.857075 -0.85704 -0.855738 -0.857072 -0.858375 -0.855739 -0.857039 -0.903765 -0.938135 -0.857069 -0.855737 -0.857035 -0.857058 -0.411418 
-0.405123 -0.869745 -0.871115 -0.869763 -0.871087 -0.871089 -0.869767 -0.872447 -0.871092 -0.87109 -0.871124 -0.871125 -0.87109 -0.871126 -0.871092 -0.86977 -0.871123 -0.871092 -0.871125 -0.87109 -0.869767 -0.871122 -0.872447 -0.869767 -0.871089 -0.919448 -0.954626 -0.87112 -0.869766 -0.871085 -0.871108 -0.418163 
-0.411658 -0.883773 -0.885164 -0.883791 -0.885136 -0.885138 -0.883795 -0.886518 -0.885142 -0.885139 -0.885174 -0.885175 -0.88514 -0.885176 -0.885141 -0.883798 -0.885173 -0.885142 -0.885176 -0.88514 -0.883795 -0.885172 -0.886519 -0.883796 -0.885139 -0.935133 -0.971108 -0.88517 -0.883794 -0.885134 -0.885157 -0.424906 
-0.418192 -0.897799 -0.899212 -0.897817 -0.899184 -0.899186 -0.897821 -0.900588 -0.89919 -0.899187 -0.899223 -0.899224 -0.899188 -0.899224 -0.899189 -0.897824 -0.899222 -0.89919 -0.899224 -0.899188 -0.897822 -0.899221 -0.900588 -0.897822 -0.899187 -0.950809 -0.987589 -0.899218 -0.89782 -0.899182 -0.899205 -0.431649 
-0.424724 -0.911826 -0.913262 -0.911845 -0.913233 -0.913235 -0.911849 -0.914659 -0.913239 -0.913236 -0.913272 -0.913274 -0.913237 -0.913274 -0.913238 -0.911852 -0.913272 -0.913239 -0.913274 -0.913237 -0.911849 -0.91327 -0.914659 -0.91185 -0.913236 -0.966481 -1.00406 -0.913268 -0.911848 -0.913231 -0.913254 -0.438395 
-0.431257 -0.925851 -0.927309 -0.925871 -0.927281 -0.927282 -0.925875 -0.928729 -0.927287 -0.927283 -0.92732 -0.927322 -0.927284 -0.927322 -0.927286 -0.925878 -0.92732 -0.927287 -0.927322 -0.927284 -0.925875 -0.927318 -0.928729 -0.925876 -0.927284 -0.982149 -1.02053 -0.927315 -0.925874 -0.927278 -0.927301 -0.44514 
-0.437792 -0.939881 -0.941362 -0.939902 -0.941333 -0.941335 -0.939906 -0.942803 -0.941339 -0.941335 -0.941373 -0.941375 -0.941336 -0.941375 -0.941338 -0.939909 -0.941373 -0.941339 -0.941375 -0.941337 -0.939906 -0.941371 -0.942803 -0.939907 -0.941336 -0.997827 -1.037 -0.941368 -0.939905 -0.94133 -0.941354 -0.451886 
-0.444325 -0.953908 -0.95541 -0.953929 -0.955381 -0.955383 -0.953933 -0.956873 -0.955388 -0.955384 -0.955422 -0.955424 -0.955384 -0.955424 -0.955386 -0.953936 -0.955422 -0.955388 -0.955424 -0.955385 -0.953934 -0.95542 -0.956873 -0.953934 -0.955384 -1.01349 -1.05345 -0.955417 -0.953932 -0.955378 -0.955402 -0.45863 
-0.450861 -0.967943 -0.969468 -0.967966 -0.969439 -0.969441 -0.967969 -0.970953 -0.969445 -0.969441 -0.96948 -0.969482 -0.969442 -0.969483 -0.969444 -0.967972 -0.96948 -0.969445 -0.969483 -0.969443 -0.96797 -0.969478 -0.970953 -0.96797 -0.969442 -1.02917 -1.0699 -0.969475 -0.967968 -0.969436 -0.969459 -0.465381 
-0.457395 -0.981972 -0.983519 -0.981995 -0.98349 -0.983492 -0.981999 -0.985026 -0.983497 -0.983493 -0.983532 -0.983534 -0.983493 -0.983535 -0.983495 -0.982002 -0.983532 -0.983496 -0.983535 -0.983494 -0.982 -0.983529 -0.985026 -0.982 -0.983493 -1.04483 -1.08633 -0.983527 -0.981998 -0.983487 -0.983511 -0.472127 
-0.46393 -0.995999 -0.997569 -0.996024 -0.99754 -0.997542 -0.996027 -0.999098 -0.997547 -0.997543 -0.997583 -0.997585 -0.997543 -0.997585 -0.997545 -0.996031 -0.997583 -0.997547 -0.997586 -0.997544 -0.996028 -0.99758 -0.999098 -0.996029 -0.997543 -1.06049 -1.10274 -0.997577 -0.996026 -0.997537 -0.99756 -0.478871 
-0.470465 -1.01003 -1.01162 -1.01006 -1.01159 -1.0116 -1.01006 -1.01317 -1.0116 -1.0116 -1.01164 -1.01164 -1.0116 -1.01164 -1.0116 -1.01006 -1.01164 -1.0116 -1.01164 -1.0116 -1.01006 -1.01163 -1.01317 -1.01006 -1.0116 -1.07615 -1.11916 -1.01163 -1.01006 -1.01159 -1.01161 -0.485619 
-0.477002 -1.02407 -1.02568 -1.02409 -1.02565 -1.02565 -1.0241 -1.02725 -1.02566 -1.02565 -1.0257 -1.0257 -1.02565 -1.0257 -1.02566 -1.0241 -1.0257 -1.02566 -1.0257 -1.02566 -1.0241 -1.02569 -1.02725 -1.0241 -1.02565 -1.09181 -1.13558 -1.02569 -1.02409 -1.02565 -1.02567 -0.492368 
-0.483541 -1.0381 -1.03974 -1.03813 -1.03971 -1.03971 -1.03813 -1.04133 -1.03971 -1.03971 -1.03975 -1.03975 -1.03971 -1.03975 -1.03971 -1.03813 -1.03975 -1.03971 -1.03976 -1.03971 -1.03813 -1.03975 -1.04133 -1.03813 -1.03971 -1.10747 -1.15199 -1.03975 -1.03813 -1.0397 -1.03973 -0.499115 
-0.490078 -1.05213 -1.05379 -1.05216 -1.05376 -1.05376 -1.05216 -1.05541 -1.05377 -1.05377 -1.05381 -1.05381 -1.05377 -1.05381 -1.05377 -1.05217 -1.05381 -1.05377 -1.05381 -1.05377 -1.05217 -1.0538 -1.05541 -1.05217 -1.05377 -1.1231 -1.1684 -1.0538 -1.05216 -1.05376 -1.05378 -0.505862 
-0.496612 -1.06616 -1.06784 -1.06619 -1.06781 -1.06781 -1.06619 -1.06948 -1.06782 -1.06782 -1.06786 -1.06786 -1.06782 -1.06786 -1.06782 -1.0662 -1.06786 -1.06782 -1.06786 -1.06782 -1.06619 -1.06786 -1.06948 -1.06619 -1.06782 -1.13874 -1.1848 -1.06785 -1.06619 -1.06781 -1.06783 -0.512608 
-0.503149 -1.08019 -1.0819 -1.08022 -1.08187 -1.08187 -1.08023 -1.08356 -1.08187 -1.08187 -1.08191 -1.08192 -1.08187 -1.08192 -1.08187 -1.08023 -1.08191 -1.08188 -1.08192 -1.08187 -1.08023 -1.08191 -1.08356 -1.08023 -1.08187 -1.15438 -1.2012 -1.08191 -1.08023 -1.08186 -1.08189 -0.519354 
-0.509688 -1.09423 -1.09596 -1.09426 -1.09592 -1.09593 -1.09426 -1.09764 -1.09593 -1.09593 -1.09597 -1.09597 -1.09593 -1.09597 -1.09593 -1.09427 -1.09597 -1.09593 -1.09598 -1.09593 -1.09426 -1.09597 -1.09764 -1.09426 -1.09593 -1.17002 -1.21759 -1.09597 -1.09426 -1.09592 -1.09595 -0.526101 
-0.516226 -1.10826 -1.11001 -1.10829 -1.10998 -1.10998 -1.10829 -1.11171 -1.10998 -1.10998 -1.11002 -1.11003 -1.10998 -1.11003 -1.10998 -1.1083 -1.11003 -1.10999 -1.11003 -1.10998 -1.10829 -1.11002 -1.11171 -1.10829 -1.10998 -1.18564 -1.23395 -1.11002 -1.10829 -1.10997 -1.11 -0.532844 
-0.522764 -1.12229 -1.12406 -1.12232 -1.12403 -1.12403 -1.12233 -1.12579 -1.12404 -1.12404 -1.12408 -1.12408 -1.12404 -1.12408 -1.12404 -1.12233 -1.12408 -1.12404 -1.12408 -1.12404 -1.12233 -1.12408 -1.12579 -1.12233 -1.12404 -1.20126 -1.25029 -1.12408 -1.12233 -1.12403 -1.12405 -0.53959 
-0.5293 -1.13632 -1.13812 -1.13635 -1.13809 -1.13809 -1.13636 -1.13986 -1.13809 -1.13809 -1.13813 -1.13814 -1.13809 -1.13814 -1.13809 -1.13636 -1.13814 -1.13809 -1.13814 -1.13809 -1.13636 -1.13813 -1.13986 -1.13636 -1.13809 -1.21686 -1.26661 -1.13813 -1.13636 -1.13808 -1.13811 -0.546337 
-0.535835 -1.15035 -1.15217 -1.15039 -1.15214 -1.15214 -1.15039 -1.15394 -1.15215 -1.15214 -1.15219 -1.15219 -1.15215 -1.15219 -1.15215 -1.1504 -1.15219 -1.15215 -1.15219 -1.15215 -1.15039 -1.15219 -1.15394 -1.15039 -1.15215 -1.23246 -1.28292 -1.15219 -1.15039 -1.15214 -1.15216 -0.553086 
-0.542371 -1.16438 -1.16623 -1.16442 -1.16619 -1.16619 -1.16442 -1.16801 -1.1662 -1.1662 -1.16624 -1.16625 -1.1662 -1.16625 -1.1662 -1.16443 -1.16624 -1.1662 -1.16625 -1.1662 -1.16442 -1.16624 -1.16801 -1.16442 -1.1662 -1.24804 -1.2992 -1.16624 -1.16442 -1.16619 -1.16621 -0.559832 
-0.548906 -1.17842 -1.18028 -1.17845 -1.18025 -1.18025 -1.17846 -1.18209 -1.18025 -1.18025 -1.1803 -1.1803 -1.18025 -1.1803 -1.18025 -1.17846 -1.1803 -1.18026 -1.1803 -1.18025 -1.17846 -1.18029 -1.18209 -1.17846 -1.18025 -1.26361 -1.31545 -1.18029 -1.17846 -1.18024 -1.18027 -0.566579 
-0.555448 -1.19245 -1.19434 -1.19249 -1.1943 -1.1943 -1.19249 -1.19617 -1.19431 -1.19431 -1.19435 -1.19436 -1.19431 -1.19436 -1.19431 -1.1925 -1.19436 -1.19431 -1.19436 -1.19431 -1.19249 -1.19435 -1.19617 -1.19249 -1.19431 -1.27917 -1.33167 -1.19435 -1.19249 -1.1943 -1.19432 -0.573322 
-0.561983 -1.20648 -1.20839 -1.20652 -1.20835 -1.20836 -1.20652 -1.21024 -1.20836 -1.20836 -1.2084 -1.20841 -1.20836 -1.20841 -1.20836 -1.20653 -1.20841 -1.20836 -1.20841 -1.20836 -1.20652 -1.2084 -1.21024 -1.20652 -1.20836 -1.29472 -1.34786 -1.2084 -1.20652 -1.20835 -1.20838 -0.580068 
-0.568515 -1.22051 -1.22244 -1.22055 -1.22241 -1.22241 -1.22055 -1.22432 -1.22241 -1.22241 -1.22246 -1.22246 -1.22241 -1.22246 -1.22241 -1.22056 -1.22246 -1.22242 -1.22247 -1.22241 -1.22055 -1.22246 -1.22432 -1.22055 -1.22241 -1.31025 -1.36401 -1.22245 -1.22055 -1.2224 -1.22243 -0.586817 
-0.575052 -1.23454 -1.23649 -1.23458 -1.23646 -1.23646 -1.23459 -1.23839 -1.23647 -1.23646 -1.23651 -1.23652 -1.23647 -1.23652 -1.23647 -1.23459 -1.23652 -1.23647 -1.23652 -1.23647 -1.23459 -1.23651 -1.23839 -1.23459 -1.23647 -1.32576 -1.38012 -1.23651 -1.23459 -1.23646 -1.23648 -0.593564 
-0.581588 -1.24857 -1.25055 -1.24861 -1.25051 -1.25051 -1.24862 -1.25247 -1.25052 -1.25052 -1.25057 -1.25057 -1.25052 -1.25057 -1.25052 -1.24862 -1.25057 -1.25052 -1.25057 -1.25052 -1.24862 -1.25056 -1.25247 -1.24862 -1.25052 -1.34126 -1.3962 -1.25056 -1.24862 -1.25051 -1.25054 -0.600309 
-0.588122 -1.2626 -1.2646 -1.26264 -1.26456 -1.26456 -1.26265 -1.26654 -1.26457 -1.26457 -1.26462 -1.26462 -1.26457 -1.26462 -1.26457 -1.26265 -1.26462 -1.26457 -1.26462 -1.26457 -1.26265 -1.26462 -1.26654 -1.26265 -1.26457 -1.35673 -1.41224 -1.26461 -1.26265 -1.26456 -1.26459 -0.607055 
-0.59466 -1.27663 -1.27865 -1.27667 -1.27862 -1.27862 -1.27668 -1.28062 -1.27863 -1.27862 -1.27867 -1.27868 -1.27863 -1.27868 -1.27863 -1.27669 -1.27868 -1.27863 -1.27868 -1.27863 -1.27668 -1.27867 -1.28062 -1.27668 -1.27863 -1.3722 -1.42824 -1.27867 -1.27668 -1.27861 -1.27864 -0.613801 
-0.601196 -1.29067 -1.29271 -1.29071 -1.29267 -1.29268 -1.29071 -1.29469 -1.29268 -1.29268 -1.29273 -1.29273 -1.29268 -1.29274 -1.29268 -1.29072 -1.29273 -1.29269 -1.29274 -1.29268 -1.29072 -1.29273 -1.29469 -1.29072 -1.29268 -1.38765 -1.44421 -1.29273 -1.29072 -1.29267 -1.2927 -0.62055 
-0.607735 -1.3047 -1.30677 -1.30475 -1.30673 -1.30673 -1.30475 -1.30877 -1.30674 -1.30674 -1.30679 -1.30679 -1.30674 -1.30679 -1.30674 -1.30476 -1.30679 -1.30674 -1.3068 -1.30674 -1.30475 -1.30679 -1.30877 -1.30475 -1.30674 -1.40308 -1.46014 -1.30678 -1.30475 -1.30673 -1.30675 -0.627297 
-0.614274 -1.31874 -1.32082 -1.31878 -1.32079 -1.32079 -1.31879 -1.32285 -1.3208 -1.32079 -1.32084 -1.32085 -1.3208 -1.32085 -1.3208 -1.31879 -1.32085 -1.3208 -1.32085 -1.3208 -1.31879 -1.32084 -1.32285 -1.31879 -1.3208 -1.41849 -1.47602 -1.32084 -1.31879 -1.32078 -1.32081 -0.634044 
-0.620811 -1.33277 -1.33488 -1.33281 -1.33484 -1.33484 -1.33282 -1.33693 -1.33485 -1.33485 -1.3349 -1.33491 -1.33485 -1.33491 -1.33485 -1.33283 -1.33491 -1.33486 -1.33491 -1.33485 -1.33282 -1.3349 -1.33693 -1.33282 -1.33485 -1.43388 -1.49184 -1.3349 -1.33282 -1.33484 -1.33487 -0.64079 
-0.627346 -1.3468 -1.34893 -1.34684 -1.34889 -1.34889 -1.34685 -1.351 -1.3489 -1.3489 -1.34895 -1.34896 -1.3489 -1.34896 -1.3489 -1.34686 -1.34896 -1.34891 -1.34896 -1.3489 -1.34685 -1.34895 -1.351 -1.34685 -1.3489 -1.44923 -1.50761 -1.34895 -1.34685 -1.34889 -1.34892 -0.647535 
-0.633883 -1.36083 -1.36298 -1.36088 -1.36295 -1.36295 -1.36088 -1.36508 -1.36296 -1.36295 -1.36301 -1.36301 -1.36296 -1.36302 -1.36296 -1.36089 -1.36301 -1.36296 -1.36302 -1.36296 -1.36089 -1.36301 -1.36508 -1.36089 -1.36296 -1.46458 -1.52334 -1.36301 -1.36089 -1.36295 -1.36297 -0.654284 
-0.640421 -1.37487 -1.37704 -1.37491 -1.37701 -1.37701 -1.37492 -1.37916 -1.37702 -1.37701 -1.37707 -1.37707 -1.37702 -1.37708 -1.37702 -1.37493 -1.37707 -1.37702 -1.37708 -1.37702 -1.37492 -1.37707 -1.37916 -1.37492 -1.37702 -1.4799 -1.53902 -1.37706 -1.37492 -1.377 -1.37703 -0.661032 
-0.646957 -1.3889 -1.3911 -1.38895 -1.39106 -1.39107 -1.38896 -1.39324 -1.39108 -1.39107 -1.39113 -1.39113 -1.39107 -1.39114 -1.39108 -1.38897 -1.39113 -1.39108 -1.39114 -1.39108 -1.38896 -1.39113 -1.39324 -1.38896 -1.39108 -1.4952 -1.55467 -1.39112 -1.38896 -1.39106 -1.39109 -0.667782 
-0.653874 -1.40372 -1.40594 -1.40377 -1.4059 -1.40591 -1.40377 -1.4081 -1.40591 -1.40591 -1.40596 -1.40597 -1.40591 -1.40597 -1.40591 -1.40378 -1.40597 -1.40592 -1.40597 -1.40592 -1.40378 -1.40596 -1.4081 -1.40378 -1.40591 -1.51132 -1.57112 -1.40596 -1.40378 -1.4059 -1.40593 -0.67489 
