0 0 0 0 0 0 0 0 0 0 0 0 0 0 0 0 0 0 0 0 0 0 0 0 0 0 0 0 0 0 0 0 
5.27507e-05 -2.1802e-05 2.2008e-05 1.37291e-07 1.37291e-07 -2.18021e-05 1.37291e-07 6.86455e-08 1.37291e-07 1.37291e-07 2.2008e-05 6.86456e-08 -2.18021e-05 2.2008e-05 1.37291e-07 1.37291e-07 6.86456e-08 -2.18021e-05 6.86457e-08 1.37291e-07 1.37291e-07 6.86455e-08 2.2008e-05 -2.18021e-05 1.37291e-07 2.2008e-05 -2.18021e-05 2.2008e-05 1.37291e-07 1.37291e-07 2.2008e-05 5.14463e-05 
0.000102582 -4.36043e-05 4.40162e-05 2.74583e-07 2.74583e-07 -4.36043e-05 2.74583e-07 1.37292e-07 2.74583e-07 2.74583e-07 4.40162e-05 1.37292e-07 -4.36043e-05 4.40162e-05 2.74583e-07 2.74583e-07 1.37292e-07 -4.36043e-05 1.37292e-07 2.74583e-07 2.74583e-07 1.37292e-07 4.40162e-05 -4.36043e-05 2.74583e-07 4.40162e-05 -4.36043e-05 4.40162e-05 2.74583e-07 2.74583e-07 4.40162e-05 9.98067e-05 
0.000152414 -6.54067e-05 6.60246e-05 4.11877e-07 4.11877e-07 -6.54068e-05 4.11877e-07 2.05938e-07 4.11877e-07 4.11876e-07 6.60246e-05 2.05938e-07 -6.54068e-05 6.60246e-05 4.11877e-07 4.11877e-07 2.05938e-07 -6.54067e-05 2.05939e-07 4.11877e-07 4.11876e-07 2.05938e-07 6.60246e-05 -6.54068e-05 4.11877e-07 6.60246e-05 -6.54067e-05 6.60246e-05 4.11876e-07 4.11877e-07 6.60246e-05 0.00014812 
0.000202198 -8.72094e-05 8.80332e-05 5.49172e-07 5.49172e-07 -8.72095e-05 5.49172e-07 2.74586e-07 5.49172e-07 5.49172e-07 8.80332e-05 2.74586e-07 -8.72094e-05 8.80332e-05 5.49172e-07 5.49172e-07 2.74585e-07 -8.72094e-05 2.74586e-07 5.49172e-07 5.49171e-07 2.74586e-07 8.80332e-05 -8.72095e-05 5.49172e-07 8.80333e-05 -8.72094e-05 8.80332e-05 5.49171e-07 5.49172e-07 8.80332e-05 0.000196445 
0.000251997 -0.000109012 0.000110042 6.86468e-07 6.86469e-07 -0.000109012 6.86468e-07 3.43234e-07 6.86468e-07 6.86468e-07 0.000110042 3.43234e-07 -0.000109012 0.000110042 6.86468e-07 6.86469e-07 3.43234e-07 -0.000109012 3.43234e-07 6.86469e-07 6.86467e-07 3.43234e-07 0.000110042 -0.000109012 6.86468e-07 0.000110042 -0.000109012 0.000110042 6.86468e-07 6.86469e-07 0.000110042 0.000244763 
0.000301803 -0.000130815 0.000132051 8.23767e-07 8.23768e-07 -0.000130816 8.23766e-07 4.11884e-07 8.23766e-07 8.23766e-07 0.000132051 4.11884e-07 -0.000130816 0.000132051 8.23766e-07 8.23767e-07 4.11883e-07 -0.000130816 4.11883e-07 8.23767e-07 8.23766e-07 4.11883e-07 0.000132051 -0.000130816 8.23766e-07 0.000132051 -0.000130816 0.000132051 8.23766e-07 8.23767e-07 0.000132051 0.000293084 
0.000351595 -0.000152619 0.000154061 9.61067e-07 9.61068e-07 -0.000152619 9.61066e-07 4.80534e-07 9.61067e-07 9.61067e-07 0.000154061 4.80534e-07 -0.000152619 0.000154061 9.61067e-07 9.61067e-07 4.80533e-07 -0.000152619 4.80533e-07 9.61067e-07 9.61066e-07 4.80533e-07 0.000154061 -0.000152619 9.61067e-07 0.000154061 -0.000152619 0.000154061 9.61067e-07 9.61067e-07 0.000154061 0.000341404 
0.000401391 -0.000174423 0.00017607 1.09837e-06 1.09837e-06 -0.000174423 1.09837e-06 5.49185e-07 1.09837e-06 1.09837e-06 0.00017607 5.49185e-07 -0.000174423 0.000176071 1.09837e-06 1.09837e-06 5.49184e-07 -0.000174423 5.49184e-07 1.09837e-06 1.09837e-06 5.49185e-07 0.000176071 -0.000174423 1.09837e-06 0.000176071 -0.000174423 0.000176071 1.09837e-06 1.09837e-06 0.000176071 0.000389731 
0.000451168 -0.000196227 0.000198081 1.23567e-06 1.23568e-06 -0.000196227 1.23567e-06 6.17837e-07 1.23567e-06 1.23567e-06 0.000198081 6.17837e-07 -0.000196227 0.000198081 1.23567e-06 1.23567e-06 6.17838e-07 -0.000196227 6.17837e-07 1.23567e-06 1.23567e-06 6.17837e-07 0.000198081 -0.000196227 1.23567e-06 0.000198081 -0.000196227 0.000198081 1.23567e-06 1.23567e-06 0.000198081 0.000438068 
0.000500945 -0.000218032 0.000220091 1.37298e-06 1.37298e-06 -0.000218032 1.37298e-06 6.86491e-07 1.37298e-06 1.37298e-06 0.000220091 6.86491e-07 -0.000218032 0.000220091 1.37298e-06 1.37298e-06 6.86491e-07 -0.000218032 6.86491e-07 1.37298e-06 1.37298e-06 6.8649e-07 0.000220091 -0.000218032 1.37298e-06 0.000220091 -0.000218032 0.000220092 1.37298e-06 1.37298e-06 0.000220091 0.000486391 
0.00055072 -0.000239836 0.000242102 1.51029e-06 1.51029e-06 -0.000239837 1.51029e-06 7.55146e-07 1.51029e-06 1.51029e-06 0.000242102 7.55146e-07 -0.000239837 0.000242102 1.51029e-06 1.51029e-06 7.55147e-07 -0.000239837 7.55146e-07 1.51029e-06 1.51029e-06 7.55145e-07 0.000242103 -0.000239837 1.51029e-06 0.000242102 -0.000239837 0.000242103 1.51029e-06 1.51029e-06 0.000242102 0.000534736 
0.000600526 -0.000261642 0.000264114 1.6476e-06 1.64761e-06 -0.000261643 1.6476e-06 8.23802e-07 1.6476e-06 1.6476e-06 0.000264114 8.23802e-07 -0.000261643 0.000264114 1.64761e-06 1.6476e-06 8.23803e-07 -0.000261642 8.23802e-07 1.6476e-06 1.6476e-06 8.23802e-07 0.000264114 -0.000261643 1.6476e-06 0.000264114 -0.000261642 0.000264114 1.6476e-06 1.64761e-06 0.000264114 0.000583077 
0.000650315 -0.000283448 0.000286126 1.78492e-06 1.78492e-06 -0.000283449 1.78492e-06 8.9246e-07 1.78492e-06 1.78492e-06 0.000286126 8.9246e-07 -0.000283449 0.000286126 1.78492e-06 1.78492e-06 8.9246e-07 -0.000283448 8.9246e-07 1.78492e-06 1.78492e-06 8.9246e-07 0.000286126 -0.000283449 1.78492e-06 0.000286126 -0.000283448 0.000286126 1.78492e-06 1.78492e-06 0.000286126 0.000631431 
0.000700109 -0.000305254 0.000308138 1.92224e-06 1.92224e-06 -0.000305255 1.92224e-06 9.6112e-07 1.92224e-06 1.92224e-06 0.000308138 9.61119e-07 -0.000305255 0.000308138 1.92224e-06 1.92224e-06 9.6112e-07 -0.000305255 9.61119e-07 1.92224e-06 1.92224e-06 9.61119e-07 0.000308138 -0.000305255 1.92224e-06 0.000308138 -0.000305255 0.000308139 1.92224e-06 1.92224e-06 0.000308138 0.000679769 
0.000749921 -0.000327061 0.000330151 2.05956e-06 2.05956e-06 -0.000327062 2.05956e-06 1.02978e-06 2.05956e-06 2.05956e-06 0.000330151 1.02978e-06 -0.000327062 0.000330151 2.05956e-06 2.05956e-06 1.02978e-06 -0.000327062 1.02978e-06 2.05956e-06 2.05956e-06 1.02978e-06 0.000330152 -0.000327062 2.05956e-06 0.000330151 -0.000327062 0.000330152 2.05956e-06 2.05956e-06 0.000330151 0.000728097 
0.00079972 -0.000348868 0.000352165 2.19689e-06 2.19689e-06 -0.00034887 2.19688e-06 1.09844e-06 2.19689e-06 2.19689e-06 0.000352165 1.09844e-06 -0.00034887 0.000352165 2.19689e-06 2.19689e-06 1.09844e-06 -0.000348869 1.09844e-06 2.19689e-06 2.19689e-06 1.09844e-06 0.000352165 -0.00034887 2.19689e-06 0.000352165 -0.00034887 0.000352165 2.19689e-06 2.19689e-06 0.000352165 0.000776426 
0.000849532 -0.000370676 0.000374179 2.33422e-06 2.33422e-06 -0.000370678 2.33421e-06 1.16711e-06 2.33422e-06 2.33421e-06 0.000374179 1.16711e-06 -0.000370678 0.000374179 2.33422e-06 2.33422e-06 1.16711e-06 -0.000370678 1.16711e-06 2.33422e-06 2.33422e-06 1.16711e-06 0.000374179 -0.000370678 2.33422e-06 0.000374179 -0.000370678 0.000374179 2.33422e-06 2.33422e-06 0.000374179 0.000824775 
0.000899332 -0.000392485 0.000396193 2.47155e-06 2.47155e-06 -0.000392487 2.47155e-06 1.23578e-06 2.47155e-06 2.47155e-06 0.000396194 1.23578e-06 -0.000392487 0.000396194 2.47155e-06 2.47155e-06 1.23578e-06 -0.000392486 1.23577e-06 2.47155e-06 2.47155e-06 1.23577e-06 0.000396194 -0.000392487 2.47155e-06 0.000396194 -0.000392486 0.000396194 2.47155e-06 2.47155e-06 0.000396194 0.00087311 
0.000949177 -0.000414294 0.000418209 2.60888e-06 2.60889e-06 -0.000414296 2.60888e-06 1.30445e-06 2.60889e-06 2.60889e-06 0.000418209 1.30445e-06 -0.000414296 0.000418209 2.60889e-06 2.60889e-06 1.30444e-06 -0.000414296 1.30444e-06 2.60889e-06 2.60889e-06 1.30444e-06 0.000418209 -0.000414296 2.60889e-06 0.000418209 -0.000414296 0.000418209 2.60889e-06 2.60889e-06 0.000418209 0.000921465 
0.000998991 -0.000436104 0.000440225 2.74623e-06 2.74623e-06 -0.000436106 2.74623e-06 1.37312e-06 2.74623e-06 2.74623e-06 0.000440225 1.37312e-06 -0.000436106 0.000440226 2.74623e-06 2.74623e-06 1.37312e-06 -0.000436106 1.37311e-06 2.74623e-06 2.74623e-06 1.37311e-06 0.000440226 -0.000436106 2.74623e-06 0.000440225 -0.000436106 0.000440225 2.74623e-06 2.74623e-06 0.000440225 0.000969806 
0.00104879 -0.000457915 0.000462241 2.88357e-06 2.88357e-06 -0.000457917 2.88357e-06 1.44179e-06 2.88358e-06 2.88357e-06 0.000462242 1.44179e-06 -0.000457917 0.000462242 2.88358e-06 2.88357e-06 1.44179e-06 -0.000457916 1.44179e-06 2.88358e-06 2.88357e-06 1.44179e-06 0.000462242 -0.000457917 2.88357e-06 0.000462242 -0.000457917 0.000462242 2.88357e-06 2.88358e-06 0.000462241 0.00101816 
0.00109862 -0.000479726 0.000484259 3.02092e-06 3.02092e-06 -0.000479728 3.02092e-06 1.51046e-06 3.02093e-06 3.02092e-06 0.000484259 1.51046e-06 -0.000479729 0.00048426 3.02093e-06 3.02092e-06 1.51046e-06 -0.000479728 1.51046e-06 3.02093e-06 3.02092e-06 1.51046e-06 0.00048426 -0.000479728 3.02092e-06 0.000484259 -0.000479728 0.000484259 3.02092e-06 3.02093e-06 0.000484259 0.00106651 
0.00114845 -0.000501537 0.000506277 3.15828e-06 3.15828e-06 -0.00050154 3.15828e-06 1.57914e-06 3.15828e-06 3.15828e-06 0.000506277 1.57914e-06 -0.000501541 0.000506278 3.15828e-06 3.15828e-06 1.57914e-06 -0.00050154 1.57914e-06 3.15828e-06 3.15827e-06 1.57914e-06 0.000506278 -0.00050154 3.15828e-06 0.000506277 -0.00050154 0.000506278 3.15828e-06 3.15828e-06 0.000506277 0.00111487 
0.00119827 -0.00052335 0.000528295 3.29563e-06 3.29563e-06 -0.000523353 3.29563e-06 1.64782e-06 3.29564e-06 3.29563e-06 0.000528296 1.64782e-06 -0.000523354 0.000528297 3.29564e-06 3.29564e-06 1.64782e-06 -0.000523353 1.64782e-06 3.29564e-06 3.29563e-06 1.64782e-06 0.000528296 -0.000523353 3.29564e-06 0.000528296 -0.000523353 0.000528296 3.29564e-06 3.29564e-06 0.000528295 0.00116325 
0.00124809 -0.000545163 0.000550315 3.433e-06 3.433e-06 -0.000545166 3.433e-06 1.7165e-06 3.433e-06 3.433e-06 0.000550316 1.7165e-06 -0.000545167 0.000550317 3.433e-06 3.433e-06 1.7165e-06 -0.000545166 1.7165e-06 3.433e-06 3.433e-06 1.7165e-06 0.000550316 -0.000545167 3.433e-06 0.000550316 -0.000545167 0.000550316 3.433e-06 3.433e-06 0.000550314 0.00121161 
0.00129791 -0.000566977 0.000572335 3.57036e-06 3.57036e-06 -0.000566981 3.57037e-06 1.78519e-06 3.57037e-06 3.57036e-06 0.000572336 1.78519e-06 -0.000566982 0.000572337 3.57037e-06 3.57037e-06 1.78519e-06 -0.000566981 1.78518e-06 3.57037e-06 3.57036e-06 1.78519e-06 0.000572336 -0.000566981 3.57037e-06 0.000572336 -0.000566981 0.000572336 3.57037e-06 3.57037e-06 0.000572334 0.00125995 
0.00134772 -0.000588791 0.000594356 3.70774e-06 3.70774e-06 -0.000588796 3.70774e-06 1.85387e-06 3.70774e-06 3.70774e-06 0.000594357 1.85387e-06 -0.000588797 0.000594358 3.70775e-06 3.70774e-06 1.85387e-06 -0.000588796 1.85387e-06 3.70774e-06 3.70774e-06 1.85387e-06 0.000594357 -0.000588796 3.70774e-06 0.000594357 -0.000588796 0.000594357 3.70774e-06 3.70774e-06 0.000594355 0.00130832 
0.00139755 -0.000610606 0.000616377 3.84511e-06 3.84511e-06 -0.000610611 3.84511e-06 1.92256e-06 3.84512e-06 3.84511e-06 0.000616379 1.92256e-06 -0.000610613 0.00061638 3.84512e-06 3.84512e-06 1.92256e-06 -0.000610612 1.92256e-06 3.84512e-06 3.84511e-06 1.92256e-06 0.000616379 -0.000610612 3.84512e-06 0.000616379 -0.000610612 0.000616379 3.84512e-06 3.84511e-06 0.000616377 0.0013567 
0.00144735 -0.000632422 0.000638399 3.98249e-06 3.98249e-06 -0.000632428 3.9825e-06 1.99125e-06 3.9825e-06 3.98249e-06 0.000638402 1.99125e-06 -0.000632429 0.000638403 3.9825e-06 3.9825e-06 1.99125e-06 -0.000632428 1.99125e-06 3.9825e-06 3.98249e-06 1.99125e-06 0.000638402 -0.000632428 3.9825e-06 0.000638401 -0.000632428 0.000638401 3.9825e-06 3.98249e-06 0.000638399 0.00140508 
0.00149717 -0.000654239 0.000660422 4.11988e-06 4.11988e-06 -0.000654245 4.11988e-06 2.05994e-06 4.11989e-06 4.11988e-06 0.000660425 2.05995e-06 -0.000654247 0.000660426 4.11989e-06 4.11989e-06 2.05994e-06 -0.000654245 2.05994e-06 4.11989e-06 4.11988e-06 2.05995e-06 0.000660425 -0.000654246 4.11989e-06 0.000660425 -0.000654245 0.000660424 4.11989e-06 4.11988e-06 0.000660422 0.00145346 
0.00154699 -0.000676056 0.000682446 4.25727e-06 4.25727e-06 -0.000676063 4.25727e-06 2.12864e-06 4.25728e-06 4.25727e-06 0.000682449 2.12864e-06 -0.000676065 0.00068245 4.25728e-06 4.25728e-06 2.12864e-06 -0.000676063 2.12864e-06 4.25728e-06 4.25727e-06 2.12864e-06 0.000682449 -0.000676063 4.25728e-06 0.000682449 -0.000676063 0.000682448 4.25728e-06 4.25727e-06 0.000682445 0.00150181 
0.00159684 -0.000697875 0.000704471 4.39467e-06 4.39467e-06 -0.000697882 4.39467e-06 2.19734e-06 4.39468e-06 4.39466e-06 0.000704474 2.19734e-06 -0.000697883 0.000704475 4.39468e-06 4.39467e-06 2.19734e-06 -0.000697882 2.19734e-06 4.39467e-06 4.39466e-06 2.19734e-06 0.000704474 -0.000697882 4.39467e-06 0.000704473 -0.000697882 0.000704473 4.39467e-06 4.39466e-06 0.00070447 0.00155017 
0.00164666 -0.000719694 0.000726496 4.53207e-06 4.53207e-06 -0.000719701 4.53207e-06 2.26604e-06 4.53208e-06 4.53206e-06 0.000726499 2.26604e-06 -0.000719703 0.0007265 4.53208e-06 4.53207e-06 2.26604e-06 -0.000719701 2.26604e-06 4.53207e-06 4.53206e-06 2.26604e-06 0.000726499 -0.000719701 4.53207e-06 0.000726499 -0.000719702 0.000726498 4.53207e-06 4.53206e-06 0.000726495 0.00159853 
0.00169649 -0.000741513 0.000748522 4.66947e-06 4.66947e-06 -0.000741521 4.66947e-06 2.33474e-06 4.66948e-06 4.66947e-06 0.000748525 2.33474e-06 -0.000741523 0.000748526 4.66948e-06 4.66948e-06 2.33474e-06 -0.000741522 2.33474e-06 4.66948e-06 4.66947e-06 2.33474e-06 0.000748526 -0.000741522 4.66948e-06 0.000748525 -0.000741522 0.000748524 4.66948e-06 4.66947e-06 0.000748521 0.00164689 
0.00174629 -0.000763334 0.000770549 4.80688e-06 4.80688e-06 -0.000763342 4.80688e-06 2.40344e-06 4.80689e-06 4.80688e-06 0.000770552 2.40345e-06 -0.000763344 0.000770553 4.80689e-06 4.80689e-06 2.40345e-06 -0.000763343 2.40344e-06 4.80688e-06 4.80687e-06 2.40345e-06 0.000770553 -0.000763343 4.80689e-06 0.000770552 -0.000763343 0.000770551 4.80689e-06 4.80688e-06 0.000770547 0.0016953 
0.00179612 -0.000785155 0.000792576 4.94429e-06 4.94429e-06 -0.000785163 4.9443e-06 2.47215e-06 4.94431e-06 4.94429e-06 0.00079258 2.47216e-06 -0.000785166 0.000792581 4.94431e-06 4.9443e-06 2.47215e-06 -0.000785164 2.47215e-06 4.9443e-06 4.94429e-06 2.47215e-06 0.000792581 -0.000785164 4.9443e-06 0.00079258 -0.000785164 0.000792578 4.9443e-06 4.94429e-06 0.000792574 0.00174366 
0.00184597 -0.000806976 0.000814604 5.08171e-06 5.08171e-06 -0.000806986 5.08171e-06 2.54086e-06 5.08173e-06 5.08171e-06 0.000814608 2.54087e-06 -0.000806988 0.000814609 5.08173e-06 5.08172e-06 2.54086e-06 -0.000806987 2.54086e-06 5.08172e-06 5.08171e-06 2.54086e-06 0.000814609 -0.000806987 5.08172e-06 0.000814608 -0.000806986 0.000814607 5.08172e-06 5.08171e-06 0.000814602 0.00179201 
0.0018958 -0.000828799 0.000836633 5.21913e-06 5.21913e-06 -0.000828809 5.21914e-06 2.60957e-06 5.21915e-06 5.21913e-06 0.000836637 2.60958e-06 -0.000828811 0.000836638 5.21915e-06 5.21915e-06 2.60957e-06 -0.00082881 2.60957e-06 5.21914e-06 5.21913e-06 2.60957e-06 0.000836638 -0.00082881 5.21914e-06 0.000836637 -0.000828809 0.000836636 5.21914e-06 5.21913e-06 0.000836631 0.00184039 
0.00194563 -0.000850621 0.000858663 5.35656e-06 5.35656e-06 -0.000850633 5.35657e-06 2.67829e-06 5.35658e-06 5.35656e-06 0.000858667 2.67829e-06 -0.000850635 0.000858668 5.35658e-06 5.35657e-06 2.67829e-06 -0.000850633 2.67829e-06 5.35657e-06 5.35656e-06 2.67829e-06 0.000858668 -0.000850634 5.35657e-06 0.000858667 -0.000850633 0.000858666 5.35657e-06 5.35656e-06 0.00085866 0.00188876 
0.00199545 -0.000872445 0.000880693 5.49399e-06 5.49399e-06 -0.000872457 5.494e-06 2.747e-06 5.49401e-06 5.49399e-06 0.000880698 2.74701e-06 -0.00087246 0.00085875 5.49401e-06 5.49401e-06 2.747e-06 -0.000872458 2.747e-06 5.494e-06 5.49399e-06 2.747e-06 0.000880699 -0.000872458 5.494e-06 0.000880697 -0.000872458 0.000880696 5.494e-06 5.49399e-06 0.00088069 0.00193712 
0.00204529 -0.000894269 0.000902724 5.63142e-06 5.63143e-06 -0.000894282 5.63144e-06 2.81572e-06 5.63145e-06 5.63143e-06 0.000902729 2.81573e-06 -0.000894285 0.000858832 5.63145e-06 5.63144e-06 2.81572e-06 -0.000894283 2.81572e-06 5.63144e-06 5.63143e-06 2.81572e-06 0.00090273 -0.000894283 5.63143e-06 0.000902728 -0.000894283 0.000902727 5.63143e-06 5.63142e-06 0.000902721 0.00198551 
0.00209514 -0.000916094 0.000924756 5.76886e-06 5.76887e-06 -0.000916108 5.76888e-06 2.88444e-06 5.76889e-06 5.76887e-06 0.000924761 2.88445e-06 -0.000916111 0.000858914 5.76889e-06 5.76888e-06 2.88444e-06 -0.000916109 2.88444e-06 5.76888e-06 5.76887e-06 2.88444e-06 0.000924762 -0.000916109 5.76887e-06 0.00092476 -0.000916109 0.000924759 5.76887e-06 5.76886e-06 0.000924752 0.00203389 
0.00214499 -0.00093792 0.000946788 5.90631e-06 5.90631e-06 -0.000937935 5.90633e-06 2.95316e-06 5.90634e-06 5.90632e-06 0.000946794 2.95317e-06 -0.000937937 0.000858996 5.90633e-06 5.90633e-06 2.95317e-06 -0.000937936 2.95316e-06 5.90632e-06 5.90631e-06 2.95316e-06 0.000946795 -0.000937936 5.90632e-06 0.000946793 -0.000937936 0.000946791 5.90632e-06 5.90631e-06 0.000946784 0.00208229 
0.00219484 -0.000959747 0.000968821 6.04375e-06 6.04376e-06 -0.000959762 6.04378e-06 3.02189e-06 6.04379e-06 6.04376e-06 0.000968827 3.0219e-06 -0.000959764 0.000859078 6.04378e-06 6.04378e-06 3.02189e-06 -0.000959763 3.02189e-06 6.04377e-06 6.04376e-06 3.02189e-06 0.000968828 -0.000959763 6.04376e-06 0.000968826 -0.000959763 0.000968824 6.04377e-06 6.04375e-06 0.000968817 0.00213069 
0.00224468 -0.000981574 0.000990854 6.18121e-06 6.18121e-06 -0.000981589 6.18123e-06 3.09061e-06 6.18124e-06 6.18122e-06 0.000990861 3.09063e-06 -0.000981592 0.000859159 6.18124e-06 6.18123e-06 3.09062e-06 -0.000981591 3.09062e-06 6.18122e-06 6.18121e-06 3.09061e-06 0.000990862 -0.00098159 6.18122e-06 0.00099086 -0.000981591 0.000990858 6.18122e-06 6.18121e-06 0.00099085 0.00217908 
0.00229451 -0.0010034 0.00101289 6.31866e-06 6.31867e-06 -0.00100342 6.31869e-06 3.15934e-06 6.3187e-06 6.31868e-06 0.0010129 3.15935e-06 -0.00100342 0.000859241 6.3187e-06 6.31869e-06 3.15935e-06 -0.00100342 3.15934e-06 6.31868e-06 6.31867e-06 3.15934e-06 0.0010129 -0.00100342 6.31867e-06 0.00101289 -0.00100342 0.00101289 6.31868e-06 6.31866e-06 0.00101288 0.00222745 
0.00234438 -0.00102523 0.00103492 6.45613e-06 6.45613e-06 -0.00102525 6.45615e-06 3.22808e-06 6.45616e-06 6.45614e-06 0.00103493 3.22809e-06 -0.00102525 0.000859323 6.45616e-06 6.45615e-06 3.22808e-06 -0.00102525 3.22808e-06 6.45614e-06 6.45613e-06 3.22807e-06 0.00103493 -0.00102525 6.45613e-06 0.00103493 -0.00102525 0.00103493 6.45614e-06 6.45612e-06 0.00103492 0.00227585 
0.00239424 -0.00104706 0.00105696 6.59359e-06 6.59359e-06 -0.00104708 6.59362e-06 3.29681e-06 6.59363e-06 6.5936e-06 0.00105697 3.29682e-06 -0.00104708 0.000859405 6.59363e-06 6.59362e-06 3.29681e-06 -0.00104708 3.29681e-06 6.59361e-06 6.5936e-06 3.29681e-06 0.00105697 -0.00104708 6.5936e-06 0.00105697 -0.00104708 0.00105696 6.59361e-06 6.59359e-06 0.00105695 0.00232426 
0.0024441 -0.00106889 0.001079 6.73106e-06 6.73106e-06 -0.00106891 6.73109e-06 3.36554e-06 6.7311e-06 6.73107e-06 0.001079 3.36556e-06 -0.00106891 0.000859487 6.7311e-06 6.73109e-06 3.36554e-06 -0.00106891 3.36555e-06 6.73108e-06 6.73107e-06 3.36554e-06 0.00107901 -0.00106891 6.73107e-06 0.001079 -0.00106891 0.001079 6.73108e-06 6.73106e-06 0.00107899 0.00237263 
0.00249397 -0.00109072 0.00110103 6.86854e-06 6.86854e-06 -0.00109074 6.86857e-06 3.43428e-06 6.86858e-06 6.86855e-06 0.00110104 3.43429e-06 -0.00109074 0.000859569 6.86857e-06 6.86856e-06 3.43428e-06 -0.00109074 3.43428e-06 6.86856e-06 6.86854e-06 3.43428e-06 0.00110104 -0.00109074 6.86854e-06 0.00110104 -0.00109074 0.00110104 6.86855e-06 6.86853e-06 0.00110103 0.00242102 
0.00254379 -0.00111255 0.00112307 7.00601e-06 7.00601e-06 -0.00111257 7.00604e-06 3.50302e-06 7.00606e-06 7.00603e-06 0.00112308 3.50303e-06 -0.00111257 0.000859651 7.00605e-06 7.00604e-06 3.50302e-06 -0.00111257 3.50302e-06 7.00604e-06 7.00602e-06 3.50302e-06 0.00112308 -0.00111257 7.00602e-06 0.00112308 -0.00111257 0.00112308 7.00603e-06 7.00601e-06 0.00112306 0.0024694 
0.00259366 -0.00113438 0.00114511 7.1435e-06 7.1435e-06 -0.0011344 7.14353e-06 3.57176e-06 7.14354e-06 7.14351e-06 0.00114512 3.57177e-06 -0.00113441 0.000859733 7.14353e-06 7.14353e-06 3.57176e-06 -0.00113441 3.57177e-06 7.14352e-06 7.14351e-06 3.57176e-06 0.00114512 -0.0011344 7.14351e-06 0.00114512 -0.0011344 0.00114511 7.14351e-06 7.14349e-06 0.0011451 0.0025178 
0.00264356 -0.00115621 0.00116715 7.28098e-06 7.28098e-06 -0.00115623 7.28101e-06 3.6405e-06 7.28103e-06 7.281e-06 0.00116716 3.64052e-06 -0.00115624 0.000859815 7.28102e-06 7.28101e-06 3.64051e-06 -0.00115624 3.64051e-06 7.28101e-06 7.28099e-06 3.6405e-06 0.00116716 -0.00115624 7.28099e-06 0.00116715 -0.00115624 0.00116715 7.281e-06 7.28097e-06 0.00116714 0.00256618 
0.00269342 -0.00117805 0.00118919 7.41847e-06 7.41847e-06 -0.00117807 7.4185e-06 3.70925e-06 7.41852e-06 7.41849e-06 0.0011892 3.70926e-06 -0.00117807 0.000859896 7.41851e-06 7.41851e-06 3.70925e-06 -0.00117807 3.70926e-06 7.4185e-06 7.41849e-06 3.70925e-06 0.0011892 -0.00117807 7.41848e-06 0.00118919 -0.00117807 0.00118919 7.41849e-06 7.41846e-06 0.00118918 0.00261457 
0.00274329 -0.00119988 0.00121123 7.55597e-06 7.55597e-06 -0.0011999 7.556e-06 3.778e-06 7.55602e-06 7.55599e-06 0.00121124 3.77801e-06 -0.00119991 0.000859978 7.55601e-06 7.556e-06 3.778e-06 -0.00119991 3.778e-06 7.556e-06 7.55598e-06 3.77799e-06 0.00121124 -0.00119991 7.55598e-06 0.00121124 -0.00119991 0.00121123 7.55599e-06 7.55596e-06 0.00121122 0.00266295 
0.00279317 -0.00122171 0.00123327 7.69346e-06 7.69347e-06 -0.00122174 7.6935e-06 3.84675e-06 7.69352e-06 7.69349e-06 0.00123328 3.84676e-06 -0.00122174 0.00086006 7.69351e-06 7.69351e-06 3.84675e-06 -0.00122174 3.84675e-06 7.6935e-06 7.69348e-06 3.84674e-06 0.00123328 -0.00122174 7.69348e-06 0.00123328 -0.00122174 0.00123327 7.69349e-06 7.69345e-06 0.00123326 0.00271134 
0.00284304 -0.00124355 0.00125531 7.83097e-06 7.83097e-06 -0.00124357 7.831e-06 3.9155e-06 7.83102e-06 7.831e-06 0.00125532 3.91551e-06 -0.00124358 0.000860142 7.83101e-06 7.83101e-06 3.9155e-06 -0.00124358 3.91551e-06 7.831e-06 7.83099e-06 3.91549e-06 0.00125532 -0.00124358 7.83098e-06 0.00125532 -0.00124358 0.00125532 7.83099e-06 7.83096e-06 0.0012553 0.00275973 
0.00289291 -0.00126538 0.00127735 7.96847e-06 7.96848e-06 -0.00126541 7.96851e-06 3.98425e-06 7.96853e-06 7.9685e-06 0.00127737 3.98426e-06 -0.00126541 0.000860224 7.96852e-06 7.96852e-06 3.98425e-06 -0.00126541 3.98426e-06 7.96851e-06 7.9685e-06 3.98425e-06 0.00127737 -0.00126541 7.96849e-06 0.00127736 -0.00126541 0.00127736 7.96849e-06 7.96846e-06 0.00127734 0.00280813 
0.00294276 -0.00128722 0.00129939 8.10598e-06 8.10599e-06 -0.00128725 8.10602e-06 4.05301e-06 8.10604e-06 8.10601e-06 0.00129941 4.05302e-06 -0.00128725 0.000860306 8.10603e-06 8.10604e-06 4.05301e-06 -0.00128725 4.05301e-06 8.10602e-06 8.10601e-06 4.053e-06 0.00129941 -0.00128725 8.10601e-06 0.0012994 -0.00128725 0.0012994 8.106e-06 8.10597e-06 0.00129939 0.00285654 
0.00299261 -0.00130905 0.00132144 8.24349e-06 8.2435e-06 -0.00130908 8.24353e-06 4.12177e-06 8.24355e-06 8.24353e-06 0.00132145 4.12178e-06 -0.00130909 0.000860388 8.24355e-06 8.24356e-06 4.12177e-06 -0.00130909 4.12177e-06 8.24353e-06 8.24353e-06 4.12176e-06 0.00132145 -0.00130909 8.24352e-06 0.00132145 -0.00130909 0.00132145 8.24352e-06 8.24349e-06 0.00132143 0.00290493 
0.00304246 -0.00133089 0.00134348 8.38101e-06 8.38102e-06 -0.00133092 8.38105e-06 4.19053e-06 8.38107e-06 8.38105e-06 0.0013435 4.19054e-06 -0.00133093 0.00086047 8.38107e-06 8.38108e-06 4.19053e-06 -0.00133093 4.19053e-06 8.38105e-06 8.38105e-06 4.19052e-06 0.0013435 -0.00133093 8.38104e-06 0.00134349 -0.00133093 0.00134349 8.38104e-06 8.381e-06 0.00134347 0.00295335 
0.00309235 -0.00135273 0.00136553 8.51853e-06 8.51854e-06 -0.00135276 8.51857e-06 4.25929e-06 8.5186e-06 8.51857e-06 0.00136554 4.2593e-06 -0.00135276 0.000860552 8.51859e-06 8.5186e-06 4.25929e-06 -0.00135277 4.2593e-06 8.51858e-06 8.51857e-06 4.25928e-06 0.00136554 -0.00135276 8.51857e-06 0.00136554 -0.00135277 0.00136554 8.51856e-06 8.51853e-06 0.00136552 0.00300176 
0.00314221 -0.00137457 0.00138757 8.65606e-06 8.65607e-06 -0.0013746 8.6561e-06 4.32805e-06 8.65613e-06 8.6561e-06 0.00138759 4.32806e-06 -0.0013746 0.000860633 8.65612e-06 8.65613e-06 4.32805e-06 -0.00137461 4.32806e-06 8.65611e-06 8.6561e-06 4.32804e-06 0.00138759 -0.0013746 8.6561e-06 0.00138759 -0.0013746 0.00138758 8.65609e-06 8.65605e-06 0.00138756 0.00305019 
0.00319209 -0.00139641 0.00140962 8.79359e-06 8.7936e-06 -0.00139644 8.79363e-06 4.39682e-06 8.79366e-06 8.79363e-06 0.00140963 4.39683e-06 -0.00139644 0.000860715 8.79365e-06 8.79366e-06 4.39682e-06 -0.00139645 4.39683e-06 8.79364e-06 8.79363e-06 4.39681e-06 0.00140963 -0.00139644 8.79363e-06 0.00140963 -0.00139644 0.00140963 8.79362e-06 8.79358e-06 0.00140961 0.0030986 
0.00324198 -0.00141825 0.00143166 8.93113e-06 8.93114e-06 -0.00141828 8.93116e-06 4.46559e-06 8.9312e-06 8.93116e-06 0.00143168 4.4656e-06 -0.00141829 0.000860797 8.93119e-06 8.93119e-06 4.46559e-06 -0.00141829 4.4656e-06 8.93117e-06 8.93116e-06 4.46558e-06 0.00143168 -0.00141829 8.93116e-06 0.00143168 -0.00141829 0.00143167 8.93115e-06 8.93111e-06 0.00143165 0.003147 
0.00329185 -0.00144009 0.00145371 9.06867e-06 9.06867e-06 -0.00144012 9.0687e-06 4.53436e-06 9.06874e-06 9.0687e-06 0.00145373 4.53437e-06 -0.00144013 0.000860879 9.06873e-06 9.06873e-06 4.53436e-06 -0.00144013 4.53437e-06 9.06871e-06 9.06871e-06 4.53435e-06 0.00145373 -0.00144013 9.0687e-06 0.00145373 -0.00144013 0.00145372 9.06869e-06 9.06865e-06 0.0014537 0.0031954 
0.00334174 -0.00146193 0.00147576 9.20621e-06 9.20622e-06 -0.00146197 9.20624e-06 4.60313e-06 9.20628e-06 9.20624e-06 0.00147578 4.60314e-06 -0.00146197 0.000860961 9.20627e-06 9.20628e-06 4.60313e-06 -0.00146197 4.60314e-06 9.20626e-06 9.20625e-06 4.60312e-06 0.00147578 -0.00146197 9.20625e-06 0.00147578 -0.00146197 0.00147577 9.20623e-06 9.20619e-06 0.00147575 0.00324382 
0.00339162 -0.00148377 0.00149781 9.34376e-06 9.34376e-06 -0.00148381 9.34379e-06 4.6719e-06 9.34383e-06 9.34379e-06 0.00149783 4.67192e-06 -0.00148381 0.000861042 9.34382e-06 9.34382e-06 4.6719e-06 -0.00148382 4.67191e-06 9.34381e-06 9.3438e-06 4.67189e-06 0.00149783 -0.00148381 9.34379e-06 0.00149782 -0.00148381 0.00149782 9.34378e-06 9.34374e-06 0.0014978 0.00329223 
0.00344154 -0.00150561 0.00151986 9.48131e-06 9.48131e-06 -0.00150565 9.48134e-06 4.74068e-06 9.48138e-06 9.48134e-06 0.00151988 4.74069e-06 -0.00150565 0.000861124 9.48137e-06 9.48137e-06 4.74068e-06 -0.00150566 4.74069e-06 9.48136e-06 9.48135e-06 4.74067e-06 0.00151988 -0.00150565 9.48134e-06 0.00151987 -0.00150566 0.00151987 9.48133e-06 9.48128e-06 0.00151984 0.00334066 
0.00349143 -0.00152745 0.00154191 9.61886e-06 9.61886e-06 -0.0015275 9.61889e-06 4.80945e-06 9.61893e-06 9.61889e-06 0.00154193 4.80947e-06 -0.0015275 0.000861206 9.61892e-06 9.61893e-06 4.80946e-06 -0.0015275 4.80947e-06 9.61891e-06 9.6189e-06 4.80944e-06 0.00154193 -0.0015275 9.6189e-06 0.00154192 -0.0015275 0.00154192 9.61888e-06 9.61884e-06 0.00154189 0.00338908 
0.00354131 -0.0015493 0.00156396 9.75642e-06 9.75642e-06 -0.00154934 9.75645e-06 4.87823e-06 9.75649e-06 9.75645e-06 0.00156398 4.87825e-06 -0.00154934 0.000861287 9.75648e-06 9.75649e-06 4.87824e-06 -0.00154935 4.87825e-06 9.75647e-06 9.75646e-06 4.87822e-06 0.00156398 -0.00154934 9.75646e-06 0.00156397 -0.00154934 0.00156397 9.75644e-06 9.75639e-06 0.00156394 0.0034375 
0.00359121 -0.00157114 0.00158601 9.89398e-06 9.89398e-06 -0.00157118 9.89401e-06 4.94701e-06 9.89405e-06 9.89401e-06 0.00158603 4.94703e-06 -0.00157119 0.000861368 9.89403e-06 9.89405e-06 4.94702e-06 -0.00157119 4.94703e-06 9.89403e-06 9.89402e-06 4.947e-06 0.00158603 -0.00157119 9.89402e-06 0.00158603 -0.00157119 0.00158602 9.89399e-06 9.89395e-06 0.00158599 0.00348592 
0.00364112 -0.00159298 0.00160806 1.00315e-05 1.00315e-05 -0.00159303 1.00316e-05 5.01579e-06 1.00316e-05 1.00316e-05 0.00160808 5.01581e-06 -0.00159303 0.00086145 1.00316e-05 1.00316e-05 5.0158e-06 -0.00159304 5.01581e-06 1.00316e-05 1.00316e-05 5.01578e-06 0.00160808 -0.00159303 1.00316e-05 0.00160808 -0.00159303 0.00160807 1.00316e-05 1.00315e-05 0.00160804 0.00353436 
0.00369102 -0.00161483 0.00163011 1.01691e-05 1.01691e-05 -0.00161487 1.01691e-05 5.08458e-06 1.01692e-05 1.01691e-05 0.00163013 5.0846e-06 -0.00161488 0.000861531 1.01692e-05 1.01692e-05 5.08459e-06 -0.00161488 5.0846e-06 1.01692e-05 1.01691e-05 5.08456e-06 0.00163013 -0.00161488 1.01691e-05 0.00163013 -0.00161488 0.00163012 1.01691e-05 1.01691e-05 0.00163009 0.00358281 
0.00374091 -0.00163667 0.00165216 1.03067e-05 1.03067e-05 -0.00163672 1.03067e-05 5.15336e-06 1.03068e-05 1.03067e-05 0.00165218 5.15338e-06 -0.00163673 0.000861612 1.03067e-05 1.03067e-05 5.15337e-06 -0.00163673 5.15338e-06 1.03067e-05 1.03067e-05 5.15335e-06 0.00165218 -0.00163672 1.03067e-05 0.00165218 -0.00163673 0.00165218 1.03067e-05 1.03066e-05 0.00165215 0.00363125 
0.00379081 -0.00165852 0.00167421 1.04442e-05 1.04443e-05 -0.00165857 1.04443e-05 5.22215e-06 1.04443e-05 1.04443e-05 0.00167424 5.22217e-06 -0.00165857 0.000861693 1.04443e-05 1.04443e-05 5.22216e-06 -0.00165858 5.22217e-06 1.04443e-05 1.04443e-05 5.22213e-06 0.00167424 -0.00165857 1.04443e-05 0.00167424 -0.00165857 0.00167423 1.04443e-05 1.04442e-05 0.0016742 0.00367966 
0.00384069 -0.00168036 0.00169627 1.05818e-05 1.05818e-05 -0.00168041 1.05819e-05 5.29094e-06 1.05819e-05 1.05819e-05 0.00169629 5.29095e-06 -0.00168042 0.000861774 1.05819e-05 1.05819e-05 5.29095e-06 -0.00168043 5.29096e-06 1.05819e-05 1.05819e-05 5.29092e-06 0.00169629 -0.00168042 1.05819e-05 0.00169629 -0.00168042 0.00169628 1.05818e-05 1.05818e-05 0.00169625 0.0037281 
0.0038906 -0.00170221 0.00171832 1.07194e-05 1.07194e-05 -0.00170226 1.07194e-05 5.35973e-06 1.07195e-05 1.07194e-05 0.00171835 5.35974e-06 -0.00170227 0.000861855 1.07195e-05 1.07195e-05 5.35974e-06 -0.00170227 5.35975e-06 1.07195e-05 1.07194e-05 5.35971e-06 0.00171834 -0.00170227 1.07194e-05 0.00171834 -0.00170227 0.00171834 1.07194e-05 1.07194e-05 0.0017183 0.00377655 
0.00394046 -0.00172406 0.00174038 1.0857e-05 1.0857e-05 -0.00172411 1.0857e-05 5.42852e-06 1.08571e-05 1.0857e-05 0.0017404 5.42854e-06 -0.00172412 0.000861936 1.0857e-05 1.08571e-05 5.42853e-06 -0.00172412 5.42854e-06 1.0857e-05 1.0857e-05 5.4285e-06 0.0017404 -0.00172411 1.0857e-05 0.0017404 -0.00172412 0.00174039 1.0857e-05 1.0857e-05 0.00174036 0.00382499 
0.00399036 -0.0017459 0.00176243 1.09946e-05 1.09946e-05 -0.00174596 1.09946e-05 5.49731e-06 1.09946e-05 1.09946e-05 0.00176245 5.49733e-06 -0.00174596 0.000862016 1.09946e-05 1.09946e-05 5.49732e-06 -0.00174597 5.49733e-06 1.09946e-05 1.09946e-05 5.49729e-06 0.00176245 -0.00174596 1.09946e-05 0.00176245 -0.00174597 0.00176245 1.09946e-05 1.09945e-05 0.00176241 0.00387343 
0.00404025 -0.00176775 0.00178448 1.11321e-05 1.11322e-05 -0.00176781 1.11322e-05 5.5661e-06 1.11322e-05 1.11322e-05 0.00178451 5.56612e-06 -0.00176781 0.000862097 1.11322e-05 1.11322e-05 5.56611e-06 -0.00176782 5.56613e-06 1.11322e-05 1.11322e-05 5.56608e-06 0.00178451 -0.00176781 1.11322e-05 0.00178451 -0.00176782 0.0017845 1.11322e-05 1.11321e-05 0.00178447 0.00392186 
0.00409017 -0.0017896 0.00180654 1.12697e-05 1.12697e-05 -0.00178966 1.12698e-05 5.6349e-06 1.12698e-05 1.12698e-05 0.00180656 5.63492e-06 -0.00178966 0.000862178 1.12698e-05 1.12698e-05 5.63491e-06 -0.00178967 5.63492e-06 1.12698e-05 1.12698e-05 5.63488e-06 0.00180656 -0.00178966 1.12698e-05 0.00180656 -0.00178966 0.00180656 1.12698e-05 1.12697e-05 0.00180652 0.00397028 
0.00414005 -0.00181145 0.00182859 1.14073e-05 1.14073e-05 -0.00181151 1.14074e-05 5.70369e-06 1.14074e-05 1.14074e-05 0.00182862 5.70371e-06 -0.00181151 0.000862258 1.14074e-05 1.14074e-05 5.7037e-06 -0.00181152 5.70372e-06 1.14074e-05 1.14074e-05 5.70367e-06 0.00182862 -0.00181151 1.14074e-05 0.00182862 -0.00181151 0.00182861 1.14074e-05 1.14073e-05 0.00182858 0.00401871 
0.00418995 -0.00183329 0.00185065 1.15449e-05 1.15449e-05 -0.00183336 1.1545e-05 5.77249e-06 1.1545e-05 1.1545e-05 0.00185068 5.77251e-06 -0.00183336 0.000862338 1.1545e-05 1.1545e-05 5.7725e-06 -0.00183337 5.77251e-06 1.1545e-05 1.1545e-05 5.77247e-06 0.00185068 -0.00183336 1.1545e-05 0.00185068 -0.00183336 0.00185067 1.15449e-05 1.15449e-05 0.00185063 0.00406713 
0.00423982 -0.00185514 0.00187271 1.16825e-05 1.16825e-05 -0.0018552 1.16825e-05 5.84129e-06 1.16826e-05 1.16825e-05 0.00187273 5.8413e-06 -0.00185521 0.000862419 1.16826e-05 1.16826e-05 5.8413e-06 -0.00185522 5.84131e-06 1.16826e-05 1.16826e-05 5.84127e-06 0.00187273 -0.00185521 1.16826e-05 0.00187273 -0.00185522 0.00187273 1.16825e-05 1.16825e-05 0.00187269 0.0041156 
0.00428972 -0.00187699 0.00189476 1.18201e-05 1.18201e-05 -0.00187705 1.18201e-05 5.91008e-06 1.18202e-05 1.18201e-05 0.00189479 5.9101e-06 -0.00187706 0.000862499 1.18202e-05 1.18202e-05 5.9101e-06 -0.00187707 5.91011e-06 1.18202e-05 1.18201e-05 5.91006e-06 0.00189479 -0.00187706 1.18202e-05 0.00189479 -0.00187707 0.00189478 1.18201e-05 1.18201e-05 0.00189474 0.00416402 
0.00433963 -0.00189884 0.00191682 1.19577e-05 1.19577e-05 -0.0018989 1.19577e-05 5.97888e-06 1.19578e-05 1.19577e-05 0.00191684 5.9789e-06 -0.00189891 0.000862578 1.19578e-05 1.19578e-05 5.9789e-06 -0.00189892 5.97891e-06 1.19578e-05 1.19577e-05 5.97886e-06 0.00191685 -0.00189891 1.19578e-05 0.00191685 -0.00189892 0.00191684 1.19577e-05 1.19576e-05 0.0019168 0.00421243 
0.00438952 -0.00192069 0.00193887 1.20953e-05 1.20953e-05 -0.00192075 1.20953e-05 6.04768e-06 1.20954e-05 1.20953e-05 0.0019389 6.04769e-06 -0.00192076 0.000862658 1.20954e-05 1.20954e-05 6.04769e-06 -0.00192077 6.04771e-06 1.20954e-05 1.20953e-05 6.04766e-06 0.0019389 -0.00192076 1.20954e-05 0.0019389 -0.00192077 0.0019389 1.20953e-05 1.20952e-05 0.00193886 0.00426087 
0.0044394 -0.00194254 0.00196093 1.22329e-05 1.22329e-05 -0.00194261 1.22329e-05 6.11647e-06 1.2233e-05 1.22329e-05 0.00196096 6.11649e-06 -0.00194261 0.000862737 1.2233e-05 1.2233e-05 6.11649e-06 -0.00194262 6.1165e-06 1.2233e-05 1.22329e-05 6.11646e-06 0.00196096 -0.00194261 1.22329e-05 0.00196096 -0.00194262 0.00196095 1.22329e-05 1.22328e-05 0.00196091 0.0043093 
0.00448929 -0.00196439 0.00198298 1.23705e-05 1.23705e-05 -0.00196446 1.23705e-05 6.18527e-06 1.23706e-05 1.23705e-05 0.00198301 6.18529e-06 -0.00196447 0.000862816 1.23706e-05 1.23706e-05 6.18529e-06 -0.00196447 6.1853e-06 1.23706e-05 1.23705e-05 6.18526e-06 0.00198302 -0.00196446 1.23705e-05 0.00198302 -0.00196447 0.00198301 1.23705e-05 1.23704e-05 0.00198297 0.00435771 
0.00453918 -0.00198624 0.00200504 1.25081e-05 1.25081e-05 -0.00198631 1.25081e-05 6.25407e-06 1.25081e-05 1.25081e-05 0.00200507 6.25409e-06 -0.00198632 0.000862895 1.25082e-05 1.25082e-05 6.25409e-06 -0.00198632 6.2541e-06 1.25082e-05 1.25081e-05 6.25406e-06 0.00200507 -0.00198631 1.25081e-05 0.00200508 -0.00198632 0.00200507 1.25081e-05 1.2508e-05 0.00200502 0.00440615 
0.00458909 -0.00200808 0.0020271 1.26457e-05 1.26457e-05 -0.00200816 1.26457e-05 6.32287e-06 1.26457e-05 1.26457e-05 0.00202713 6.32289e-06 -0.00200817 0.000862974 1.26457e-05 1.26458e-05 6.32289e-06 -0.00200817 6.3229e-06 1.26458e-05 1.26457e-05 6.32286e-06 0.00202713 -0.00200816 1.26457e-05 0.00202713 -0.00200817 0.00202712 1.26457e-05 1.26456e-05 0.00202708 0.00445459 
0.00463899 -0.00202993 0.00204915 1.27833e-05 1.27833e-05 -0.00203001 1.27833e-05 6.39166e-06 1.27833e-05 1.27833e-05 0.00204919 6.39169e-06 -0.00203002 0.000863052 1.27833e-05 1.27834e-05 6.39169e-06 -0.00203002 6.3917e-06 1.27834e-05 1.27833e-05 6.39165e-06 0.00204919 -0.00203001 1.27833e-05 0.00204919 -0.00203002 0.00204918 1.27833e-05 1.27832e-05 0.00204913 0.00450304 
0.00468889 -0.00205178 0.00207121 1.29208e-05 1.29208e-05 -0.00205186 1.29209e-05 6.46046e-06 1.29209e-05 1.29209e-05 0.00207124 6.46048e-06 -0.00205187 0.00086313 1.29209e-05 1.2921e-05 6.46048e-06 -0.00205187 6.4605e-06 1.2921e-05 1.29209e-05 6.46045e-06 0.00207124 -0.00205186 1.29209e-05 0.00207125 -0.00205187 0.00207124 1.29209e-05 1.29208e-05 0.00207119 0.00455149 
0.00473878 -0.00207363 0.00209326 1.30584e-05 1.30584e-05 -0.00207371 1.30585e-05 6.52926e-06 1.30585e-05 1.30585e-05 0.0020933 6.52928e-06 -0.00207372 0.000863208 1.30585e-05 1.30586e-05 6.52928e-06 -0.00207373 6.52929e-06 1.30586e-05 1.30585e-05 6.52925e-06 0.0020933 -0.00207371 1.30585e-05 0.0020933 -0.00207372 0.00209329 1.30585e-05 1.30584e-05 0.00209325 0.00459993 
0.00478866 -0.00209548 0.00211532 1.3196e-05 1.3196e-05 -0.00209556 1.31961e-05 6.59805e-06 1.31961e-05 1.31961e-05 0.00211536 6.59808e-06 -0.00209557 0.000863286 1.31961e-05 1.31962e-05 6.59808e-06 -0.00209558 6.59809e-06 1.31962e-05 1.31961e-05 6.59805e-06 0.00211536 -0.00209556 1.31961e-05 0.00211536 -0.00209557 0.00211535 1.31961e-05 1.3196e-05 0.0021153 0.00464835 
0.00483857 -0.00211733 0.00213737 1.33336e-05 1.33336e-05 -0.00211741 1.33337e-05 6.66685e-06 1.33337e-05 1.33337e-05 0.00213741 6.66687e-06 -0.00211742 0.000863363 1.33337e-05 1.33338e-05 6.66688e-06 -0.00211743 6.66689e-06 1.33337e-05 1.33337e-05 6.66684e-06 0.00213741 -0.00211741 1.33337e-05 0.00213741 -0.00211742 0.00213741 1.33337e-05 1.33336e-05 0.00213736 0.00469679 
0.00488847 -0.00213918 0.00215943 1.34712e-05 1.34712e-05 -0.00213926 1.34713e-05 6.73564e-06 1.34713e-05 1.34713e-05 0.00215947 6.73567e-06 -0.00213927 0.00086344 1.34713e-05 1.34713e-05 6.73567e-06 -0.00213927 6.73568e-06 1.34713e-05 1.34713e-05 6.73564e-06 0.00215947 -0.00213926 1.34713e-05 0.00215947 -0.00213927 0.00215946 1.34713e-05 1.34712e-05 0.00215941 0.00474524 
0.00493839 -0.00216102 0.00218148 1.36088e-05 1.36088e-05 -0.0021611 1.36088e-05 6.80444e-06 1.36089e-05 1.36088e-05 0.00218152 6.80446e-06 -0.00216111 0.000863517 1.36089e-05 1.36089e-05 6.80447e-06 -0.00216112 6.80448e-06 1.36089e-05 1.36089e-05 6.80443e-06 0.00218152 -0.00216111 1.36089e-05 0.00218153 -0.00216112 0.00218152 1.36089e-05 1.36088e-05 0.00218147 0.00479368 
0.00499096 -0.00218287 0.00220354 1.37464e-05 1.37464e-05 -0.00218295 1.37464e-05 6.87323e-06 1.37465e-05 1.37464e-05 0.00220358 6.87325e-06 -0.00218296 0.000863594 1.37465e-05 1.37465e-05 6.87326e-06 -0.00218297 6.87327e-06 1.37465e-05 1.37465e-05 6.87323e-06 0.00220358 -0.00218296 1.37465e-05 0.00220358 -0.00218297 0.00220357 1.37464e-05 1.37463e-05 0.00220352 0.00484492 
