816.675 816.675 816.675 816.675 816.675 816.675 816.675 816.675 816.675 816.675 816.675 816.675 816.675 816.675 816.675 816.675 816.675 816.675 816.675 816.675 816.675 816.675 816.675 816.675 816.675 816.675 816.675 816.675 816.675 816.675 816.675 816.675 
816.713 816.715 816.717 816.717 816.717 816.717 816.717 816.717 816.718 816.718 816.716 816.717 816.717 816.717 816.717 816.716 816.717 816.717 816.717 816.716 816.718 816.717 816.717 816.718 816.717 816.719 816.717 816.718 816.717 816.718 816.716 816.712 
816.754 816.757 816.76 816.761 816.76 816.761 816.761 816.761 816.762 816.762 816.759 816.76 816.761 816.76 816.761 816.759 816.761 816.76 816.761 816.759 816.762 816.76 816.761 816.763 816.761 816.764 816.76 816.762 816.761 816.762 816.759 816.75 
816.796 816.801 816.805 816.806 816.805 816.807 816.807 816.808 816.808 816.808 816.804 816.805 816.806 816.806 816.808 816.804 816.807 816.805 816.806 816.804 816.809 816.805 816.807 816.81 816.806 816.811 816.805 816.809 816.807 816.809 816.805 816.791 
816.841 816.849 816.853 816.855 816.854 816.856 816.855 816.857 816.857 816.857 816.853 816.853 816.855 816.855 816.857 816.852 816.856 816.853 816.855 816.853 816.858 816.853 816.856 816.859 816.855 816.861 816.854 816.858 816.856 816.858 816.853 816.835 
816.889 816.899 816.905 816.906 816.906 816.909 816.906 816.909 816.909 816.908 816.904 816.904 816.907 816.907 816.91 816.904 816.908 816.904 816.907 816.904 816.91 816.904 816.909 816.912 816.906 816.913 816.905 816.911 816.908 816.912 816.906 816.883 
816.941 816.954 816.96 816.961 816.962 816.966 816.961 816.965 816.964 816.963 816.96 816.958 816.963 816.963 816.967 816.959 816.964 816.959 816.962 816.96 816.967 816.959 816.966 816.968 816.961 816.969 816.961 816.968 816.965 816.968 816.963 816.934 
816.997 817.013 817.02 817.021 817.022 817.027 817.02 817.026 817.024 817.022 817.02 817.017 817.024 817.024 817.028 817.018 817.025 817.018 817.021 817.019 817.027 817.019 817.026 817.028 817.021 817.029 817.02 817.029 817.025 817.029 817.023 816.99 
817.058 817.075 817.083 817.084 817.086 817.093 817.083 817.089 817.087 817.085 817.083 817.08 817.088 817.088 817.093 817.081 817.089 817.082 817.084 817.082 817.091 817.083 817.091 817.092 817.084 817.092 817.084 817.094 817.089 817.094 817.088 817.05 
817.123 817.141 817.151 817.152 817.155 817.162 817.15 817.157 817.155 817.153 817.151 817.148 817.157 817.157 817.163 817.148 817.157 817.15 817.151 817.149 817.159 817.153 817.16 817.16 817.152 817.159 817.153 817.163 817.158 817.163 817.156 817.115 
817.193 817.211 817.223 817.224 817.227 817.235 817.222 817.229 817.227 817.225 817.223 817.22 817.229 817.229 817.236 817.22 817.23 817.222 817.223 817.22 817.232 817.226 817.232 817.232 817.224 817.23 817.226 817.236 817.23 817.236 817.229 817.183 
817.268 817.284 817.299 817.3 817.303 817.312 817.298 817.304 817.303 817.302 817.299 817.295 817.306 817.306 817.314 817.296 817.306 817.299 817.299 817.295 817.307 817.304 817.309 817.309 817.3 817.304 817.303 817.313 817.307 817.313 817.306 817.255 
817.347 817.362 817.378 817.379 817.383 817.393 817.378 817.384 817.383 817.382 817.379 817.375 817.388 817.386 817.395 817.376 817.386 817.38 817.38 817.376 817.387 817.386 817.389 817.389 817.38 817.383 817.385 817.394 817.387 817.394 817.386 817.332 
817.43 817.444 817.462 817.462 817.467 817.478 817.462 817.468 817.468 817.467 817.463 817.459 817.473 817.47 817.479 817.461 817.47 817.465 817.464 817.46 817.47 817.471 817.474 817.474 817.465 817.466 817.47 817.478 817.471 817.479 817.471 817.412 
817.518 817.53 817.55 817.55 817.554 817.567 817.55 817.556 817.556 817.555 817.552 817.547 817.563 817.559 817.568 817.55 817.558 817.554 817.553 817.549 817.558 817.56 817.563 817.563 817.554 817.553 817.559 817.566 817.559 817.567 817.559 817.497 
817.609 817.62 817.642 817.641 817.646 817.659 817.643 817.649 817.649 817.648 817.646 817.64 817.658 817.652 817.66 817.644 817.651 817.647 817.645 817.642 817.649 817.654 817.656 817.657 817.647 817.645 817.652 817.658 817.651 817.659 817.651 817.586 
817.705 817.715 817.738 817.736 817.741 817.756 817.739 817.746 817.747 817.744 817.744 817.738 817.756 817.75 817.757 817.742 817.748 817.743 817.742 817.739 817.745 817.751 817.754 817.754 817.744 817.741 817.748 817.753 817.748 817.755 817.746 817.679 
817.805 817.813 817.838 817.835 817.841 817.856 817.84 817.847 817.848 817.845 817.845 817.841 817.858 817.852 817.857 817.844 817.848 817.844 817.842 817.84 817.844 817.851 817.855 817.856 817.845 817.842 817.848 817.852 817.849 817.855 817.845 817.776 
817.908 817.915 817.942 817.939 817.945 817.96 817.945 817.951 817.954 817.95 817.951 817.948 817.964 817.958 817.962 817.95 817.953 817.948 817.946 817.945 817.947 817.956 817.959 817.961 817.95 817.947 817.952 817.955 817.954 817.959 817.947 817.876 
818.016 818.021 818.05 818.047 818.053 818.067 818.054 818.06 818.063 818.059 818.06 818.06 818.073 818.068 818.07 818.059 818.061 818.056 818.054 818.054 818.055 818.065 818.067 818.069 818.058 818.056 818.06 818.062 818.063 818.067 818.054 817.98 
818.127 818.131 818.161 818.159 818.164 818.179 818.167 818.172 818.176 818.171 818.172 818.174 818.186 818.181 818.182 818.171 818.173 818.168 818.166 818.167 818.166 818.177 818.179 818.181 818.17 818.169 818.172 818.173 818.175 818.178 818.163 818.088 
818.242 818.244 818.276 818.274 818.279 818.293 818.284 818.288 818.293 818.287 818.288 818.292 818.302 818.298 818.298 818.287 818.289 818.284 818.282 818.283 818.281 818.293 818.294 818.296 818.285 818.285 818.288 818.288 818.291 818.292 818.277 818.2 
818.36 818.36 818.393 818.393 818.398 818.411 818.404 818.407 818.412 818.405 818.407 818.412 818.422 818.419 818.417 818.406 818.408 818.404 818.402 818.404 818.399 818.412 818.412 818.415 818.405 818.404 818.408 818.408 818.41 818.41 818.393 818.316 
818.481 818.478 818.514 818.516 818.521 818.533 818.527 818.53 818.535 818.526 818.53 818.535 818.546 818.543 818.54 818.527 818.531 818.528 818.525 818.527 818.521 818.535 818.534 818.537 818.528 818.526 818.531 818.531 818.533 818.531 818.512 818.435 
818.606 818.599 818.638 818.641 818.646 818.657 818.653 818.655 818.661 818.65 818.655 818.66 818.673 818.671 818.666 818.652 818.657 818.654 818.651 818.654 818.646 818.66 818.659 818.663 818.654 818.652 818.657 818.657 818.659 818.655 818.634 818.558 
818.733 818.722 818.764 818.768 818.774 818.785 818.782 818.783 818.79 818.776 818.784 818.789 818.803 818.801 818.795 818.78 818.785 818.784 818.779 818.783 818.774 818.788 818.786 818.792 818.784 818.781 818.786 818.785 818.788 818.782 818.758 818.684 
818.863 818.847 818.892 818.899 818.904 818.916 818.913 818.914 818.921 818.905 818.916 818.92 818.935 818.933 818.927 818.91 818.916 818.916 818.91 818.914 818.904 818.919 818.917 818.924 818.916 818.912 818.918 818.916 818.919 818.912 818.885 818.813 
818.996 818.975 819.022 819.032 819.037 819.049 819.046 819.048 819.054 819.037 819.05 819.053 819.069 819.067 819.061 819.044 819.05 819.05 819.044 819.047 819.037 819.051 819.05 819.057 819.049 819.047 819.052 819.049 819.053 819.043 819.015 818.945 
819.131 819.105 819.155 819.168 819.172 819.185 819.182 819.184 819.189 819.171 819.186 819.189 819.206 819.203 819.196 819.179 819.186 819.187 819.181 819.181 819.171 819.186 819.185 819.193 819.185 819.183 819.189 819.183 819.188 819.176 819.146 819.079 
819.269 819.237 819.29 819.306 819.309 819.323 819.319 819.321 819.326 819.307 819.323 819.327 819.344 819.34 819.333 819.317 819.325 819.325 819.32 819.318 819.307 819.323 819.323 819.331 819.323 819.321 819.327 819.319 819.325 819.311 819.28 819.215 
819.409 819.372 819.427 819.445 819.448 819.462 819.458 819.461 819.465 819.446 819.462 819.467 819.485 819.478 819.472 819.457 819.466 819.466 819.461 819.456 819.445 819.461 819.462 819.47 819.463 819.461 819.467 819.456 819.464 819.448 819.415 819.353 
819.551 819.509 819.566 819.586 819.589 819.603 819.599 819.602 819.607 819.587 819.603 819.609 819.626 819.619 819.613 819.599 819.609 819.607 819.604 819.595 819.584 819.602 819.604 819.611 819.605 819.602 819.609 819.594 819.605 819.587 819.553 819.492 
819.694 819.649 819.706 819.729 819.732 819.745 819.741 819.744 819.75 819.729 819.745 819.753 819.77 819.76 819.755 819.743 819.753 819.751 819.748 819.737 819.725 819.744 819.748 819.753 819.75 819.744 819.752 819.734 819.748 819.728 819.691 819.632 
819.839 819.789 819.848 819.872 819.876 819.888 819.884 819.887 819.896 819.873 819.889 819.898 819.914 819.903 819.899 819.888 819.897 819.896 819.894 819.88 819.868 819.888 819.893 819.896 819.895 819.888 819.896 819.875 819.893 819.871 819.832 819.774 
819.985 819.931 819.991 820.016 820.02 820.033 820.028 820.032 820.043 820.018 820.035 820.044 820.06 820.047 820.044 820.033 820.043 820.042 820.04 820.026 820.012 820.034 820.04 820.042 820.041 820.032 820.042 820.019 820.039 820.016 819.973 819.918 
820.133 820.073 820.136 820.161 820.166 820.179 820.175 820.178 820.192 820.164 820.181 820.191 820.207 820.192 820.191 820.18 820.188 820.188 820.186 820.172 820.157 820.18 820.188 820.188 820.187 820.178 820.188 820.164 820.185 820.162 820.116 820.063 
820.283 820.216 820.281 820.307 820.312 820.326 820.322 820.326 820.341 820.312 820.328 820.339 820.355 820.339 820.338 820.328 820.334 820.336 820.333 820.319 820.304 820.327 820.336 820.337 820.332 820.324 820.335 820.31 820.332 820.308 820.259 820.208 
820.433 820.359 820.427 820.453 820.459 820.474 820.471 820.474 820.491 820.462 820.476 820.488 820.504 820.486 820.486 820.477 820.481 820.484 820.481 820.468 820.452 820.475 820.485 820.486 820.478 820.471 820.483 820.457 820.479 820.456 820.403 820.355 
820.584 820.502 820.574 820.601 820.608 820.623 820.621 820.623 820.642 820.612 820.624 820.639 820.653 820.635 820.635 820.626 820.629 820.633 820.63 820.616 820.602 820.623 820.634 820.637 820.624 820.619 820.631 820.605 820.626 820.604 820.547 820.502 
820.736 820.646 820.721 820.748 820.757 820.773 820.772 820.773 820.792 820.762 820.772 820.79 820.803 820.784 820.785 820.777 820.778 820.782 820.779 820.765 820.752 820.772 820.783 820.787 820.77 820.767 820.781 820.753 820.774 820.751 820.691 820.65 
820.888 820.79 820.868 820.895 820.906 820.923 820.923 820.922 820.942 820.913 820.921 820.942 820.952 820.934 820.935 820.928 820.928 820.932 820.93 820.915 820.902 820.921 820.932 820.938 820.917 820.915 820.932 820.901 820.922 820.899 820.835 820.798 
821.04 820.934 821.016 821.043 821.056 821.074 821.076 821.072 821.092 821.063 821.071 821.094 821.102 821.084 821.086 821.078 821.078 821.082 821.081 821.064 821.053 821.07 821.082 821.087 821.065 821.064 821.082 821.049 821.071 821.047 820.98 820.945 
821.192 821.079 821.164 821.191 821.206 821.224 821.228 821.221 821.242 821.213 821.22 821.246 821.252 821.234 821.236 821.229 821.228 821.233 821.231 821.214 821.204 821.22 821.233 821.237 821.213 821.213 821.234 821.198 821.22 821.195 821.126 821.092 
821.345 821.224 821.312 821.34 821.356 821.374 821.381 821.372 821.393 821.363 821.37 821.397 821.401 821.384 821.387 821.379 821.378 821.385 821.381 821.365 821.355 821.369 821.383 821.385 821.362 821.363 821.385 821.346 821.369 821.344 821.272 821.239 
821.498 821.37 821.46 821.489 821.505 821.524 821.533 821.522 821.545 821.513 821.519 821.549 821.551 821.534 821.539 821.529 821.528 821.536 821.531 821.515 821.506 821.519 821.534 821.534 821.51 821.512 821.536 821.495 821.518 821.492 821.417 821.385 
821.651 821.516 821.607 821.639 821.654 821.674 821.685 821.673 821.696 821.663 821.668 821.7 821.7 821.684 821.69 821.679 821.678 821.687 821.68 821.666 821.656 821.669 821.686 821.683 821.659 821.661 821.687 821.645 821.668 821.641 821.563 821.53 
821.804 821.662 821.754 821.79 821.803 821.823 821.837 821.824 821.848 821.813 821.818 821.851 821.849 821.834 821.841 821.829 821.827 821.838 821.83 821.817 821.806 821.818 821.837 821.831 821.808 821.81 821.838 821.794 821.817 821.789 821.709 821.676 
821.957 821.807 821.901 821.94 821.952 821.971 821.988 821.976 821.999 821.964 821.968 822.001 821.998 821.985 821.992 821.979 821.976 821.989 821.98 821.968 821.955 821.968 821.988 821.98 821.958 821.958 821.989 821.944 821.967 821.938 821.855 821.821 
822.109 821.952 822.049 822.091 822.101 822.12 822.138 822.127 822.151 822.115 822.118 822.152 822.148 822.135 822.142 822.13 822.125 822.139 822.131 822.119 822.105 822.117 822.138 822.13 822.108 822.106 822.138 822.092 822.117 822.087 822.001 821.967 
822.261 822.097 822.196 822.242 822.249 822.268 822.288 822.277 822.302 822.266 822.269 822.302 822.297 822.286 822.292 822.281 822.274 822.29 822.283 822.271 822.254 822.267 822.288 822.28 822.258 822.254 822.287 822.24 822.268 822.236 822.147 822.112 
822.414 822.241 822.344 822.392 822.397 822.416 822.437 822.426 822.453 822.418 822.42 822.451 822.446 822.436 822.441 822.432 822.423 822.441 822.435 822.423 822.405 822.415 822.438 822.431 822.408 822.402 822.435 822.388 822.419 822.385 822.293 822.257 
822.566 822.385 822.491 822.542 822.546 822.565 822.587 822.576 822.604 822.569 822.571 822.599 822.595 822.587 822.59 822.582 822.573 822.592 822.587 822.576 822.556 822.564 822.586 822.582 822.558 822.55 822.584 822.536 822.571 822.534 822.438 822.402 
822.718 822.529 822.639 822.691 822.695 822.713 822.736 822.725 822.755 822.72 822.723 822.747 822.744 822.737 822.74 822.732 822.723 822.744 822.738 822.728 822.708 822.713 822.735 822.733 822.709 822.7 822.733 822.683 822.722 822.681 822.584 822.546 
822.87 822.673 822.786 822.84 822.845 822.862 822.884 822.875 822.906 822.872 822.874 822.894 822.893 822.887 822.889 822.883 822.873 822.895 822.89 822.88 822.86 822.863 822.884 822.884 822.859 822.85 822.882 822.831 822.872 822.829 822.73 822.691 
823.021 822.818 822.933 822.989 822.995 823.011 823.033 823.025 823.056 823.024 823.025 823.041 823.041 823.037 823.039 823.034 823.023 823.045 823.041 823.031 823.012 823.012 823.033 823.034 823.009 823 823.031 822.98 823.022 822.977 822.876 822.835 
823.171 822.963 823.08 823.138 823.146 823.161 823.182 823.176 823.206 823.175 823.176 823.188 823.19 823.187 823.19 823.186 823.172 823.194 823.191 823.181 823.164 823.162 823.182 823.184 823.16 823.149 823.18 823.129 823.17 823.126 823.022 822.98 
823.322 823.107 823.227 823.287 823.296 823.31 823.33 823.326 823.356 823.326 823.327 823.336 823.339 823.337 823.34 823.339 823.321 823.344 823.34 823.33 823.316 823.311 823.332 823.333 823.311 823.299 823.329 823.279 823.318 823.275 823.167 823.124 
823.473 823.251 823.375 823.436 823.445 823.459 823.478 823.476 823.505 823.476 823.478 823.485 823.487 823.487 823.491 823.492 823.47 823.493 823.488 823.478 823.467 823.459 823.481 823.483 823.462 823.449 823.478 823.429 823.466 823.423 823.312 823.268 
823.624 823.395 823.523 823.583 823.594 823.608 823.626 823.625 823.654 823.626 823.627 823.634 823.635 823.637 823.641 823.645 823.618 823.643 823.636 823.627 823.617 823.607 823.63 823.631 823.613 823.599 823.627 823.579 823.614 823.572 823.457 823.412 
823.774 823.538 823.671 823.73 823.742 823.757 823.774 823.774 823.803 823.774 823.776 823.784 823.783 823.787 823.791 823.796 823.766 823.793 823.784 823.775 823.767 823.755 823.778 823.78 823.764 823.75 823.776 823.728 823.762 823.721 823.602 823.556 
823.924 823.682 823.818 823.876 823.89 823.906 823.922 823.922 823.951 823.922 823.924 823.933 823.93 823.937 823.941 823.947 823.913 823.944 823.933 823.923 823.916 823.903 823.927 823.928 823.914 823.9 823.926 823.876 823.909 823.869 823.747 823.7 
824.075 823.826 823.966 824.023 824.037 824.055 824.07 824.07 824.099 824.07 824.071 824.083 824.077 824.086 824.09 824.097 824.061 824.095 824.083 824.072 824.065 824.05 824.075 824.075 824.065 824.051 824.076 824.024 824.057 824.016 823.892 823.843 
824.225 823.971 824.113 824.17 824.185 824.203 824.217 824.218 824.248 824.217 824.219 824.233 824.224 824.236 824.238 824.245 824.209 824.245 824.234 824.22 824.214 824.198 824.223 824.223 824.214 824.2 824.225 824.172 824.204 824.163 824.036 823.987 
824.374 824.117 824.259 824.318 824.333 824.352 824.364 824.367 824.396 824.364 824.366 824.383 824.371 824.385 824.387 824.393 824.357 824.395 824.384 824.369 824.362 824.346 824.371 824.37 824.363 824.349 824.374 824.319 824.352 824.31 824.18 824.131 
824.524 824.262 824.405 824.466 824.481 824.499 824.51 824.515 824.544 824.511 824.514 824.532 824.517 824.535 824.535 824.541 824.506 824.545 824.534 824.518 824.511 824.493 824.519 824.517 824.512 824.497 824.521 824.466 824.499 824.456 824.324 824.276 
824.672 824.407 824.55 824.615 824.629 824.647 824.656 824.664 824.693 824.657 824.662 824.68 824.664 824.684 824.683 824.688 824.656 824.694 824.683 824.666 824.659 824.641 824.667 824.665 824.66 824.645 824.668 824.614 824.647 824.602 824.468 824.42 
824.82 824.55 824.695 824.763 824.776 824.794 824.802 824.812 824.841 824.803 824.81 824.828 824.81 824.833 824.83 824.835 824.805 824.842 824.832 824.814 824.807 824.788 824.813 824.812 824.808 824.792 824.815 824.761 824.794 824.748 824.611 824.565 
824.967 824.693 824.839 824.912 824.923 824.941 824.948 824.96 824.989 824.949 824.958 824.976 824.956 824.981 824.977 824.982 824.955 824.988 824.979 824.961 824.955 824.934 824.96 824.959 824.955 824.94 824.961 824.908 824.94 824.894 824.754 824.709 
825.113 824.835 824.983 825.059 825.069 825.087 825.094 825.107 825.136 825.095 825.105 825.123 825.101 825.129 825.123 825.128 825.103 825.134 825.127 825.108 825.102 825.08 825.106 825.105 825.102 825.087 825.108 825.054 825.085 825.039 824.897 824.852 
825.259 824.976 825.127 825.206 825.214 825.232 825.239 825.253 825.282 825.241 825.252 825.27 825.246 825.276 825.268 825.274 825.251 825.279 825.274 825.255 825.248 825.225 825.251 825.252 825.248 825.234 825.254 825.2 825.23 825.183 825.04 824.995 
825.405 825.115 825.27 825.351 825.358 825.377 825.384 825.398 825.427 825.386 825.398 825.417 825.391 825.422 825.411 825.419 825.398 825.425 825.422 825.4 825.393 825.37 825.396 825.397 825.393 825.38 825.4 825.345 825.374 825.328 825.181 825.138 
825.549 825.254 825.411 825.495 825.502 825.52 825.529 825.542 825.571 825.531 825.543 825.563 825.536 825.567 825.554 825.564 825.544 825.57 825.569 825.545 825.538 825.513 825.539 825.542 825.538 825.525 825.546 825.489 825.517 825.472 825.322 825.28 
825.692 825.391 825.552 825.638 825.645 825.663 825.672 825.685 825.715 825.675 825.687 825.708 825.68 825.711 825.696 825.707 825.689 825.715 825.715 825.689 825.681 825.656 825.682 825.686 825.681 825.669 825.69 825.633 825.661 825.615 825.462 825.421 
825.834 825.527 825.693 825.78 825.788 825.806 825.816 825.828 825.858 825.817 825.829 825.852 825.825 825.855 825.838 825.851 825.833 825.859 825.861 825.832 825.823 825.798 825.824 825.827 825.825 825.812 825.833 825.776 825.803 825.758 825.601 825.561 
825.975 825.663 825.834 825.921 825.931 825.947 825.958 825.97 826 825.959 825.971 825.994 825.969 825.997 825.979 825.993 825.976 826.003 826.005 825.975 825.964 825.939 825.966 825.968 825.967 825.953 825.975 825.918 825.945 825.9 825.741 825.701 
826.115 825.798 825.974 826.061 826.072 826.088 826.101 826.111 826.141 826.099 826.111 826.134 826.112 826.138 826.12 826.134 826.119 826.146 826.147 826.117 826.104 826.08 826.106 826.106 826.109 826.094 826.117 826.06 826.086 826.041 825.879 825.839 
826.255 825.933 826.114 826.201 826.212 826.228 826.242 826.251 826.281 826.24 826.251 826.274 826.254 826.277 826.259 826.274 826.261 826.289 826.288 826.258 826.243 826.219 826.246 826.244 826.251 826.234 826.259 826.201 826.226 826.181 826.017 825.977 
826.394 826.067 826.253 826.339 826.352 826.366 826.383 826.391 826.419 826.38 826.389 826.413 826.394 826.415 826.398 826.413 826.401 826.43 826.428 826.399 826.381 826.358 826.385 826.382 826.392 826.374 826.4 826.342 826.366 826.319 826.155 826.115 
826.532 826.2 826.392 826.477 826.49 826.504 826.522 826.53 826.556 826.519 826.526 826.552 826.533 826.553 826.536 826.551 826.54 826.571 826.566 826.539 826.519 826.496 826.522 826.519 826.531 826.513 826.54 826.482 826.505 826.457 826.291 826.251 
826.669 826.333 826.528 826.614 826.628 826.641 826.659 826.668 826.692 826.657 826.662 826.69 826.669 826.69 826.672 826.687 826.678 826.71 826.703 826.679 826.655 826.632 826.658 826.656 826.669 826.651 826.679 826.62 826.642 826.593 826.426 826.385 
826.804 826.464 826.663 826.749 826.764 826.776 826.794 826.804 826.827 826.794 826.796 826.828 826.804 826.826 826.808 826.823 826.815 826.847 826.84 826.817 826.791 826.767 826.793 826.792 826.806 826.788 826.816 826.757 826.779 826.729 826.561 826.517 
826.938 826.595 826.796 826.883 826.898 826.91 826.928 826.939 826.961 826.928 826.93 826.963 826.939 826.962 826.943 826.957 826.95 826.982 826.975 826.954 826.926 826.901 826.926 826.926 826.942 826.924 826.952 826.892 826.914 826.862 826.694 826.648 
827.07 826.723 826.927 827.016 827.03 827.042 827.06 827.072 827.092 827.061 827.062 827.097 827.072 827.096 827.077 827.091 827.083 827.116 827.11 827.089 827.059 827.033 827.058 827.06 827.075 827.058 827.087 827.026 827.049 826.994 826.826 826.777 
827.201 826.85 827.055 827.147 827.159 827.173 827.19 827.203 827.221 827.191 827.193 827.229 827.204 827.229 827.209 827.223 827.216 827.247 827.243 827.222 827.191 827.165 827.189 827.192 827.207 827.191 827.22 827.158 827.182 827.124 826.957 826.904 
827.33 826.975 827.182 827.276 827.287 827.301 827.319 827.333 827.349 827.32 827.322 827.358 827.335 827.36 827.34 827.353 827.347 827.376 827.374 827.353 827.321 827.296 827.319 827.323 827.336 827.322 827.352 827.289 827.314 827.252 827.086 827.029 
827.456 827.098 827.307 827.404 827.412 827.428 827.446 827.461 827.475 827.447 827.448 827.485 827.464 827.49 827.469 827.482 827.476 827.504 827.503 827.481 827.449 827.425 827.448 827.453 827.464 827.452 827.482 827.417 827.444 827.378 827.214 827.153 
827.579 827.219 827.43 827.529 827.535 827.552 827.571 827.586 827.598 827.571 827.572 827.61 827.591 827.617 827.595 827.608 827.604 827.629 827.63 827.606 827.576 827.553 827.575 827.58 827.589 827.579 827.61 827.543 827.572 827.502 827.339 827.276 
827.7 827.338 827.551 827.652 827.657 827.675 827.694 827.709 827.721 827.693 827.694 827.732 827.715 827.742 827.718 827.733 827.729 827.753 827.754 827.73 827.7 827.678 827.699 827.705 827.713 827.705 827.734 827.668 827.697 827.625 827.461 827.396 
827.818 827.455 827.67 827.773 827.777 827.795 827.815 827.829 827.841 827.813 827.814 827.852 827.838 827.865 827.84 827.856 827.852 827.874 827.875 827.852 827.823 827.801 827.821 827.827 827.834 827.827 827.857 827.789 827.82 827.745 827.581 827.515 
827.934 827.571 827.786 827.892 827.896 827.913 827.934 827.947 827.959 827.93 827.932 827.97 827.958 827.984 827.959 827.977 827.972 827.992 827.994 827.971 827.944 827.922 827.941 827.947 827.954 827.947 827.976 827.909 827.94 827.864 827.698 827.632 
828.048 827.684 827.9 828.008 828.013 828.029 828.049 828.062 828.074 828.045 828.048 828.086 828.076 828.102 828.075 828.096 828.089 828.109 828.111 828.088 828.062 828.04 828.059 828.064 828.071 828.065 828.093 828.025 828.058 827.98 827.812 827.747 
828.159 827.795 828.011 828.121 828.127 828.143 828.162 828.175 828.188 828.158 828.163 828.2 828.191 828.216 828.189 828.212 828.203 828.223 828.225 828.203 828.178 828.155 828.173 828.178 828.186 828.179 828.207 828.14 828.172 828.094 827.924 827.859 
828.268 827.904 828.12 828.232 828.238 828.254 828.273 828.285 828.299 828.269 828.275 828.312 828.303 828.329 828.301 828.325 828.314 828.335 828.337 828.315 828.29 828.268 828.285 828.29 828.299 828.29 828.319 828.251 828.285 828.205 828.033 827.968 
828.373 828.01 828.225 828.34 828.346 828.362 828.38 828.392 828.407 828.377 828.385 828.421 828.412 828.439 828.409 828.435 828.422 828.445 828.446 828.425 828.398 828.378 828.393 828.398 828.408 828.399 828.428 828.36 828.394 828.314 828.14 828.074 
828.475 828.113 828.327 828.445 828.45 828.468 828.485 828.497 828.512 828.484 828.491 828.527 828.517 828.546 828.515 828.541 828.528 828.552 828.552 828.531 828.504 828.485 828.499 828.504 828.514 828.505 828.534 828.466 828.5 828.42 828.244 828.177 
828.573 828.213 828.427 828.547 828.551 828.571 828.586 828.6 828.615 828.587 828.595 828.63 828.619 828.65 828.617 828.645 828.631 828.656 828.655 828.635 828.607 828.588 828.601 828.607 828.616 828.607 828.637 828.569 828.602 828.523 828.345 828.277 
828.667 828.31 828.524 828.645 828.649 828.671 828.684 828.699 828.715 828.687 828.694 828.728 828.718 828.75 828.716 828.745 828.731 828.756 828.755 828.736 828.707 828.689 828.7 828.707 828.716 828.707 828.737 828.669 828.701 828.623 828.442 828.375 
828.757 828.402 828.618 828.739 828.743 828.767 828.779 828.796 828.812 828.783 828.79 828.824 828.813 828.848 828.812 828.842 828.829 828.853 828.852 828.834 828.804 828.786 828.796 828.805 828.813 828.804 828.834 828.766 828.797 828.719 828.537 828.468 
828.843 828.492 828.71 828.831 828.834 828.86 828.87 828.89 828.905 828.876 828.883 828.916 828.905 828.943 828.905 828.935 828.923 828.947 828.945 828.928 828.898 828.88 828.89 828.899 828.908 828.897 828.929 828.861 828.888 828.812 828.628 828.559 
828.926 828.578 828.799 828.919 828.922 828.949 828.958 828.98 828.997 828.966 828.973 829.005 828.993 829.035 828.995 829.026 829.014 829.037 829.036 829.019 828.99 828.971 828.981 828.992 829.001 828.988 829.02 828.952 828.977 828.902 828.716 828.646 
829.007 828.662 828.886 829.005 829.007 829.036 829.044 829.068 829.086 829.054 829.06 829.092 829.079 829.125 829.084 829.114 829.103 829.125 829.123 829.106 829.08 829.06 829.069 829.082 829.091 829.076 829.109 829.04 829.063 828.989 828.803 828.73 
