816.675 816.675 816.675 816.675 816.675 816.675 816.675 816.675 816.675 816.675 816.675 816.675 816.675 816.675 816.675 816.675 816.675 816.675 816.675 816.675 816.675 816.675 816.675 816.675 816.675 816.675 816.675 816.675 816.675 816.675 816.675 816.675 
816.707 816.7 816.702 816.702 816.702 816.702 816.703 816.702 816.703 816.703 816.701 816.702 816.702 816.702 816.703 816.701 816.702 816.702 816.702 816.701 816.703 816.702 816.702 816.704 816.702 816.704 816.702 816.703 816.702 816.703 816.701 816.704 
816.74 816.728 816.731 816.732 816.731 816.732 816.732 816.732 816.733 816.733 816.73 816.731 816.732 816.731 816.733 816.73 816.732 816.731 816.732 816.73 816.733 816.731 816.732 816.734 816.732 816.736 816.732 816.733 816.732 816.733 816.73 816.736 
816.776 816.758 816.762 816.763 816.762 816.764 816.764 816.764 816.765 816.765 816.761 816.762 816.763 816.763 816.765 816.761 816.764 816.762 816.763 816.761 816.766 816.762 816.764 816.767 816.763 816.769 816.763 816.766 816.764 816.766 816.762 816.77 
816.814 816.792 816.796 816.798 816.797 816.799 816.798 816.8 816.8 816.8 816.796 816.796 816.798 816.798 816.8 816.795 816.799 816.796 816.798 816.796 816.801 816.796 816.799 816.802 816.798 816.805 816.798 816.801 816.799 816.801 816.796 816.808 
816.856 816.828 816.834 816.835 816.835 816.838 816.835 816.838 816.838 816.837 816.833 816.833 816.836 816.836 816.839 816.833 816.837 816.833 816.836 816.833 816.84 816.833 816.838 816.841 816.835 816.843 816.835 816.84 816.837 816.841 816.835 816.849 
816.901 816.869 816.875 816.877 816.877 816.881 816.876 816.88 816.879 816.878 816.875 816.873 816.878 816.878 816.882 816.874 816.879 816.874 816.877 816.875 816.882 816.874 816.88 816.883 816.876 816.885 816.877 816.883 816.88 816.883 816.878 816.894 
816.951 816.914 816.92 816.922 816.923 816.928 816.921 816.926 816.925 816.923 816.921 816.918 816.925 816.925 816.929 816.919 816.926 816.919 816.922 816.92 816.928 816.92 816.927 816.929 816.922 816.931 816.923 816.93 816.926 816.93 816.924 816.943 
817.005 816.962 816.97 816.971 816.973 816.98 816.97 816.976 816.974 816.972 816.97 816.967 816.975 816.975 816.98 816.968 816.976 816.969 816.971 816.968 816.978 816.97 816.978 816.979 816.971 816.981 816.973 816.981 816.977 816.981 816.975 816.996 
817.064 817.014 817.024 817.025 817.027 817.035 817.023 817.03 817.028 817.026 817.024 817.021 817.03 817.03 817.036 817.021 817.03 817.023 817.024 817.021 817.032 817.025 817.032 817.033 817.025 817.034 817.027 817.036 817.031 817.036 817.029 817.053 
817.128 817.07 817.082 817.083 817.086 817.094 817.081 817.087 817.086 817.084 817.082 817.078 817.088 817.088 817.095 817.079 817.088 817.081 817.082 817.079 817.091 817.085 817.091 817.091 817.083 817.09 817.086 817.095 817.09 817.095 817.088 817.115 
817.196 817.129 817.143 817.145 817.148 817.157 817.143 817.149 817.148 817.147 817.144 817.14 817.151 817.15 817.158 817.141 817.151 817.143 817.144 817.14 817.152 817.149 817.153 817.154 817.145 817.151 817.149 817.158 817.152 817.158 817.15 817.181 
817.268 817.193 817.209 817.21 817.214 817.224 817.209 817.214 817.214 817.213 817.21 817.206 817.218 817.216 817.225 817.207 817.217 817.211 817.211 817.206 817.218 817.216 817.22 817.221 817.211 817.216 817.217 817.225 817.218 817.225 817.217 817.25 
817.345 817.261 817.279 817.28 817.284 817.295 817.279 817.284 817.284 817.283 817.28 817.275 817.29 817.287 817.296 817.278 817.287 817.282 817.281 817.277 817.287 817.288 817.291 817.291 817.282 817.285 817.288 817.295 817.288 817.296 817.287 817.325 
817.426 817.333 817.352 817.353 817.357 817.369 817.354 817.359 817.359 817.358 817.355 817.35 817.366 817.361 817.37 817.353 817.361 817.357 817.356 817.352 817.361 817.363 817.365 817.366 817.357 817.358 817.362 817.369 817.362 817.37 817.362 817.403 
817.511 817.41 817.43 817.43 817.434 817.448 817.432 817.438 817.438 817.436 817.434 817.429 817.446 817.441 817.449 817.433 817.44 817.436 817.434 817.431 817.438 817.442 817.445 817.446 817.436 817.436 817.44 817.446 817.44 817.448 817.439 817.485 
817.6 817.49 817.513 817.511 817.516 817.53 817.514 817.521 817.521 817.519 817.518 817.513 817.531 817.525 817.531 817.517 817.522 817.518 817.516 817.514 817.52 817.525 817.528 817.529 817.519 817.518 817.522 817.528 817.523 817.53 817.521 817.571 
817.693 817.574 817.599 817.596 817.602 817.616 817.601 817.607 817.609 817.606 817.606 817.602 817.619 817.613 817.618 817.605 817.609 817.604 817.602 817.601 817.605 817.612 817.615 817.617 817.606 817.604 817.608 817.613 817.61 817.616 817.606 817.661 
817.79 817.662 817.689 817.686 817.691 817.706 817.692 817.698 817.701 817.697 817.697 817.695 817.711 817.705 817.709 817.697 817.699 817.695 817.692 817.692 817.694 817.703 817.706 817.708 817.696 817.695 817.697 817.701 817.701 817.706 817.694 817.754 
817.891 817.754 817.782 817.78 817.785 817.8 817.787 817.792 817.796 817.792 817.792 817.792 817.806 817.801 817.803 817.792 817.794 817.789 817.787 817.786 817.788 817.798 817.8 817.802 817.79 817.79 817.79 817.794 817.796 817.799 817.786 817.852 
817.996 817.85 817.88 817.878 817.883 817.897 817.886 817.89 817.895 817.89 817.891 817.893 817.904 817.9 817.901 817.89 817.892 817.887 817.885 817.885 817.885 817.896 817.897 817.9 817.888 817.888 817.888 817.891 817.894 817.896 817.882 817.953 
818.105 817.949 817.98 817.979 817.984 817.998 817.989 817.992 817.997 817.991 817.993 817.996 818.006 818.003 818.002 817.992 817.994 817.989 817.987 817.988 817.986 817.998 817.998 818.001 817.99 817.99 817.989 817.993 817.996 817.997 817.981 818.058 
818.216 818.051 818.084 818.084 818.089 818.102 818.095 818.097 818.103 818.096 818.098 818.103 818.113 818.11 818.107 818.097 818.099 818.095 818.093 818.094 818.09 818.103 818.102 818.106 818.095 818.095 818.093 818.098 818.101 818.101 818.084 818.167 
818.331 818.155 818.191 818.193 818.197 818.209 818.204 818.205 818.212 818.203 818.206 818.211 818.222 818.22 818.216 818.204 818.208 818.204 818.202 818.204 818.198 818.211 818.21 818.214 818.204 818.203 818.201 818.207 818.21 818.208 818.189 818.28 
818.449 818.262 818.3 818.304 818.309 818.32 818.316 818.317 818.324 818.312 818.318 818.323 818.335 818.333 818.328 818.315 818.319 818.317 818.313 818.316 818.309 818.323 818.321 818.326 818.317 818.314 818.313 818.319 818.322 818.318 818.297 818.396 
818.569 818.371 818.412 818.417 818.422 818.434 818.431 818.431 818.438 818.425 818.432 818.437 818.451 818.449 818.444 818.429 818.433 818.432 818.428 818.431 818.423 818.437 818.434 818.441 818.432 818.429 818.427 818.434 818.437 818.431 818.407 818.515 
818.693 818.482 818.526 818.534 818.539 818.55 818.548 818.548 818.555 818.539 818.55 818.554 818.569 818.568 818.561 818.545 818.551 818.55 818.545 818.548 818.539 818.553 818.55 818.559 818.55 818.546 818.544 818.551 818.554 818.546 818.52 818.637 
818.819 818.596 818.643 818.653 818.657 818.669 818.667 818.668 818.674 818.657 818.67 818.673 818.69 818.688 818.681 818.664 818.67 818.67 818.665 818.667 818.657 818.672 818.669 818.678 818.67 818.666 818.663 818.669 818.674 818.663 818.635 818.762 
818.948 818.712 818.761 818.775 818.778 818.791 818.788 818.789 818.795 818.777 818.792 818.795 818.812 818.809 818.803 818.786 818.793 818.793 818.787 818.788 818.778 818.792 818.791 818.8 818.791 818.788 818.784 818.789 818.795 818.783 818.753 818.89 
819.08 818.83 818.882 818.899 818.901 818.915 818.912 818.913 818.918 818.9 818.916 818.919 818.936 818.932 818.926 818.91 818.917 818.917 818.912 818.91 818.9 818.915 818.914 818.924 818.915 818.912 818.908 818.911 818.918 818.903 818.872 819.019 
819.213 818.951 819.005 819.024 819.026 819.04 819.037 819.038 819.043 819.024 819.041 819.045 819.063 819.057 819.05 819.036 819.044 819.044 819.039 819.034 819.024 819.04 819.04 819.049 819.041 819.037 819.032 819.034 819.043 819.026 818.994 819.15 
819.348 819.074 819.13 819.151 819.153 819.167 819.164 819.165 819.171 819.151 819.167 819.174 819.191 819.183 819.177 819.164 819.173 819.172 819.168 819.16 819.149 819.166 819.167 819.175 819.17 819.163 819.159 819.158 819.17 819.151 819.117 819.282 
819.485 819.199 819.256 819.279 819.282 819.295 819.291 819.293 819.301 819.279 819.296 819.303 819.32 819.31 819.305 819.293 819.303 819.301 819.299 819.287 819.276 819.295 819.297 819.303 819.3 819.291 819.287 819.284 819.299 819.278 819.241 819.416 
819.623 819.326 819.384 819.409 819.412 819.424 819.421 819.423 819.432 819.409 819.426 819.434 819.45 819.439 819.435 819.424 819.433 819.432 819.43 819.417 819.404 819.425 819.428 819.433 819.431 819.42 819.416 819.411 819.43 819.407 819.368 819.552 
819.763 819.453 819.513 819.539 819.542 819.555 819.551 819.553 819.565 819.54 819.557 819.566 819.582 819.569 819.566 819.556 819.565 819.564 819.562 819.548 819.535 819.556 819.561 819.564 819.563 819.55 819.547 819.541 819.562 819.538 819.495 819.688 
819.904 819.582 819.644 819.67 819.674 819.687 819.683 819.686 819.7 819.673 819.689 819.699 819.715 819.701 819.699 819.689 819.696 819.696 819.694 819.68 819.666 819.688 819.695 819.697 819.695 819.681 819.678 819.672 819.694 819.67 819.624 819.826 
820.047 819.71 819.775 819.802 819.806 819.82 819.817 819.819 819.835 819.806 819.822 819.833 819.849 819.833 819.832 819.823 819.828 819.83 819.827 819.813 819.799 819.821 819.829 819.832 819.826 819.812 819.809 819.804 819.827 819.802 819.753 819.966 
820.191 819.84 819.907 819.934 819.939 819.954 819.951 819.953 819.971 819.942 819.956 819.968 819.984 819.966 819.966 819.957 819.961 819.964 819.961 819.948 819.933 819.955 819.964 819.967 819.958 819.944 819.94 819.937 819.96 819.936 819.883 820.106 
820.336 819.969 820.04 820.067 820.073 820.089 820.087 820.088 820.107 820.078 820.09 820.105 820.119 820.101 820.101 820.093 820.095 820.099 820.096 820.082 820.068 820.089 820.099 820.103 820.09 820.075 820.072 820.071 820.093 820.07 820.013 820.246 
820.481 820.099 820.173 820.2 820.209 820.225 820.224 820.224 820.243 820.214 820.224 820.242 820.255 820.236 820.237 820.23 820.23 820.234 820.231 820.217 820.204 820.224 820.234 820.24 820.222 820.208 820.205 820.205 820.226 820.203 820.143 820.387 
820.626 820.228 820.306 820.334 820.344 820.361 820.362 820.359 820.379 820.351 820.359 820.38 820.39 820.371 820.373 820.367 820.365 820.37 820.368 820.353 820.341 820.359 820.369 820.376 820.355 820.34 820.339 820.339 820.361 820.337 820.273 820.528 
820.772 820.359 820.44 820.467 820.48 820.498 820.5 820.495 820.516 820.487 820.495 820.518 820.526 820.507 820.509 820.503 820.502 820.506 820.504 820.488 820.478 820.494 820.505 820.512 820.489 820.474 820.474 820.473 820.495 820.471 820.404 820.669 
820.917 820.489 820.573 820.602 820.616 820.634 820.639 820.63 820.652 820.623 820.63 820.656 820.662 820.643 820.646 820.639 820.638 820.643 820.641 820.624 820.615 820.629 820.641 820.647 820.623 820.607 820.608 820.607 820.63 820.605 820.536 820.809 
821.064 820.621 820.708 820.736 820.752 820.77 820.777 820.766 820.789 820.759 820.766 820.793 820.797 820.78 820.783 820.775 820.774 820.78 820.777 820.76 820.752 820.765 820.778 820.782 820.757 820.741 820.743 820.742 820.766 820.739 820.667 820.949 
821.21 820.752 820.841 820.872 820.887 820.906 820.916 820.903 820.926 820.895 820.901 820.93 820.933 820.916 820.92 820.911 820.91 820.918 820.912 820.897 820.888 820.901 820.915 820.917 820.892 820.875 820.878 820.877 820.901 820.874 820.799 821.088 
821.357 820.884 820.975 821.008 821.022 821.041 821.054 821.04 821.064 821.031 821.036 821.067 821.068 821.052 821.057 821.047 821.046 821.055 821.048 821.034 821.025 821.036 821.052 821.051 821.027 821.008 821.013 821.013 821.037 821.008 820.931 821.227 
821.503 821.016 821.108 821.144 821.157 821.176 821.191 821.177 821.202 821.167 821.171 821.204 821.203 821.188 821.194 821.184 821.181 821.192 821.183 821.17 821.161 821.172 821.19 821.186 821.162 821.141 821.147 821.148 821.172 821.143 821.063 821.366 
821.65 821.148 821.241 821.281 821.292 821.311 821.328 821.314 821.339 821.304 821.307 821.341 821.338 821.324 821.331 821.32 821.315 821.328 821.32 821.307 821.296 821.308 821.327 821.321 821.297 821.274 821.281 821.283 821.307 821.278 821.195 821.504 
821.795 821.279 821.374 821.418 821.426 821.445 821.465 821.451 821.476 821.441 821.443 821.477 821.473 821.461 821.468 821.457 821.45 821.465 821.457 821.445 821.431 821.443 821.463 821.457 821.433 821.406 821.414 821.418 821.444 821.413 821.327 821.643 
821.941 821.409 821.508 821.555 821.561 821.579 821.601 821.587 821.613 821.578 821.58 821.613 821.609 821.597 821.603 821.594 821.585 821.601 821.594 821.582 821.567 821.578 821.599 821.593 821.569 821.538 821.547 821.552 821.581 821.548 821.458 821.782 
822.087 821.54 821.641 821.691 821.695 821.714 821.736 821.723 821.75 821.715 821.717 821.748 821.744 821.734 821.739 821.73 821.72 821.738 821.732 821.72 821.703 821.713 821.734 821.729 821.706 821.67 821.679 821.686 821.718 821.683 821.59 821.92 
822.233 821.669 821.775 821.826 821.829 821.848 821.871 821.858 821.887 821.852 821.855 821.882 821.879 821.87 821.874 821.867 821.856 821.876 821.87 821.859 821.84 821.848 821.869 821.866 821.842 821.803 821.811 821.819 821.855 821.817 821.722 822.058 
822.378 821.799 821.908 821.961 821.964 821.983 822.006 821.993 822.024 821.99 821.992 822.016 822.013 822.007 822.009 822.003 821.992 822.013 822.008 821.998 821.978 821.983 822.003 822.003 821.978 821.937 821.943 821.953 821.993 821.951 821.854 822.196 
822.523 821.93 822.041 822.096 822.1 822.118 822.141 822.129 822.161 822.127 822.129 822.149 822.148 822.142 822.145 822.14 822.128 822.15 822.145 822.136 822.116 822.118 822.138 822.14 822.114 822.071 822.075 822.087 822.129 822.085 821.986 822.333 
822.668 822.06 822.174 822.231 822.237 822.253 822.276 822.265 822.298 822.265 822.267 822.282 822.282 822.278 822.281 822.277 822.264 822.286 822.282 822.272 822.254 822.254 822.273 822.276 822.25 822.206 822.208 822.221 822.264 822.219 822.118 822.471 
822.812 822.191 822.307 822.367 822.373 822.388 822.41 822.402 822.433 822.402 822.404 822.416 822.417 822.414 822.417 822.415 822.399 822.422 822.418 822.408 822.392 822.389 822.408 822.412 822.387 822.34 822.341 822.356 822.399 822.353 822.249 822.609 
822.956 822.322 822.44 822.502 822.509 822.523 822.545 822.538 822.569 822.539 822.54 822.549 822.552 822.55 822.554 822.554 822.534 822.557 822.553 822.543 822.53 822.524 822.544 822.548 822.524 822.474 822.473 822.492 822.533 822.488 822.381 822.746 
823.101 822.452 822.574 822.636 822.644 822.658 822.679 822.674 822.704 822.675 822.677 822.684 822.686 822.686 822.69 822.693 822.669 822.692 822.687 822.678 822.667 822.658 822.679 822.683 822.661 822.608 822.606 822.628 822.667 822.623 822.512 822.884 
823.245 822.581 822.708 822.77 822.779 822.793 822.813 822.809 822.839 822.811 822.812 822.819 822.82 822.822 822.826 822.831 822.803 822.828 822.821 822.812 822.803 822.792 822.813 822.818 822.798 822.742 822.738 822.764 822.8 822.757 822.642 823.021 
823.389 822.711 822.842 822.902 822.913 822.928 822.947 822.944 822.974 822.945 822.947 822.955 822.954 822.958 822.962 822.969 822.937 822.964 822.955 822.946 822.939 822.926 822.948 822.952 822.935 822.877 822.871 822.899 822.934 822.892 822.773 823.158 
823.532 822.84 822.975 823.035 823.047 823.063 823.08 823.078 823.108 823.079 823.081 823.09 823.087 823.094 823.098 823.105 823.07 823.101 823.09 823.08 823.074 823.059 823.083 823.086 823.071 823.012 823.005 823.033 823.068 823.026 822.904 823.295 
823.676 822.971 823.109 823.167 823.18 823.198 823.214 823.212 823.242 823.213 823.214 823.226 823.22 823.229 823.233 823.241 823.204 823.238 823.226 823.215 823.209 823.193 823.217 823.22 823.207 823.147 823.138 823.167 823.201 823.159 823.035 823.432 
823.82 823.102 823.242 823.3 823.314 823.332 823.347 823.346 823.376 823.346 823.348 823.362 823.353 823.365 823.367 823.376 823.338 823.374 823.362 823.349 823.344 823.327 823.351 823.353 823.343 823.281 823.271 823.3 823.335 823.292 823.165 823.569 
823.963 823.233 823.374 823.434 823.448 823.467 823.48 823.48 823.511 823.479 823.481 823.498 823.485 823.5 823.502 823.51 823.472 823.51 823.499 823.484 823.478 823.46 823.485 823.486 823.478 823.414 823.403 823.434 823.468 823.425 823.295 823.706 
824.105 823.364 823.505 823.568 823.582 823.6 823.612 823.615 823.645 823.612 823.615 823.633 823.618 823.636 823.636 823.643 823.607 823.646 823.635 823.618 823.613 823.594 823.619 823.619 823.613 823.546 823.534 823.567 823.602 823.557 823.425 823.844 
824.247 823.495 823.637 823.703 823.716 823.734 823.744 823.749 823.78 823.744 823.749 823.767 823.751 823.771 823.77 823.776 823.742 823.781 823.77 823.753 823.747 823.727 823.752 823.753 823.747 823.678 823.664 823.7 823.735 823.689 823.555 823.982 
824.388 823.625 823.767 823.837 823.849 823.867 823.876 823.883 823.914 823.876 823.883 823.901 823.883 823.906 823.903 823.909 823.878 823.914 823.904 823.886 823.882 823.86 823.885 823.886 823.881 823.81 823.794 823.833 823.868 823.821 823.684 824.12 
824.529 823.753 823.898 823.972 823.982 824 824.008 824.017 824.048 824.008 824.016 824.034 824.015 824.04 824.036 824.042 824.013 824.047 824.038 824.02 824.015 823.993 824.017 824.019 824.014 823.942 823.924 823.966 824 823.952 823.813 824.257 
824.669 823.881 824.028 824.105 824.113 824.132 824.14 824.15 824.181 824.14 824.15 824.168 824.146 824.173 824.167 824.174 824.148 824.179 824.171 824.153 824.148 824.124 824.149 824.151 824.147 824.073 824.054 824.098 824.131 824.083 823.942 824.394 
824.808 824.008 824.157 824.238 824.244 824.263 824.271 824.282 824.312 824.272 824.282 824.301 824.277 824.306 824.298 824.306 824.281 824.31 824.305 824.285 824.28 824.256 824.28 824.284 824.279 824.204 824.184 824.23 824.262 824.214 824.07 824.53 
824.947 824.133 824.286 824.369 824.375 824.393 824.402 824.413 824.443 824.403 824.414 824.433 824.407 824.438 824.428 824.437 824.414 824.441 824.438 824.417 824.411 824.386 824.411 824.415 824.41 824.335 824.314 824.361 824.392 824.344 824.198 824.666 
825.085 824.258 824.414 824.499 824.504 824.523 824.532 824.543 824.573 824.533 824.545 824.565 824.538 824.569 824.556 824.568 824.546 824.572 824.571 824.548 824.542 824.516 824.54 824.546 824.54 824.464 824.443 824.492 824.521 824.474 824.324 824.801 
825.222 824.381 824.541 824.628 824.634 824.652 824.662 824.672 824.703 824.663 824.675 824.696 824.669 824.7 824.684 824.697 824.677 824.703 824.704 824.678 824.671 824.645 824.669 824.676 824.67 824.593 824.571 824.621 824.651 824.604 824.45 824.935 
825.357 824.503 824.667 824.756 824.763 824.78 824.792 824.801 824.832 824.791 824.804 824.826 824.799 824.829 824.812 824.827 824.807 824.834 824.835 824.807 824.799 824.772 824.797 824.803 824.799 824.72 824.697 824.75 824.779 824.733 824.576 825.069 
825.491 824.625 824.794 824.883 824.891 824.907 824.92 824.929 824.96 824.919 824.931 824.954 824.93 824.957 824.939 824.955 824.937 824.964 824.965 824.935 824.926 824.9 824.924 824.929 824.927 824.846 824.823 824.878 824.907 824.86 824.701 825.202 
825.625 824.746 824.92 825.009 825.018 825.034 825.049 825.055 825.087 825.046 825.058 825.081 825.059 825.084 825.066 825.082 825.065 825.093 825.093 825.063 825.052 825.026 825.051 825.054 825.056 824.971 824.949 825.006 825.034 824.987 824.825 825.334 
825.759 824.866 825.046 825.135 825.145 825.16 825.176 825.182 825.213 825.172 825.183 825.206 825.186 825.209 825.192 825.208 825.193 825.221 825.22 825.19 825.177 825.151 825.176 825.178 825.183 825.095 825.074 825.133 825.16 825.113 824.949 825.465 
825.891 824.986 825.171 825.259 825.27 825.285 825.303 825.307 825.337 825.298 825.307 825.331 825.313 825.333 825.316 825.333 825.319 825.349 825.346 825.317 825.301 825.276 825.301 825.302 825.31 825.22 825.199 825.26 825.286 825.237 825.073 825.595 
826.023 825.106 825.296 825.383 825.394 825.408 825.428 825.432 825.46 825.423 825.43 825.456 825.437 825.457 825.44 825.456 825.444 825.475 825.47 825.443 825.424 825.4 825.424 825.425 825.435 825.343 825.322 825.386 825.41 825.361 825.195 825.724 
826.153 825.224 825.418 825.505 825.518 825.531 825.551 825.556 825.582 825.547 825.552 825.58 825.559 825.58 825.562 825.579 825.568 825.6 825.593 825.569 825.547 825.522 825.546 825.548 825.559 825.466 825.445 825.51 825.534 825.483 825.316 825.852 
826.281 825.342 825.539 825.627 825.64 825.652 825.672 825.678 825.703 825.67 825.672 825.704 825.68 825.702 825.684 825.701 825.691 825.723 825.716 825.693 825.669 825.643 825.667 825.669 825.682 825.587 825.566 825.633 825.657 825.605 825.437 825.978 
826.409 825.458 825.658 825.747 825.76 825.772 825.791 825.799 825.822 825.79 825.792 825.825 825.801 825.824 825.805 825.821 825.812 825.844 825.837 825.816 825.79 825.763 825.786 825.79 825.803 825.707 825.685 825.754 825.778 825.724 825.556 826.102 
826.534 825.573 825.774 825.866 825.878 825.89 825.909 825.918 825.94 825.909 825.91 825.945 825.92 825.944 825.925 825.94 825.931 825.963 825.957 825.937 825.909 825.881 825.904 825.91 825.923 825.826 825.804 825.874 825.898 825.842 825.674 826.224 
826.659 825.686 825.889 825.983 825.993 826.007 826.026 826.035 826.055 826.025 826.027 826.063 826.038 826.063 826.043 826.058 826.049 826.081 826.076 826.056 826.027 825.999 826.021 826.028 826.041 825.943 825.921 825.992 826.018 825.958 825.791 826.344 
826.781 825.796 826.002 826.098 826.106 826.121 826.141 826.151 826.169 826.14 826.141 826.178 826.155 826.18 826.16 826.175 826.166 826.196 826.194 826.172 826.143 826.116 826.137 826.145 826.156 826.059 826.037 826.108 826.135 826.072 825.906 826.463 
826.901 825.905 826.113 826.211 826.217 826.233 826.254 826.265 826.28 826.252 826.254 826.291 826.27 826.295 826.274 826.289 826.282 826.309 826.309 826.286 826.257 826.231 826.252 826.26 826.27 826.173 826.15 826.223 826.251 826.184 826.019 826.58 
827.017 826.012 826.222 826.323 826.327 826.344 826.365 826.376 826.39 826.363 826.364 826.401 826.382 826.409 826.386 826.402 826.395 826.421 826.421 826.398 826.369 826.344 826.364 826.373 826.381 826.285 826.262 826.335 826.365 826.294 826.13 826.696 
827.132 826.118 826.329 826.432 826.435 826.452 826.474 826.485 826.498 826.471 826.471 826.509 826.493 826.52 826.496 826.513 826.507 826.53 826.531 826.508 826.48 826.456 826.475 826.484 826.49 826.394 826.37 826.445 826.477 826.402 826.239 826.81 
827.243 826.221 826.433 826.539 826.541 826.558 826.581 826.591 826.604 826.577 826.577 826.616 826.601 826.628 826.603 826.622 826.615 826.637 826.639 826.615 826.589 826.565 826.583 826.593 826.598 826.501 826.476 826.553 826.585 826.509 826.344 826.922 
827.352 826.322 826.536 826.643 826.646 826.663 826.685 826.695 826.708 826.68 826.681 826.72 826.708 826.734 826.708 826.729 826.721 826.742 826.744 826.721 826.696 826.671 826.689 826.698 826.703 826.606 826.58 826.658 826.691 826.613 826.447 827.032 
827.459 826.421 826.636 826.745 826.748 826.764 826.787 826.796 826.81 826.78 826.784 826.822 826.811 826.837 826.811 826.833 826.824 826.844 826.846 826.824 826.8 826.775 826.792 826.801 826.807 826.708 826.681 826.761 826.795 826.716 826.547 827.14 
827.564 826.518 826.733 826.845 826.848 826.864 826.886 826.894 826.909 826.879 826.884 826.922 826.912 826.938 826.911 826.935 826.924 826.944 826.947 826.925 826.901 826.876 826.893 826.902 826.908 826.807 826.779 826.861 826.896 826.815 826.645 827.245 
827.666 826.613 826.827 826.941 826.945 826.961 826.982 826.99 827.006 826.976 826.982 827.019 827.01 827.036 827.008 827.034 827.021 827.043 827.044 827.023 826.999 826.975 826.99 826.999 827.006 826.903 826.875 826.958 826.994 826.913 826.741 827.347 
827.765 826.705 826.918 827.035 827.039 827.056 827.075 827.084 827.1 827.071 827.078 827.114 827.105 827.132 827.102 827.13 827.116 827.138 827.139 827.118 827.094 827.071 827.084 827.093 827.101 826.996 826.968 827.053 827.089 827.007 826.834 827.447 
827.861 826.794 827.006 827.126 827.129 827.148 827.166 827.175 827.192 827.163 827.171 827.206 827.197 827.225 827.194 827.223 827.207 827.231 827.231 827.211 827.185 827.164 827.176 827.185 827.193 827.086 827.058 827.145 827.181 827.099 826.924 827.543 
827.952 826.88 827.092 827.214 827.216 827.237 827.253 827.263 827.28 827.252 827.26 827.295 827.285 827.315 827.282 827.312 827.296 827.321 827.32 827.3 827.274 827.253 827.264 827.274 827.282 827.174 827.145 827.234 827.27 827.188 827.01 827.637 
828.039 826.963 827.175 827.298 827.3 827.322 827.337 827.348 827.366 827.338 827.345 827.379 827.369 827.402 827.368 827.398 827.383 827.407 827.406 827.387 827.36 827.34 827.349 827.36 827.367 827.258 827.23 827.32 827.355 827.274 827.093 827.727 
828.123 827.042 827.255 827.379 827.38 827.404 827.418 827.431 827.449 827.42 827.427 827.461 827.45 827.485 827.449 827.481 827.466 827.49 827.489 827.471 827.443 827.423 827.431 827.444 827.45 827.339 827.311 827.403 827.436 827.356 827.174 827.814 
828.203 827.117 827.333 827.456 827.457 827.483 827.495 827.511 827.528 827.499 827.506 827.539 827.528 827.566 827.528 827.56 827.546 827.57 827.568 827.551 827.523 827.503 827.511 827.525 827.531 827.417 827.39 827.484 827.514 827.435 827.251 827.898 
828.279 827.189 827.408 827.53 827.531 827.558 827.569 827.587 827.606 827.575 827.582 827.614 827.602 827.644 827.604 827.637 827.623 827.646 827.644 827.628 827.601 827.58 827.588 827.603 827.61 827.492 827.465 827.561 827.588 827.511 827.325 827.978 
828.353 827.258 827.48 827.602 827.601 827.63 827.64 827.66 827.68 827.648 827.654 827.686 827.673 827.719 827.678 827.71 827.697 827.719 827.717 827.7 827.676 827.654 827.661 827.679 827.686 827.565 827.538 827.634 827.66 827.583 827.397 828.055 
