816.675 816.675 816.675 816.675 816.675 816.675 816.675 816.675 816.675 816.675 816.675 816.675 816.675 816.675 816.675 816.675 816.675 816.675 816.675 816.675 816.675 816.675 816.675 816.675 816.675 816.675 816.675 816.675 816.675 816.675 816.675 816.675 
816.713 816.715 816.717 816.717 816.717 816.717 816.717 816.717 816.718 816.718 816.716 816.717 816.717 816.717 816.717 816.716 816.717 816.717 816.717 816.716 816.718 816.717 816.717 816.718 816.717 816.719 816.717 816.718 816.717 816.718 816.716 816.712 
816.754 816.757 816.76 816.761 816.76 816.761 816.761 816.761 816.762 816.762 816.759 816.76 816.761 816.76 816.761 816.759 816.761 816.76 816.761 816.759 816.762 816.76 816.761 816.763 816.761 816.764 816.76 816.762 816.761 816.762 816.759 816.75 
816.796 816.801 816.805 816.806 816.805 816.807 816.807 816.808 816.808 816.808 816.804 816.805 816.806 816.806 816.808 816.804 816.807 816.805 816.806 816.804 816.809 816.805 816.807 816.81 816.806 816.811 816.806 816.809 816.807 816.809 816.804 816.791 
816.84 816.849 816.853 816.855 816.854 816.856 816.855 816.857 816.857 816.857 816.852 816.853 816.855 816.855 816.857 816.852 816.856 816.853 816.855 816.853 816.858 816.853 816.856 816.859 816.855 816.861 816.854 816.858 816.856 816.858 816.853 816.835 
816.888 816.9 816.905 816.906 816.906 816.909 816.906 816.909 816.909 816.908 816.904 816.904 816.908 816.907 816.91 816.904 816.908 816.904 816.907 816.904 816.91 816.904 816.909 816.912 816.906 816.913 816.905 816.911 816.908 816.912 816.906 816.882 
816.94 816.954 816.96 816.961 816.962 816.966 816.961 816.965 816.964 816.963 816.96 816.958 816.964 816.963 816.967 816.959 816.964 816.959 816.962 816.96 816.967 816.959 816.965 816.968 816.961 816.969 816.961 816.968 816.965 816.968 816.963 816.934 
816.996 817.013 817.019 817.021 817.022 817.028 817.02 817.026 817.024 817.022 817.02 817.017 817.024 817.024 817.028 817.018 817.025 817.019 817.021 817.019 817.027 817.019 817.026 817.028 817.021 817.029 817.021 817.029 817.025 817.029 817.023 816.99 
817.057 817.075 817.083 817.084 817.086 817.093 817.083 817.089 817.087 817.085 817.083 817.08 817.088 817.088 817.093 817.081 817.089 817.082 817.084 817.082 817.091 817.083 817.091 817.092 817.084 817.092 817.085 817.094 817.089 817.094 817.088 817.05 
817.123 817.141 817.151 817.152 817.155 817.162 817.15 817.157 817.155 817.153 817.151 817.148 817.157 817.157 817.163 817.148 817.157 817.15 817.151 817.149 817.159 817.153 817.159 817.16 817.152 817.159 817.153 817.163 817.158 817.163 817.156 817.114 
817.193 817.211 817.222 817.224 817.227 817.235 817.222 817.229 817.227 817.225 817.223 817.22 817.23 817.229 817.236 817.22 817.23 817.222 817.223 817.22 817.232 817.226 817.232 817.233 817.224 817.23 817.226 817.236 817.23 817.236 817.229 817.182 
817.267 817.284 817.298 817.3 817.303 817.313 817.298 817.304 817.303 817.302 817.299 817.295 817.307 817.305 817.314 817.296 817.306 817.299 817.299 817.295 817.307 817.304 817.309 817.309 817.3 817.304 817.304 817.313 817.307 817.313 817.305 817.254 
817.346 817.362 817.378 817.379 817.383 817.394 817.378 817.384 817.383 817.382 817.379 817.375 817.388 817.385 817.395 817.376 817.386 817.38 817.38 817.376 817.387 817.386 817.389 817.39 817.38 817.383 817.385 817.393 817.387 817.394 817.386 817.331 
817.43 817.444 817.462 817.462 817.467 817.478 817.462 817.468 817.468 817.467 817.463 817.459 817.473 817.47 817.479 817.461 817.47 817.465 817.464 817.46 817.47 817.471 817.474 817.474 817.465 817.466 817.471 817.478 817.471 817.479 817.47 817.412 
817.517 817.531 817.549 817.55 817.554 817.567 817.55 817.556 817.556 817.555 817.552 817.547 817.564 817.558 817.568 817.55 817.558 817.554 817.553 817.549 817.558 817.56 817.563 817.563 817.554 817.553 817.559 817.566 817.559 817.567 817.559 817.497 
817.609 817.621 817.641 817.641 817.646 817.659 817.643 817.649 817.649 817.648 817.645 817.64 817.658 817.652 817.66 817.644 817.651 817.647 817.645 817.642 817.649 817.654 817.656 817.657 817.647 817.645 817.652 817.657 817.651 817.659 817.65 817.586 
817.704 817.715 817.738 817.736 817.741 817.756 817.739 817.746 817.747 817.744 817.743 817.738 817.756 817.749 817.757 817.742 817.748 817.744 817.742 817.739 817.745 817.751 817.753 817.755 817.744 817.741 817.749 817.753 817.748 817.755 817.746 817.678 
817.804 817.813 817.838 817.835 817.841 817.856 817.84 817.847 817.848 817.845 817.845 817.841 817.859 817.852 817.857 817.844 817.848 817.844 817.842 817.84 817.844 817.851 817.854 817.856 817.845 817.842 817.849 817.852 817.849 817.855 817.845 817.775 
817.907 817.915 817.942 817.939 817.945 817.96 817.945 817.951 817.954 817.95 817.95 817.948 817.964 817.958 817.962 817.95 817.953 817.948 817.946 817.945 817.947 817.956 817.959 817.961 817.95 817.947 817.953 817.954 817.954 817.959 817.947 817.875 
818.015 818.021 818.049 818.047 818.053 818.068 818.054 818.06 818.063 818.059 818.059 818.06 818.073 818.068 818.07 818.059 818.061 818.057 818.054 818.054 818.055 818.065 818.067 818.07 818.058 818.056 818.061 818.061 818.063 818.067 818.053 817.979 
818.126 818.131 818.161 818.159 818.164 818.179 818.167 818.172 818.176 818.171 818.172 818.174 818.186 818.181 818.182 818.171 818.173 818.169 818.166 818.167 818.166 818.177 818.179 818.181 818.17 818.168 818.173 818.172 818.175 818.178 818.163 818.087 
818.241 818.244 818.275 818.274 818.279 818.294 818.284 818.288 818.293 818.287 818.288 818.292 818.302 818.298 818.298 818.287 818.289 818.285 818.282 818.283 818.281 818.293 818.293 818.297 818.285 818.284 818.289 818.288 818.291 818.292 818.276 818.199 
818.359 818.36 818.393 818.393 818.398 818.412 818.404 818.407 818.412 818.405 818.407 818.412 818.423 818.419 818.417 818.406 818.408 818.405 818.402 818.404 818.399 818.412 818.412 818.415 818.405 818.403 818.408 818.407 818.41 818.41 818.393 818.315 
818.48 818.479 818.514 818.516 818.521 818.533 818.527 818.53 818.535 818.526 818.529 818.535 818.546 818.543 818.54 818.527 818.531 818.528 818.525 818.527 818.521 818.535 818.533 818.538 818.528 818.526 818.531 818.53 818.533 818.531 818.512 818.434 
818.604 818.6 818.637 818.641 818.646 818.658 818.653 818.655 818.661 818.65 818.655 818.66 818.673 818.67 818.666 818.652 818.657 818.655 818.651 818.654 818.646 818.66 818.658 818.664 818.654 818.651 818.657 818.656 818.659 818.655 818.634 818.557 
818.731 818.723 818.763 818.768 818.774 818.786 818.782 818.783 818.79 818.776 818.784 818.789 818.803 818.801 818.795 818.78 818.785 818.784 818.779 818.783 818.774 818.788 818.786 818.793 818.784 818.78 818.786 818.785 818.788 818.782 818.758 818.682 
818.861 818.848 818.891 818.899 818.904 818.916 818.913 818.914 818.921 818.905 818.915 818.92 818.935 818.933 818.927 818.91 818.916 818.916 818.91 818.914 818.904 818.919 818.916 818.924 818.916 818.912 818.918 818.916 818.919 818.912 818.885 818.812 
818.994 818.976 819.022 819.032 819.037 819.05 819.046 819.048 819.054 819.037 819.049 819.053 819.07 819.067 819.061 819.044 819.05 819.051 819.044 819.047 819.037 819.051 819.049 819.058 819.049 819.046 819.053 819.048 819.053 819.043 819.014 818.943 
819.13 819.105 819.154 819.168 819.172 819.185 819.182 819.184 819.189 819.171 819.185 819.189 819.206 819.202 819.196 819.179 819.186 819.187 819.181 819.181 819.171 819.186 819.184 819.194 819.185 819.183 819.189 819.182 819.188 819.176 819.146 819.077 
819.268 819.238 819.289 819.306 819.309 819.323 819.319 819.321 819.326 819.307 819.323 819.327 819.345 819.339 819.333 819.317 819.325 819.326 819.32 819.318 819.307 819.323 819.322 819.332 819.323 819.321 819.328 819.318 819.325 819.311 819.279 819.213 
819.408 819.373 819.426 819.445 819.448 819.463 819.458 819.461 819.465 819.446 819.462 819.467 819.485 819.478 819.472 819.457 819.466 819.466 819.461 819.456 819.445 819.461 819.462 819.471 819.463 819.46 819.468 819.455 819.464 819.448 819.415 819.351 
819.549 819.51 819.565 819.586 819.589 819.604 819.599 819.602 819.607 819.587 819.602 819.609 819.627 819.618 819.613 819.599 819.609 819.608 819.604 819.595 819.584 819.602 819.603 819.611 819.605 819.601 819.609 819.593 819.605 819.587 819.552 819.49 
819.692 819.649 819.705 819.729 819.732 819.746 819.741 819.744 819.75 819.729 819.745 819.753 819.77 819.76 819.755 819.743 819.753 819.752 819.748 819.737 819.725 819.744 819.747 819.753 819.75 819.743 819.753 819.733 819.748 819.728 819.691 819.631 
819.837 819.79 819.847 819.872 819.876 819.889 819.884 819.887 819.896 819.873 819.889 819.898 819.915 819.902 819.899 819.888 819.897 819.896 819.894 819.88 819.868 819.888 819.892 819.897 819.895 819.887 819.897 819.875 819.893 819.871 819.831 819.773 
819.983 819.931 819.99 820.016 820.02 820.034 820.028 820.032 820.043 820.018 820.034 820.044 820.061 820.046 820.044 820.033 820.043 820.042 820.04 820.026 820.012 820.034 820.039 820.042 820.041 820.031 820.043 820.018 820.039 820.016 819.973 819.916 
820.131 820.074 820.135 820.161 820.166 820.18 820.175 820.178 820.192 820.164 820.18 820.191 820.208 820.192 820.191 820.18 820.188 820.189 820.186 820.172 820.157 820.18 820.187 820.189 820.187 820.177 820.189 820.163 820.185 820.162 820.115 820.061 
820.281 820.216 820.28 820.307 820.312 820.327 820.322 820.326 820.341 820.312 820.327 820.339 820.356 820.338 820.338 820.328 820.334 820.337 820.333 820.319 820.304 820.327 820.335 820.338 820.332 820.323 820.336 820.309 820.332 820.308 820.258 820.207 
820.431 820.36 820.427 820.453 820.459 820.475 820.471 820.474 820.491 820.462 820.475 820.488 820.505 820.485 820.486 820.477 820.481 820.485 820.481 820.468 820.452 820.475 820.484 820.487 820.478 820.47 820.483 820.456 820.479 820.456 820.402 820.353 
820.582 820.503 820.573 820.6 820.608 820.624 820.621 820.623 820.641 820.612 820.623 820.639 820.654 820.634 820.635 820.626 820.629 820.634 820.63 820.616 820.602 820.623 820.633 820.637 820.624 820.618 820.632 820.604 820.626 820.604 820.546 820.501 
820.734 820.647 820.72 820.748 820.757 820.774 820.772 820.773 820.792 820.762 820.771 820.79 820.804 820.783 820.785 820.777 820.778 820.783 820.779 820.765 820.752 820.772 820.782 820.788 820.77 820.766 820.782 820.752 820.774 820.751 820.69 820.648 
820.886 820.791 820.867 820.895 820.906 820.924 820.923 820.922 820.942 820.913 820.92 820.942 820.953 820.933 820.935 820.928 820.928 820.933 820.93 820.915 820.902 820.921 820.931 820.938 820.917 820.914 820.932 820.9 820.922 820.899 820.835 820.796 
821.038 820.935 821.015 821.043 821.056 821.075 821.076 821.072 821.092 821.063 821.07 821.094 821.103 821.083 821.086 821.078 821.078 821.083 821.081 821.064 821.053 821.07 821.081 821.088 821.065 821.063 821.083 821.048 821.071 821.047 820.979 820.943 
821.19 821.08 821.163 821.191 821.206 821.225 821.228 821.221 821.242 821.213 821.219 821.246 821.253 821.233 821.236 821.229 821.228 821.234 821.231 821.214 821.204 821.22 821.232 821.237 821.213 821.212 821.234 821.197 821.22 821.195 821.125 821.09 
821.343 821.225 821.311 821.34 821.356 821.375 821.381 821.372 821.393 821.363 821.369 821.397 821.402 821.383 821.387 821.379 821.378 821.386 821.381 821.365 821.355 821.369 821.382 821.386 821.362 821.362 821.386 821.345 821.369 821.344 821.271 821.237 
821.496 821.371 821.459 821.489 821.505 821.525 821.533 821.522 821.545 821.513 821.518 821.549 821.552 821.533 821.539 821.529 821.528 821.537 821.531 821.515 821.506 821.519 821.533 821.535 821.51 821.511 821.537 821.494 821.518 821.492 821.416 821.383 
821.649 821.517 821.606 821.639 821.654 821.675 821.685 821.673 821.696 821.663 821.667 821.7 821.701 821.683 821.69 821.679 821.678 821.688 821.68 821.666 821.656 821.669 821.685 821.684 821.659 821.66 821.688 821.644 821.668 821.641 821.562 821.528 
821.802 821.663 821.753 821.79 821.803 821.824 821.837 821.824 821.848 821.813 821.817 821.851 821.85 821.834 821.841 821.829 821.827 821.839 821.83 821.817 821.806 821.818 821.836 821.832 821.808 821.809 821.839 821.793 821.817 821.789 821.708 821.674 
821.954 821.808 821.9 821.94 821.952 821.972 821.988 821.976 821.999 821.964 821.967 822.001 821.999 821.984 821.992 821.979 821.976 821.99 821.98 821.968 821.955 821.968 821.987 821.982 821.958 821.957 821.99 821.942 821.967 821.938 821.854 821.819 
822.107 821.953 822.048 822.091 822.101 822.121 822.138 822.127 822.151 822.115 822.117 822.152 822.149 822.134 822.142 822.13 822.125 822.14 822.131 822.119 822.105 822.117 822.137 822.131 822.108 822.105 822.139 822.091 822.117 822.087 822 821.965 
822.259 822.098 822.195 822.242 822.249 822.269 822.288 822.277 822.302 822.266 822.268 822.302 822.298 822.285 822.292 822.281 822.274 822.291 822.283 822.271 822.254 822.267 822.287 822.281 822.258 822.252 822.288 822.239 822.268 822.236 822.146 822.11 
822.411 822.242 822.343 822.392 822.397 822.417 822.437 822.426 822.453 822.418 822.419 822.451 822.447 822.436 822.441 822.432 822.423 822.442 822.435 822.423 822.405 822.415 822.437 822.432 822.408 822.4 822.437 822.387 822.419 822.385 822.292 822.255 
822.563 822.386 822.49 822.542 822.546 822.566 822.587 822.576 822.604 822.569 822.57 822.599 822.596 822.586 822.59 822.582 822.573 822.594 822.587 822.576 822.556 822.564 822.585 822.583 822.558 822.549 822.585 822.535 822.571 822.534 822.437 822.399 
822.715 822.53 822.637 822.691 822.695 822.715 822.736 822.725 822.755 822.72 822.722 822.747 822.745 822.736 822.74 822.732 822.723 822.745 822.738 822.728 822.708 822.713 822.734 822.734 822.709 822.698 822.734 822.682 822.722 822.681 822.583 822.544 
822.867 822.674 822.785 822.84 822.845 822.864 822.884 822.875 822.906 822.872 822.873 822.894 822.894 822.886 822.889 822.883 822.873 822.896 822.89 822.88 822.86 822.863 822.883 822.885 822.859 822.848 822.883 822.83 822.872 822.829 822.729 822.688 
823.018 822.819 822.932 822.989 822.995 823.013 823.033 823.025 823.056 823.024 823.024 823.041 823.042 823.036 823.039 823.034 823.023 823.046 823.041 823.031 823.012 823.012 823.032 823.035 823.009 822.998 823.032 822.979 823.022 822.977 822.875 822.833 
823.169 822.964 823.079 823.138 823.146 823.162 823.182 823.176 823.206 823.175 823.175 823.188 823.191 823.186 823.19 823.186 823.172 823.196 823.191 823.181 823.164 823.162 823.181 823.185 823.16 823.148 823.181 823.128 823.17 823.126 823.021 822.977 
823.319 823.108 823.226 823.287 823.296 823.311 823.33 823.326 823.356 823.326 823.326 823.336 823.34 823.336 823.34 823.339 823.321 823.345 823.34 823.33 823.316 823.311 823.33 823.335 823.311 823.298 823.33 823.278 823.318 823.275 823.166 823.121 
823.47 823.252 823.374 823.436 823.445 823.46 823.478 823.476 823.505 823.476 823.476 823.485 823.488 823.486 823.491 823.492 823.47 823.494 823.488 823.478 823.467 823.459 823.479 823.484 823.462 823.448 823.479 823.428 823.466 823.423 823.311 823.266 
823.621 823.396 823.521 823.583 823.594 823.609 823.626 823.625 823.654 823.626 823.626 823.634 823.636 823.636 823.641 823.645 823.618 823.644 823.636 823.627 823.617 823.607 823.628 823.633 823.613 823.598 823.628 823.578 823.614 823.572 823.456 823.41 
823.771 823.54 823.669 823.73 823.742 823.758 823.774 823.774 823.803 823.774 823.775 823.784 823.784 823.786 823.791 823.796 823.766 823.794 823.784 823.775 823.767 823.755 823.777 823.781 823.764 823.748 823.778 823.727 823.762 823.721 823.601 823.553 
823.921 823.683 823.817 823.876 823.89 823.907 823.922 823.922 823.951 823.922 823.922 823.933 823.932 823.936 823.941 823.947 823.913 823.945 823.933 823.923 823.916 823.903 823.926 823.929 823.914 823.899 823.928 823.875 823.909 823.869 823.746 823.697 
824.072 823.828 823.964 824.023 824.037 824.056 824.07 824.07 824.099 824.07 824.07 824.083 824.078 824.086 824.09 824.097 824.061 824.096 824.083 824.072 824.065 824.05 824.074 824.077 824.064 824.049 824.077 824.023 824.057 824.016 823.89 823.84 
824.222 823.973 824.111 824.17 824.185 824.205 824.217 824.218 824.248 824.217 824.217 824.233 824.225 824.235 824.238 824.245 824.209 824.247 824.234 824.22 824.214 824.198 824.222 824.224 824.214 824.199 824.227 824.17 824.204 824.163 824.035 823.984 
824.371 824.118 824.258 824.318 824.333 824.353 824.364 824.367 824.396 824.364 824.365 824.383 824.372 824.385 824.387 824.393 824.357 824.397 824.384 824.369 824.362 824.346 824.37 824.371 824.363 824.348 824.375 824.318 824.352 824.31 824.179 824.128 
824.52 824.263 824.403 824.466 824.481 824.501 824.51 824.515 824.544 824.511 824.513 824.532 824.519 824.534 824.535 824.541 824.506 824.546 824.534 824.518 824.511 824.493 824.518 824.519 824.512 824.496 824.523 824.465 824.499 824.456 824.323 824.273 
824.669 824.408 824.548 824.615 824.629 824.648 824.656 824.664 824.693 824.657 824.661 824.68 824.665 824.683 824.683 824.688 824.656 824.695 824.683 824.666 824.659 824.641 824.665 824.666 824.66 824.644 824.669 824.612 824.647 824.602 824.466 824.417 
824.816 824.552 824.693 824.763 824.776 824.796 824.802 824.812 824.841 824.803 824.809 824.828 824.812 824.832 824.83 824.835 824.805 824.843 824.832 824.814 824.807 824.788 824.812 824.813 824.808 824.791 824.816 824.759 824.794 824.748 824.61 824.561 
824.963 824.695 824.838 824.912 824.923 824.943 824.948 824.96 824.989 824.949 824.956 824.976 824.957 824.98 824.977 824.982 824.955 824.99 824.979 824.961 824.955 824.934 824.958 824.96 824.955 824.938 824.963 824.906 824.94 824.894 824.753 824.705 
825.11 824.837 824.982 825.059 825.069 825.089 825.094 825.107 825.136 825.095 825.104 825.123 825.103 825.128 825.123 825.128 825.103 825.136 825.127 825.108 825.102 825.08 825.104 825.107 825.102 825.085 825.109 825.052 825.085 825.039 824.896 824.849 
825.256 824.977 825.125 825.206 825.214 825.234 825.239 825.253 825.282 825.241 825.25 825.27 825.248 825.275 825.268 825.274 825.251 825.281 825.274 825.255 825.248 825.225 825.249 825.253 825.248 825.232 825.256 825.198 825.23 825.183 825.038 824.992 
825.401 825.117 825.268 825.351 825.358 825.378 825.384 825.398 825.427 825.386 825.396 825.417 825.392 825.421 825.411 825.419 825.398 825.426 825.422 825.4 825.393 825.37 825.394 825.399 825.393 825.378 825.402 825.343 825.374 825.328 825.18 825.135 
825.545 825.255 825.41 825.495 825.502 825.522 825.529 825.542 825.571 825.531 825.541 825.563 825.537 825.566 825.554 825.564 825.544 825.571 825.569 825.545 825.538 825.513 825.538 825.544 825.538 825.523 825.547 825.488 825.517 825.472 825.32 825.276 
825.688 825.393 825.551 825.638 825.645 825.665 825.672 825.685 825.715 825.675 825.685 825.708 825.682 825.711 825.696 825.707 825.689 825.717 825.715 825.689 825.681 825.656 825.681 825.687 825.681 825.667 825.691 825.631 825.661 825.615 825.46 825.418 
825.83 825.529 825.691 825.78 825.788 825.807 825.816 825.828 825.858 825.817 825.828 825.852 825.827 825.854 825.838 825.851 825.833 825.861 825.861 825.832 825.823 825.798 825.823 825.829 825.825 825.81 825.835 825.774 825.803 825.758 825.6 825.558 
825.971 825.665 825.832 825.921 825.931 825.949 825.958 825.97 826 825.959 825.969 825.994 825.971 825.996 825.979 825.993 825.976 826.005 826.005 825.975 825.964 825.939 825.964 825.969 825.967 825.952 825.977 825.916 825.945 825.9 825.739 825.697 
826.112 825.8 825.972 826.061 826.072 826.09 826.101 826.111 826.141 826.099 826.11 826.134 826.114 826.137 826.12 826.134 826.119 826.148 826.147 826.117 826.104 826.08 826.104 826.108 826.109 826.092 826.119 826.058 826.086 826.041 825.878 825.836 
826.251 825.934 826.112 826.201 826.212 826.229 826.242 826.251 826.281 826.24 826.249 826.274 826.256 826.276 826.259 826.274 826.261 826.29 826.288 826.258 826.243 826.219 826.244 826.246 826.251 826.232 826.261 826.2 826.226 826.181 826.016 825.974 
826.391 826.068 826.252 826.339 826.352 826.368 826.383 826.391 826.419 826.38 826.387 826.413 826.396 826.414 826.398 826.413 826.401 826.432 826.428 826.399 826.381 826.358 826.383 826.384 826.392 826.372 826.402 826.34 826.366 826.319 826.153 826.111 
826.528 826.202 826.39 826.477 826.49 826.506 826.522 826.53 826.556 826.519 826.524 826.552 826.534 826.552 826.536 826.551 826.54 826.573 826.566 826.539 826.519 826.496 826.52 826.521 826.531 826.511 826.542 826.48 826.505 826.457 826.289 826.247 
826.665 826.334 826.527 826.614 826.628 826.642 826.659 826.668 826.692 826.657 826.66 826.69 826.671 826.689 826.672 826.687 826.678 826.712 826.703 826.679 826.655 826.632 826.656 826.658 826.669 826.649 826.68 826.619 826.642 826.593 826.425 826.381 
826.8 826.466 826.662 826.749 826.764 826.778 826.794 826.804 826.827 826.794 826.795 826.828 826.806 826.825 826.808 826.823 826.815 826.849 826.84 826.817 826.791 826.767 826.791 826.793 826.806 826.786 826.818 826.755 826.779 826.729 826.559 826.513 
826.934 826.596 826.794 826.883 826.898 826.912 826.928 826.939 826.961 826.928 826.928 826.963 826.941 826.961 826.943 826.957 826.95 826.984 826.975 826.954 826.926 826.901 826.924 826.928 826.942 826.922 826.954 826.891 826.914 826.862 826.692 826.644 
827.066 826.725 826.925 827.016 827.03 827.044 827.06 827.072 827.092 827.061 827.06 827.097 827.074 827.095 827.077 827.091 827.083 827.117 827.11 827.089 827.059 827.033 827.056 827.062 827.075 827.056 827.088 827.024 827.049 826.994 826.824 826.773 
827.197 826.852 827.053 827.147 827.159 827.175 827.19 827.203 827.221 827.191 827.191 827.229 827.206 827.228 827.209 827.223 827.216 827.249 827.243 827.222 827.191 827.165 827.188 827.194 827.207 827.189 827.222 827.156 827.182 827.124 826.955 826.9 
827.326 826.977 827.18 827.276 827.286 827.303 827.319 827.333 827.349 827.32 827.32 827.358 827.337 827.359 827.34 827.353 827.347 827.378 827.374 827.353 827.321 827.296 827.317 827.325 827.336 827.321 827.354 827.287 827.314 827.252 827.084 827.025 
827.452 827.1 827.305 827.404 827.412 827.43 827.446 827.461 827.475 827.447 827.446 827.485 827.466 827.489 827.469 827.482 827.476 827.506 827.503 827.481 827.449 827.425 827.446 827.455 827.464 827.45 827.484 827.415 827.444 827.378 827.212 827.149 
827.575 827.221 827.428 827.529 827.535 827.554 827.571 827.586 827.598 827.571 827.57 827.61 827.593 827.616 827.595 827.608 827.604 827.631 827.63 827.606 827.575 827.553 827.573 827.582 827.589 827.577 827.611 827.542 827.572 827.502 827.337 827.272 
827.696 827.34 827.549 827.652 827.657 827.676 827.694 827.709 827.72 827.693 827.692 827.732 827.717 827.741 827.718 827.733 827.729 827.754 827.754 827.73 827.7 827.678 827.697 827.707 827.713 827.703 827.736 827.666 827.697 827.624 827.459 827.392 
827.814 827.457 827.668 827.773 827.777 827.797 827.815 827.829 827.841 827.813 827.812 827.852 827.84 827.864 827.84 827.856 827.852 827.876 827.875 827.852 827.823 827.801 827.819 827.829 827.834 827.825 827.859 827.788 827.82 827.745 827.579 827.511 
827.929 827.573 827.784 827.892 827.896 827.915 827.934 827.947 827.959 827.93 827.93 827.97 827.96 827.983 827.959 827.977 827.972 827.994 827.994 827.971 827.944 827.922 827.939 827.949 827.954 827.945 827.978 827.907 827.94 827.864 827.696 827.628 
828.043 827.686 827.898 828.008 828.013 828.031 828.049 828.062 828.074 828.045 828.046 828.086 828.078 828.101 828.075 828.096 828.089 828.111 828.111 828.088 828.062 828.04 828.057 828.066 828.071 828.063 828.095 828.023 828.058 827.98 827.81 827.742 
828.154 827.797 828.009 828.121 828.127 828.145 828.162 828.175 828.188 828.158 828.161 828.2 828.193 828.216 828.189 828.212 828.203 828.225 828.225 828.203 828.178 828.155 828.171 828.18 828.186 828.177 828.209 828.138 828.172 828.094 827.922 827.854 
828.263 827.906 828.118 828.232 828.238 828.256 828.273 828.285 828.299 828.269 828.273 828.312 828.305 828.328 828.301 828.325 828.314 828.337 828.337 828.315 828.29 828.268 828.283 828.292 828.299 828.288 828.321 828.249 828.284 828.205 828.031 827.963 
828.368 828.012 828.223 828.34 828.346 828.364 828.38 828.392 828.407 828.377 828.383 828.421 828.414 828.438 828.409 828.435 828.422 828.447 828.446 828.425 828.398 828.378 828.391 828.4 828.408 828.397 828.43 828.358 828.394 828.314 828.138 828.069 
828.47 828.115 828.325 828.445 828.45 828.471 828.485 828.497 828.512 828.484 828.489 828.527 828.52 828.545 828.515 828.541 828.528 828.554 828.552 828.531 828.504 828.485 828.497 828.506 828.514 828.503 828.536 828.464 828.5 828.42 828.242 828.173 
828.568 828.215 828.425 828.547 828.551 828.574 828.586 828.6 828.615 828.587 828.592 828.63 828.622 828.649 828.617 828.645 828.631 828.658 828.655 828.635 828.607 828.588 828.599 828.609 828.616 828.605 828.639 828.567 828.602 828.523 828.343 828.273 
828.662 828.312 828.522 828.645 828.649 828.673 828.684 828.699 828.715 828.687 828.692 828.728 828.72 828.75 828.716 828.745 828.731 828.758 828.755 828.736 828.707 828.689 828.698 828.709 828.716 828.705 828.739 828.667 828.701 828.623 828.44 828.37 
828.752 828.405 828.616 828.739 828.743 828.769 828.779 828.796 828.811 828.783 828.788 828.824 828.815 828.847 828.812 828.842 828.829 828.855 828.852 828.834 828.804 828.786 828.794 828.807 828.813 828.802 828.837 828.764 828.797 828.719 828.534 828.464 
828.838 828.494 828.708 828.831 828.834 828.862 828.87 828.89 828.905 828.876 828.881 828.916 828.907 828.942 828.905 828.935 828.923 828.949 828.945 828.928 828.898 828.88 828.888 828.902 828.908 828.895 828.931 828.858 828.888 828.812 828.626 828.554 
828.921 828.58 828.797 828.919 828.922 828.952 828.958 828.98 828.997 828.966 828.971 829.005 828.995 829.034 828.995 829.026 829.014 829.039 829.036 829.019 828.99 828.971 828.979 828.994 829.001 828.985 829.022 828.95 828.977 828.902 828.714 828.641 
829.002 828.664 828.884 829.005 829.007 829.039 829.044 829.068 829.086 829.054 829.058 829.092 829.081 829.124 829.084 829.114 829.103 829.127 829.123 829.106 829.08 829.06 829.067 829.085 829.091 829.074 829.111 829.038 829.063 828.989 828.801 828.725 
