0 0 0 0 0 0 0 0 0 0 0 0 0 0 0 0 0 0 0 0 0 0 0 0 0 0 0 0 0 0 0 0 
4.11645e-05 1.16418e-07 5.82091e-08 1.16419e-07 1.16418e-07 2.06771e-05 2.06771e-05 5.82089e-08 1.16419e-07 1.16419e-07 1.16419e-07 5.82091e-08 1.16418e-07 5.8209e-08 1.16418e-07 5.82094e-08 2.06771e-05 2.06771e-05 -2.05025e-05 1.16419e-07 5.82094e-08 1.16419e-07 5.82091e-08 1.16418e-07 -0.000342934 -0.000778799 2.06771e-05 5.82091e-08 2.06771e-05 1.16418e-07 1.16419e-07 4.0142e-05 
8.00513e-05 2.32838e-07 1.16419e-07 2.32839e-07 2.32838e-07 4.13545e-05 4.13544e-05 1.16419e-07 2.32838e-07 2.32838e-07 2.32838e-07 1.16419e-07 2.32838e-07 1.16419e-07 2.32838e-07 1.16419e-07 4.13544e-05 4.13544e-05 -4.10052e-05 2.32838e-07 1.1642e-07 2.32839e-07 1.16419e-07 2.32838e-07 -0.00072286 -0.00160299 4.13544e-05 1.1642e-07 4.13544e-05 2.32837e-07 2.32838e-07 7.78763e-05 
0.000118939 3.49259e-07 1.7463e-07 3.49261e-07 3.4926e-07 6.20321e-05 6.20321e-05 1.74629e-07 3.4926e-07 3.49259e-07 3.49259e-07 1.7463e-07 3.49259e-07 1.74629e-07 3.49259e-07 1.7463e-07 6.2032e-05 6.2032e-05 -6.15081e-05 3.49259e-07 1.7463e-07 3.49259e-07 1.7463e-07 3.49259e-07 -0.00112131 -0.00247273 6.2032e-05 1.7463e-07 6.20319e-05 3.49258e-07 3.49259e-07 0.000115574 
0.000157789 4.65683e-07 2.32842e-07 4.65684e-07 4.65683e-07 8.271e-05 8.271e-05 2.32841e-07 4.65683e-07 4.65682e-07 4.65682e-07 2.32841e-07 4.65683e-07 2.32841e-07 4.65682e-07 2.32842e-07 8.27099e-05 8.27099e-05 -8.20114e-05 4.65682e-07 2.32841e-07 4.65682e-07 2.32841e-07 4.65682e-07 -0.00154383 -0.00339594 8.27098e-05 2.32842e-07 8.27098e-05 4.65681e-07 4.65682e-07 0.000153281 
0.000196651 5.82108e-07 2.91054e-07 5.82108e-07 5.82108e-07 0.000103388 0.000103388 2.91054e-07 5.82107e-07 5.82106e-07 5.82107e-07 2.91054e-07 5.82107e-07 2.91053e-07 5.82107e-07 2.91054e-07 0.000103388 0.000103388 -0.000102515 5.82107e-07 2.91054e-07 5.82107e-07 2.91054e-07 5.82106e-07 -0.00199516 -0.00437954 0.000103388 2.91054e-07 0.000103388 5.82105e-07 5.82106e-07 0.000190982 
0.000235519 6.98535e-07 3.49268e-07 6.98535e-07 6.98534e-07 0.000124067 0.000124067 3.49267e-07 6.98534e-07 6.98533e-07 6.98534e-07 3.49267e-07 6.98534e-07 3.49266e-07 6.98533e-07 3.49268e-07 0.000124067 0.000124067 -0.000123019 6.98533e-07 3.49267e-07 6.98533e-07 3.49267e-07 6.98532e-07 -0.00247684 -0.00542425 0.000124066 3.49267e-07 0.000124066 6.98531e-07 6.98531e-07 0.000228685 
0.000274377 8.14964e-07 4.07483e-07 8.14964e-07 8.14964e-07 0.000144746 0.000144746 4.07481e-07 8.14963e-07 8.14962e-07 8.14962e-07 4.07482e-07 8.14962e-07 4.0748e-07 8.14962e-07 4.07482e-07 0.000144746 0.000144746 -0.000143523 8.14961e-07 4.07481e-07 8.14962e-07 4.07482e-07 8.1496e-07 -0.00298668 -0.00652578 0.000144745 4.07481e-07 0.000144745 8.14959e-07 8.14959e-07 0.000266389 
0.000313237 9.31395e-07 4.65698e-07 9.31396e-07 9.31395e-07 0.000165425 0.000165425 4.65697e-07 9.31394e-07 9.31393e-07 9.31393e-07 4.65697e-07 9.31392e-07 4.65695e-07 9.31393e-07 4.65697e-07 0.000165425 0.000165425 -0.000164028 9.31392e-07 4.65696e-07 9.31392e-07 4.65697e-07 9.31391e-07 -0.00352395 -0.00768413 0.000165424 4.65696e-07 0.000165424 9.31389e-07 9.31389e-07 0.000304098 
0.000352083 1.04783e-06 5.23915e-07 1.04783e-06 1.04783e-06 0.000186105 0.000186105 5.23914e-07 1.04783e-06 1.04783e-06 1.04783e-06 5.23914e-07 1.04783e-06 5.23912e-07 1.04783e-06 5.23914e-07 0.000186105 0.000186105 -0.000184533 1.04782e-06 5.23913e-07 1.04782e-06 5.23914e-07 1.04782e-06 -0.0040928 -0.0088989 0.000186104 5.23912e-07 0.000186104 1.04782e-06 1.04782e-06 0.000341814 
0.000390929 1.16427e-06 5.82133e-07 1.16427e-06 1.16427e-06 0.000206785 0.000206785 5.82132e-07 1.16426e-06 1.16426e-06 1.16426e-06 5.82132e-07 1.16426e-06 5.8213e-07 1.16426e-06 5.82132e-07 0.000206785 0.000206785 -0.000205038 1.16426e-06 5.8213e-07 1.16426e-06 5.82132e-07 1.16426e-06 -0.00469205 -0.0101763 0.000206784 5.82129e-07 0.000206784 1.16426e-06 1.16425e-06 0.000379519 
0.000429774 1.28071e-06 6.40352e-07 1.2807e-06 1.2807e-06 0.000227466 0.000227466 6.40352e-07 1.2807e-06 1.2807e-06 1.2807e-06 6.40352e-07 1.2807e-06 6.40349e-07 1.2807e-06 6.40352e-07 0.000227465 0.000227465 -0.000225544 1.2807e-06 6.4035e-07 1.2807e-06 6.40351e-07 1.2807e-06 -0.00532566 -0.0115201 0.000227465 6.40349e-07 0.000227464 1.2807e-06 1.28069e-06 0.000417243 
0.000468643 1.39715e-06 6.98573e-07 1.39715e-06 1.39715e-06 0.000248148 0.000248147 6.98574e-07 1.39714e-06 1.39714e-06 1.39714e-06 6.98573e-07 1.39714e-06 6.9857e-07 1.39714e-06 6.98573e-07 0.000248147 0.000248147 -0.000246051 1.39714e-06 6.98571e-07 1.39714e-06 6.98572e-07 1.39714e-06 -0.00599089 -0.0129367 0.000248146 6.98569e-07 0.000248145 1.39714e-06 1.39713e-06 0.000454962 
0.0005075 1.51359e-06 7.56796e-07 1.51359e-06 1.51359e-06 0.00026883 0.000268829 7.56797e-07 1.51359e-06 1.51359e-06 1.51359e-06 7.56795e-07 1.51359e-06 7.56792e-07 1.51359e-06 7.56795e-07 0.000268828 0.000268828 -0.000266558 1.51358e-06 7.56793e-07 1.51358e-06 7.56794e-07 1.51358e-06 -0.00669019 -0.0144208 0.000268827 7.56791e-07 0.000268827 1.51358e-06 1.51358e-06 0.000492692 
0.000546361 1.63004e-06 8.15021e-07 1.63004e-06 1.63004e-06 0.000289512 0.000289512 8.15021e-07 1.63004e-06 1.63004e-06 1.63004e-06 8.1502e-07 1.63004e-06 8.15016e-07 1.63004e-06 8.1502e-07 0.000289511 0.000289511 -0.000287066 1.63003e-06 8.15017e-07 1.63003e-06 8.15018e-07 1.63003e-06 -0.00741932 -0.0159691 0.00028951 8.15015e-07 0.000289509 1.63003e-06 1.63002e-06 0.00053041 
0.000585236 1.74649e-06 8.73247e-07 1.74649e-06 1.74649e-06 0.000310195 0.000310195 8.73247e-07 1.74649e-06 1.74649e-06 1.74649e-06 8.73246e-07 1.74649e-06 8.73242e-07 1.74649e-06 8.73245e-07 0.000310194 0.000310194 -0.000307574 1.74648e-06 8.73242e-07 1.74648e-06 8.73243e-07 1.74648e-06 -0.00817327 -0.0175739 0.000310192 8.7324e-07 0.000310192 1.74648e-06 1.74647e-06 0.00056812 
0.000624101 1.86295e-06 9.31475e-07 1.86295e-06 1.86295e-06 0.000330879 0.000330878 9.31475e-07 1.86295e-06 1.86294e-06 1.86294e-06 9.31473e-07 1.86294e-06 9.31469e-07 1.86294e-06 9.31472e-07 0.000330877 0.000330877 -0.000328083 1.86294e-06 9.31469e-07 1.86294e-06 9.3147e-07 1.86293e-06 -0.00895433 -0.0192323 0.000330876 9.31467e-07 0.000330875 1.86293e-06 1.86292e-06 0.000605831 
0.000662977 1.97941e-06 9.89705e-07 1.97941e-06 1.97941e-06 0.000351563 0.000351563 9.89705e-07 1.9794e-06 1.9794e-06 1.9794e-06 9.89703e-07 1.9794e-06 9.89699e-07 1.9794e-06 9.89701e-07 0.000351561 0.000351561 -0.000348592 1.9794e-06 9.89697e-07 1.97939e-06 9.89699e-07 1.97939e-06 -0.00976509 -0.0209496 0.00035156 9.89696e-07 0.000351559 1.97939e-06 1.97938e-06 0.000643557 
0.000701843 2.09587e-06 1.04794e-06 2.09587e-06 2.09587e-06 0.000372248 0.000372248 1.04794e-06 2.09587e-06 2.09587e-06 2.09587e-06 1.04793e-06 2.09586e-06 1.04793e-06 2.09586e-06 1.04793e-06 0.000372246 0.000372246 -0.000369102 2.09586e-06 1.04793e-06 2.09586e-06 1.04793e-06 2.09585e-06 -0.0106014 -0.0227246 0.000372244 1.04793e-06 0.000372244 2.09585e-06 2.09584e-06 0.000681274 
0.000740745 2.21234e-06 1.10617e-06 2.21234e-06 2.21234e-06 0.000392934 0.000392933 1.10617e-06 2.21233e-06 2.21233e-06 2.21233e-06 1.10617e-06 2.21233e-06 1.10616e-06 2.21233e-06 1.10617e-06 0.000392932 0.000392932 -0.000389613 2.21232e-06 1.10616e-06 2.21232e-06 1.10616e-06 2.21232e-06 -0.0114667 -0.0245507 0.00039293 1.10616e-06 0.000392929 2.21231e-06 2.2123e-06 0.000719005 
0.000779623 2.32881e-06 1.1644e-06 2.32881e-06 2.32881e-06 0.00041362 0.00041362 1.16441e-06 2.32881e-06 2.3288e-06 2.3288e-06 1.1644e-06 2.3288e-06 1.1644e-06 2.3288e-06 1.1644e-06 0.000413618 0.000413618 -0.000410125 2.32879e-06 1.1644e-06 2.32879e-06 1.1644e-06 2.32879e-06 -0.0123593 -0.026424 0.000413616 1.16439e-06 0.000413615 2.32878e-06 2.32877e-06 0.000756726 
0.000818489 2.44529e-06 1.22264e-06 2.44528e-06 2.44528e-06 0.000434308 0.000434307 1.22264e-06 2.44528e-06 2.44528e-06 2.44528e-06 1.22264e-06 2.44528e-06 1.22263e-06 2.44527e-06 1.22264e-06 0.000434305 0.000434305 -0.000430637 2.44526e-06 1.22263e-06 2.44526e-06 1.22263e-06 2.44526e-06 -0.0132791 -0.0283492 0.000434303 1.22263e-06 0.000434302 2.44525e-06 2.44524e-06 0.000794454 
0.000857378 2.56177e-06 1.28088e-06 2.56176e-06 2.56176e-06 0.000454995 0.000454995 1.28088e-06 2.56176e-06 2.56176e-06 2.56176e-06 1.28088e-06 2.56175e-06 1.28087e-06 2.56175e-06 1.28088e-06 0.000454993 0.000454993 -0.00045115 2.56174e-06 1.28087e-06 2.56174e-06 1.28087e-06 2.56174e-06 -0.0142292 -0.0303269 0.00045499 1.28087e-06 0.00045499 2.56173e-06 2.56172e-06 0.000832182 
0.000896274 2.67825e-06 1.33912e-06 2.67825e-06 2.67825e-06 0.000475684 0.000475684 1.33912e-06 2.67824e-06 2.67824e-06 2.67824e-06 1.33912e-06 2.67824e-06 1.33911e-06 2.67823e-06 1.33912e-06 0.000475681 0.000475681 -0.000471664 2.67822e-06 1.33911e-06 2.67822e-06 1.33911e-06 2.67822e-06 -0.0152016 -0.0323577 0.000475678 1.33911e-06 0.000475678 2.67821e-06 2.6782e-06 0.000869922 
0.000935158 2.79474e-06 1.39737e-06 2.79474e-06 2.79474e-06 0.000496374 0.000496373 1.39737e-06 2.79473e-06 2.79473e-06 2.79473e-06 1.39737e-06 2.79472e-06 1.39736e-06 2.79472e-06 1.39736e-06 0.000496371 0.000496371 -0.000492178 2.79471e-06 1.39736e-06 2.79471e-06 1.39736e-06 2.7947e-06 -0.0161943 -0.0344352 0.000496367 1.39735e-06 0.000496367 2.7947e-06 2.79468e-06 0.000907668 
0.000974044 2.91123e-06 1.45561e-06 2.91123e-06 2.91123e-06 0.000517064 0.000517063 1.45561e-06 2.91122e-06 2.91122e-06 2.91122e-06 1.45561e-06 2.91122e-06 1.45561e-06 2.91121e-06 1.45561e-06 0.000517061 0.000517061 -0.000512693 2.9112e-06 1.4556e-06 2.9112e-06 1.4556e-06 2.91119e-06 -0.0172011 -0.0365519 0.000517057 1.4556e-06 0.000517057 2.91119e-06 2.91117e-06 0.00094541 
0.00101293 3.02773e-06 1.51386e-06 3.02773e-06 3.02773e-06 0.000537755 0.000537754 1.51386e-06 3.02772e-06 3.02771e-06 3.02772e-06 1.51386e-06 3.02771e-06 1.51385e-06 3.02771e-06 1.51386e-06 0.000537752 0.000537752 -0.000533209 3.02769e-06 1.51385e-06 3.0277e-06 1.51385e-06 3.02769e-06 -0.0182239 -0.0387066 0.000537748 1.51384e-06 0.000537747 3.02768e-06 3.02766e-06 0.000983131 
0.00105181 3.14423e-06 1.57211e-06 3.14423e-06 3.14423e-06 0.000558447 0.000558446 1.57211e-06 3.14422e-06 3.14422e-06 3.14422e-06 1.57211e-06 3.14421e-06 1.5721e-06 3.14421e-06 1.57211e-06 0.000558444 0.000558443 -0.000553726 3.14419e-06 1.5721e-06 3.1442e-06 1.5721e-06 3.14419e-06 -0.0192608 -0.0408979 0.000558439 1.57209e-06 0.000558438 3.14418e-06 3.14416e-06 0.00102087 
0.0010907 3.26073e-06 1.63037e-06 3.26074e-06 3.26073e-06 0.000579139 0.000579139 1.63037e-06 3.26073e-06 3.26072e-06 3.26072e-06 1.63036e-06 3.26072e-06 1.63036e-06 3.26072e-06 1.63036e-06 0.000579136 0.000579136 -0.000574244 3.2607e-06 1.63035e-06 3.2607e-06 1.63035e-06 3.26069e-06 -0.0203147 -0.0431266 0.000579131 1.63035e-06 0.000579131 3.26068e-06 3.26066e-06 0.00105863 
0.00112957 3.37724e-06 1.68862e-06 3.37725e-06 3.37724e-06 0.000599833 0.000599832 1.68862e-06 3.37724e-06 3.37723e-06 3.37723e-06 1.68862e-06 3.37723e-06 1.68861e-06 3.37723e-06 1.68861e-06 0.000599829 0.000599829 -0.000594762 3.37721e-06 1.68861e-06 3.37721e-06 1.68861e-06 3.3772e-06 -0.0213855 -0.0453907 0.000599824 1.6886e-06 0.000599824 3.37719e-06 3.37716e-06 0.00109638 
0.00116845 3.49376e-06 1.74688e-06 3.49376e-06 3.49376e-06 0.000620527 0.000620526 1.74688e-06 3.49375e-06 3.49375e-06 3.49374e-06 1.74688e-06 3.49374e-06 1.74687e-06 3.49374e-06 1.74687e-06 0.000620524 0.000620523 -0.000615282 3.49372e-06 1.74686e-06 3.49372e-06 1.74687e-06 3.49371e-06 -0.0224727 -0.0476875 0.000620518 1.74685e-06 0.000620517 3.4937e-06 3.49367e-06 0.00113412 
0.00120735 3.61028e-06 1.80514e-06 3.61028e-06 3.61028e-06 0.000641222 0.000641221 1.80514e-06 3.61027e-06 3.61027e-06 3.61026e-06 1.80514e-06 3.61026e-06 1.80513e-06 3.61026e-06 1.80513e-06 0.000641219 0.000641218 -0.000635802 3.61024e-06 1.80512e-06 3.61024e-06 1.80513e-06 3.61023e-06 -0.0235684 -0.0500019 0.000641212 1.80511e-06 0.000641212 3.61022e-06 3.61019e-06 0.00117186 
0.00124625 3.7268e-06 1.8634e-06 3.72681e-06 3.7268e-06 0.000661918 0.000661917 1.8634e-06 3.7268e-06 3.72679e-06 3.72679e-06 1.8634e-06 3.72679e-06 1.86339e-06 3.72678e-06 1.86339e-06 0.000661914 0.000661913 -0.000656323 3.72676e-06 1.86338e-06 3.72676e-06 1.86339e-06 3.72675e-06 -0.0246728 -0.0523299 0.000661908 1.86337e-06 0.000661907 3.72674e-06 3.72671e-06 0.00120959 
0.00128514 3.84333e-06 1.92167e-06 3.84334e-06 3.84333e-06 0.000682615 0.000682613 1.92167e-06 3.84333e-06 3.84332e-06 3.84331e-06 1.92166e-06 3.84331e-06 1.92165e-06 3.84331e-06 1.92165e-06 0.000682611 0.00068261 -0.000676844 3.84329e-06 1.92165e-06 3.84329e-06 1.92165e-06 3.84327e-06 -0.0257847 -0.0546588 0.000682604 1.92164e-06 0.000682604 3.84327e-06 3.84323e-06 0.00124733 
0.00132404 3.95986e-06 1.97993e-06 3.95987e-06 3.95987e-06 0.000703312 0.000703311 1.97993e-06 3.95986e-06 3.95985e-06 3.95985e-06 1.97993e-06 3.95985e-06 1.97992e-06 3.95985e-06 1.97992e-06 0.000703308 0.000703307 -0.000697367 3.95982e-06 1.97991e-06 3.95982e-06 1.97992e-06 3.9598e-06 -0.0269035 -0.0569961 0.000703301 1.9799e-06 0.0007033 3.9598e-06 3.95976e-06 0.00128507 
0.00136291 4.0764e-06 2.0382e-06 4.07641e-06 4.0764e-06 0.000724011 0.000724009 2.0382e-06 4.0764e-06 4.07639e-06 4.07638e-06 2.03819e-06 4.07638e-06 2.03819e-06 4.07638e-06 2.03819e-06 0.000724006 0.000724005 -0.00071789 4.07635e-06 2.03818e-06 4.07635e-06 2.03818e-06 4.07634e-06 -0.0280278 -0.0593434 0.000723999 2.03817e-06 0.000723998 4.07633e-06 4.07629e-06 0.00132284 
0.00140181 4.19294e-06 2.09647e-06 4.19295e-06 4.19295e-06 0.00074471 0.000744708 2.09647e-06 4.19294e-06 4.19293e-06 4.19293e-06 2.09646e-06 4.19292e-06 2.09646e-06 4.19293e-06 2.09646e-06 0.000744705 0.000744704 -0.000738414 4.1929e-06 2.09645e-06 4.19289e-06 2.09645e-06 4.19288e-06 -0.029159 -0.0617116 0.000744697 2.09644e-06 0.000744697 4.19287e-06 4.19282e-06 0.00136058 
0.00144072 4.30949e-06 2.15475e-06 4.3095e-06 4.30949e-06 0.00076541 0.000765408 2.15474e-06 4.30949e-06 4.30948e-06 4.30947e-06 2.15474e-06 4.30947e-06 2.15473e-06 4.30947e-06 2.15473e-06 0.000765405 0.000765403 -0.000758938 4.30944e-06 2.15472e-06 4.30944e-06 2.15473e-06 4.30942e-06 -0.0303042 -0.0640976 0.000765397 2.15471e-06 0.000765396 4.30941e-06 4.30936e-06 0.0013983 
0.00147962 4.42604e-06 2.21302e-06 4.42605e-06 4.42604e-06 0.00078611 0.000786108 2.21302e-06 4.42604e-06 4.42603e-06 4.42602e-06 2.21301e-06 4.42602e-06 2.21301e-06 4.42602e-06 2.21301e-06 0.000786105 0.000786104 -0.000779464 4.42599e-06 2.213e-06 4.42599e-06 2.213e-06 4.42597e-06 -0.0314577 -0.066496 0.000786097 2.21299e-06 0.000786096 4.42596e-06 4.42591e-06 0.00143605 
0.00151851 4.5426e-06 2.2713e-06 4.54261e-06 4.5426e-06 0.000806812 0.00080681 2.2713e-06 4.5426e-06 4.54258e-06 4.54258e-06 2.27129e-06 4.54257e-06 2.27128e-06 4.54258e-06 2.27128e-06 0.000806807 0.000806805 -0.00079999 4.54254e-06 2.27127e-06 4.54254e-06 2.27128e-06 4.54252e-06 -0.0326105 -0.068899 0.000806798 2.27126e-06 0.000806796 4.54251e-06 4.54246e-06 0.0014738 
0.0015574 4.65916e-06 2.32958e-06 4.65917e-06 4.65916e-06 0.000827514 0.000827512 2.32958e-06 4.65916e-06 4.65914e-06 4.65914e-06 2.32957e-06 4.65913e-06 2.32956e-06 4.65914e-06 2.32956e-06 0.000827509 0.000827507 -0.000820517 4.6591e-06 2.32955e-06 4.6591e-06 2.32956e-06 4.65908e-06 -0.0337702 -0.0713012 0.0008275 2.32954e-06 0.000827498 4.65907e-06 4.65901e-06 0.00151154 
0.00159631 4.77572e-06 2.38786e-06 4.77574e-06 4.77572e-06 0.000848217 0.000848215 2.38786e-06 4.77572e-06 4.77571e-06 4.7757e-06 2.38785e-06 4.7757e-06 2.38785e-06 4.7757e-06 2.38785e-06 0.000848211 0.00084821 -0.000841044 4.77566e-06 2.38783e-06 4.77566e-06 2.38784e-06 4.77564e-06 -0.0349344 -0.0737011 0.000848203 2.38782e-06 0.0008482 4.77563e-06 4.77556e-06 0.0015493 
0.00163522 4.89229e-06 2.44615e-06 4.89231e-06 4.89229e-06 0.00086892 0.000868919 2.44614e-06 4.89229e-06 4.89228e-06 4.89227e-06 2.44613e-06 4.89226e-06 2.44613e-06 4.89227e-06 2.44613e-06 0.000868915 0.000868913 -0.000861573 4.89223e-06 2.44612e-06 4.89223e-06 2.44612e-06 4.89221e-06 -0.0360963 -0.076108 0.000868906 2.44611e-06 0.000868903 4.89219e-06 4.89213e-06 0.00158705 
0.00167414 5.00886e-06 2.50444e-06 5.00888e-06 5.00886e-06 0.000889625 0.000889624 2.50443e-06 5.00886e-06 5.00885e-06 5.00884e-06 2.50442e-06 5.00883e-06 2.50442e-06 5.00884e-06 2.50442e-06 0.000889619 0.000889618 -0.000882102 5.0088e-06 2.5044e-06 5.0088e-06 2.50441e-06 5.00878e-06 -0.0372632 -0.0785228 0.000889611 2.50439e-06 0.000889607 5.00876e-06 5.00869e-06 0.00162482 
0.00171305 5.12544e-06 2.56272e-06 5.12546e-06 5.12544e-06 0.00091033 0.000910329 2.56272e-06 5.12544e-06 5.12543e-06 5.12542e-06 2.56271e-06 5.12541e-06 2.5627e-06 5.12542e-06 2.5627e-06 0.000910325 0.000910323 -0.000902632 5.12537e-06 2.56269e-06 5.12538e-06 2.5627e-06 5.12535e-06 -0.0384331 -0.0809488 0.000910316 2.56268e-06 0.000910312 5.12533e-06 5.12526e-06 0.00166259 
0.00175196 5.24202e-06 2.62102e-06 5.24204e-06 5.24203e-06 0.000931036 0.000931035 2.62101e-06 5.24202e-06 5.24201e-06 5.242e-06 2.621e-06 5.24199e-06 2.62099e-06 5.242e-06 2.62099e-06 0.000931031 0.000931029 -0.000923163 5.24195e-06 2.62098e-06 5.24196e-06 2.62099e-06 5.24193e-06 -0.0396057 -0.0833743 0.000931021 2.62097e-06 0.000931018 5.24191e-06 5.24183e-06 0.00170035 
0.00179086 5.3586e-06 2.67931e-06 5.35863e-06 5.35861e-06 0.000951742 0.000951742 2.6793e-06 5.35861e-06 5.35859e-06 5.35858e-06 2.67929e-06 5.35858e-06 2.67929e-06 5.35859e-06 2.67929e-06 0.000951737 0.000951735 -0.000943694 5.35854e-06 2.67927e-06 5.35854e-06 2.67928e-06 5.35851e-06 -0.0407745 -0.0857983 0.000951728 2.67926e-06 0.000951724 5.35849e-06 5.35841e-06 0.0017381 
0.00182979 5.47519e-06 2.7376e-06 5.47522e-06 5.4752e-06 0.00097245 0.00097245 2.7376e-06 5.4752e-06 5.47518e-06 5.47517e-06 2.73759e-06 5.47517e-06 2.73758e-06 5.47518e-06 2.73758e-06 0.000972445 0.000972443 -0.000964227 5.47512e-06 2.73757e-06 5.47513e-06 2.73757e-06 5.4751e-06 -0.0419452 -0.0882169 0.000972435 2.73755e-06 0.000972431 5.47508e-06 5.47499e-06 0.00177587 
0.00186871 5.59179e-06 2.7959e-06 5.59182e-06 5.5918e-06 0.000993158 0.000993158 2.79589e-06 5.59179e-06 5.59178e-06 5.59177e-06 2.79588e-06 5.59176e-06 2.79588e-06 5.59177e-06 2.79588e-06 0.000993153 0.000993151 -0.00098476 5.59172e-06 2.79586e-06 5.59172e-06 2.79587e-06 5.59169e-06 -0.0431167 -0.0906345 0.000993143 2.79585e-06 0.000993138 5.59167e-06 5.59158e-06 0.00181365 
0.00190764 5.70838e-06 2.8542e-06 5.70842e-06 5.7084e-06 0.00101387 0.00101387 2.85419e-06 5.70839e-06 5.70837e-06 5.70836e-06 2.85418e-06 5.70836e-06 2.85418e-06 5.70837e-06 2.85418e-06 0.00101386 0.00101386 -0.00100529 5.70831e-06 2.85416e-06 5.70831e-06 2.85417e-06 5.70829e-06 -0.0442902 -0.0930548 0.00101385 2.85414e-06 0.00101385 5.70826e-06 5.70817e-06 0.00185139 
0.00194657 5.82498e-06 2.9125e-06 5.82502e-06 5.825e-06 0.00103458 0.00103458 2.91249e-06 5.82499e-06 5.82497e-06 5.82496e-06 2.91249e-06 5.82496e-06 2.91248e-06 5.82497e-06 2.91248e-06 0.00103457 0.00103457 -0.00102583 5.82491e-06 2.91246e-06 5.82491e-06 2.91247e-06 5.82489e-06 -0.0454627 -0.0954705 0.00103456 2.91244e-06 0.00103456 5.82486e-06 5.82476e-06 0.00188916 
0.00198546 5.94159e-06 2.97081e-06 5.94163e-06 5.94161e-06 0.00105529 0.00105529 2.9708e-06 5.9416e-06 5.94158e-06 5.94157e-06 2.97079e-06 5.94156e-06 2.97078e-06 5.94157e-06 2.97078e-06 0.00105528 0.00105528 -0.00104636 5.94152e-06 2.97077e-06 5.94152e-06 2.97077e-06 5.94149e-06 -0.0466378 -0.0978784 0.00105527 2.97074e-06 0.00105526 5.94146e-06 5.94136e-06 0.00192691 
0.0020244 6.0582e-06 3.02911e-06 6.05824e-06 6.05822e-06 0.001076 0.001076 3.0291e-06 6.0582e-06 6.05819e-06 6.05818e-06 3.02909e-06 6.05817e-06 3.02908e-06 6.05818e-06 3.02909e-06 0.00107599 0.00107599 -0.0010669 6.05812e-06 3.02907e-06 6.05813e-06 3.02907e-06 6.0581e-06 -0.0478057 -0.100279 0.00107598 3.02905e-06 0.00107598 6.05807e-06 6.05796e-06 0.00196468 
0.00206336 6.17481e-06 3.08742e-06 6.17485e-06 6.17483e-06 0.00109671 0.00109671 3.08741e-06 6.17482e-06 6.1748e-06 6.1748e-06 3.0874e-06 6.17479e-06 3.08739e-06 6.17479e-06 3.08739e-06 0.00109671 0.0010967 -0.00108744 6.17474e-06 3.08738e-06 6.17474e-06 3.08738e-06 6.17471e-06 -0.0489674 -0.102678 0.00109669 3.08735e-06 0.00109669 6.17468e-06 6.17456e-06 0.00200243 
0.00210228 6.29143e-06 3.14573e-06 6.29147e-06 6.29145e-06 0.00111742 0.00111742 3.14572e-06 6.29144e-06 6.29142e-06 6.29142e-06 3.14571e-06 6.29141e-06 3.1457e-06 6.29141e-06 3.1457e-06 0.00111742 0.00111741 -0.00110797 6.29135e-06 3.14569e-06 6.29135e-06 3.14569e-06 6.29133e-06 -0.0501229 -0.105077 0.0011174 3.14566e-06 0.0011174 6.29129e-06 6.29117e-06 0.0020402 
0.00214122 6.40805e-06 3.20404e-06 6.4081e-06 6.40807e-06 0.00113814 0.00113814 3.20403e-06 6.40806e-06 6.40804e-06 6.40804e-06 3.20402e-06 6.40803e-06 3.20401e-06 6.40804e-06 3.20401e-06 0.00113813 0.00113813 -0.00112851 6.40797e-06 3.204e-06 6.40797e-06 3.204e-06 6.40795e-06 -0.0512783 -0.107483 0.00113812 3.20397e-06 0.00113811 6.4079e-06 6.40779e-06 0.00207796 
0.00218016 6.52467e-06 3.26235e-06 6.52472e-06 6.5247e-06 0.00115885 0.00115885 3.26234e-06 6.52469e-06 6.52467e-06 6.52467e-06 3.26234e-06 6.52465e-06 3.26232e-06 6.52466e-06 3.26232e-06 0.00115885 0.00115884 -0.00114905 6.5246e-06 3.26231e-06 6.5246e-06 3.26231e-06 6.52457e-06 -0.0524347 -0.109897 0.00115883 3.26228e-06 0.00115882 6.52452e-06 6.5244e-06 0.00211572 
0.00221909 6.64131e-06 3.32067e-06 6.64136e-06 6.64133e-06 0.00117956 0.00117956 3.32066e-06 6.64132e-06 6.6413e-06 6.6413e-06 3.32065e-06 6.64128e-06 3.32063e-06 6.64129e-06 3.32064e-06 0.00117956 0.00117956 -0.00116959 6.64123e-06 3.32062e-06 6.64122e-06 3.32063e-06 6.6412e-06 -0.0535877 -0.112311 0.00117955 3.32059e-06 0.00117954 6.64115e-06 6.64102e-06 0.00215348 
0.00225803 6.75794e-06 3.37899e-06 6.75799e-06 6.75796e-06 0.00120028 0.00120028 3.37898e-06 6.75795e-06 6.75794e-06 6.75793e-06 3.37897e-06 6.75792e-06 3.37895e-06 6.75793e-06 3.37895e-06 0.00120028 0.00120027 -0.00119013 6.75786e-06 3.37894e-06 6.75786e-06 3.37894e-06 6.75783e-06 -0.0547357 -0.114725 0.00120026 3.37891e-06 0.00120025 6.75777e-06 6.75765e-06 0.00219125 
0.00229695 6.87458e-06 3.4373e-06 6.87463e-06 6.8746e-06 0.001221 0.001221 3.4373e-06 6.87459e-06 6.87457e-06 6.87457e-06 3.43729e-06 6.87456e-06 3.43727e-06 6.87457e-06 3.43727e-06 0.00122099 0.00122099 -0.00121067 6.87449e-06 3.43726e-06 6.87449e-06 3.43726e-06 6.87447e-06 -0.0558871 -0.117132 0.00122098 3.43723e-06 0.00122097 6.87441e-06 6.87428e-06 0.00222903 
0.00233587 6.99122e-06 3.49563e-06 6.99127e-06 6.99124e-06 0.00124171 0.00124171 3.49562e-06 6.99124e-06 6.99122e-06 6.99122e-06 3.49561e-06 6.9912e-06 3.49559e-06 6.99121e-06 3.49559e-06 0.00124171 0.0012417 -0.00123121 6.99113e-06 3.49558e-06 6.99113e-06 3.49558e-06 6.99111e-06 -0.0570325 -0.119533 0.00124169 3.49554e-06 0.00124168 6.99104e-06 6.99091e-06 0.00226679 
0.00237479 7.10787e-06 3.55395e-06 7.10792e-06 7.10789e-06 0.00126243 0.00126243 3.55394e-06 7.10789e-06 7.10786e-06 7.10786e-06 3.55393e-06 7.10785e-06 3.55391e-06 7.10786e-06 3.55391e-06 0.00126243 0.00126242 -0.00125176 7.10778e-06 3.5539e-06 7.10777e-06 3.5539e-06 7.10775e-06 -0.0581817 -0.121927 0.00126241 3.55387e-06 0.0012624 7.10768e-06 7.10754e-06 0.00230458 
0.00241374 7.22451e-06 3.61227e-06 7.22457e-06 7.22454e-06 0.00128315 0.00128315 3.61227e-06 7.22454e-06 7.22451e-06 7.22451e-06 3.61226e-06 7.2245e-06 3.61224e-06 7.2245e-06 3.61224e-06 0.00128314 0.00128314 -0.0012723 7.22443e-06 3.61223e-06 7.22442e-06 3.61223e-06 7.2244e-06 -0.0593302 -0.124321 0.00128313 3.61219e-06 0.00128312 7.22433e-06 7.22418e-06 0.00234236 
0.00245267 7.34117e-06 3.6706e-06 7.34123e-06 7.34119e-06 0.00130387 0.00130387 3.67059e-06 7.34119e-06 7.34117e-06 7.34117e-06 3.67058e-06 7.34115e-06 3.67057e-06 7.34116e-06 3.67056e-06 0.00130386 0.00130386 -0.00129284 7.34108e-06 3.67055e-06 7.34107e-06 3.67055e-06 7.34105e-06 -0.0604869 -0.126709 0.00130385 3.67051e-06 0.00130384 7.34097e-06 7.34083e-06 0.00238015 
0.00249161 7.45782e-06 3.72893e-06 7.45789e-06 7.45785e-06 0.00132459 0.00132459 3.72892e-06 7.45785e-06 7.45782e-06 7.45782e-06 3.72891e-06 7.45781e-06 3.72889e-06 7.45781e-06 3.72889e-06 0.00132458 0.00132458 -0.00131339 7.45774e-06 3.72888e-06 7.45773e-06 3.72888e-06 7.4577e-06 -0.0616452 -0.129097 0.00132456 3.72884e-06 0.00132455 7.45763e-06 7.45747e-06 0.00241793 
0.00253056 7.57448e-06 3.78726e-06 7.57455e-06 7.57451e-06 0.00134531 0.00134531 3.78725e-06 7.57452e-06 7.57449e-06 7.57449e-06 3.78724e-06 7.57447e-06 3.78723e-06 7.57447e-06 3.78722e-06 0.0013453 0.00134529 -0.00133393 7.5744e-06 3.78721e-06 7.57439e-06 3.78721e-06 7.57436e-06 -0.0627957 -0.131479 0.00134528 3.78717e-06 0.00134527 7.57428e-06 7.57412e-06 0.0024557 
0.00256951 7.69115e-06 3.84559e-06 7.69122e-06 7.69118e-06 0.00136603 0.00136603 3.84559e-06 7.69118e-06 7.69115e-06 7.69115e-06 3.84558e-06 7.69114e-06 3.84556e-06 7.69114e-06 3.84556e-06 0.00136602 0.00136602 -0.00135448 7.69106e-06 3.84555e-06 7.69105e-06 3.84555e-06 7.69102e-06 -0.0639402 -0.13385 0.001366 3.8455e-06 0.00136599 7.69094e-06 7.69078e-06 0.00249347 
0.00260846 7.80781e-06 3.90393e-06 7.80789e-06 7.80785e-06 0.00138675 0.00138675 3.90392e-06 7.80785e-06 7.80782e-06 7.80782e-06 3.90391e-06 7.8078e-06 3.90389e-06 7.80781e-06 3.90389e-06 0.00138674 0.00138674 -0.00137502 7.80773e-06 3.90388e-06 7.80771e-06 3.90388e-06 7.80768e-06 -0.0650814 -0.136214 0.00138673 3.90383e-06 0.00138671 7.8076e-06 7.80744e-06 0.00253126 
0.0026474 7.92448e-06 3.96227e-06 7.92456e-06 7.92452e-06 0.00140747 0.00140747 3.96226e-06 7.92453e-06 7.92449e-06 7.92449e-06 3.96225e-06 7.92448e-06 3.96223e-06 7.92448e-06 3.96222e-06 0.00140747 0.00140746 -0.00139557 7.9244e-06 3.96221e-06 7.92438e-06 3.96221e-06 7.92435e-06 -0.0662115 -0.138569 0.00140745 3.96216e-06 0.00140743 7.92427e-06 7.9241e-06 0.00256904 
0.00268638 8.04116e-06 4.0206e-06 8.04124e-06 8.04119e-06 0.0014282 0.0014282 4.02059e-06 8.0412e-06 8.04116e-06 8.04117e-06 4.02058e-06 8.04115e-06 4.02057e-06 8.04115e-06 4.02056e-06 0.00142819 0.00142818 -0.00141612 8.04107e-06 4.02055e-06 8.04105e-06 4.02055e-06 8.04102e-06 -0.0673364 -0.140911 0.00142817 4.0205e-06 0.00142816 8.04094e-06 8.04076e-06 0.00260683 
0.00272534 8.15783e-06 4.07894e-06 8.15792e-06 8.15787e-06 0.00144892 0.00144892 4.07893e-06 8.15788e-06 8.15784e-06 8.15784e-06 4.07892e-06 8.15783e-06 4.07891e-06 8.15783e-06 4.0789e-06 0.00144891 0.0014489 -0.00143667 8.15775e-06 4.07889e-06 8.15773e-06 4.07889e-06 8.1577e-06 -0.0684531 -0.143237 0.00144889 4.07884e-06 0.00144888 8.15761e-06 8.15742e-06 0.00264462 
0.00276428 8.27452e-06 4.13729e-06 8.2746e-06 8.27456e-06 0.00146964 0.00146964 4.13727e-06 8.27457e-06 8.27452e-06 8.27452e-06 4.13726e-06 8.27451e-06 4.13725e-06 8.27451e-06 4.13724e-06 0.00146963 0.00146963 -0.00145722 8.27443e-06 4.13723e-06 8.27441e-06 4.13723e-06 8.27438e-06 -0.0695612 -0.145551 0.00146962 4.13718e-06 0.0014696 8.27428e-06 8.27409e-06 0.00268241 
0.00280325 8.3912e-06 4.19563e-06 8.39129e-06 8.39124e-06 0.00149037 0.00149037 4.19562e-06 8.39125e-06 8.3912e-06 8.39121e-06 4.19561e-06 8.39119e-06 4.19559e-06 8.3912e-06 4.19558e-06 0.00149036 0.00149035 -0.00147776 8.39111e-06 4.19557e-06 8.39109e-06 4.19557e-06 8.39106e-06 -0.0706655 -0.147845 0.00149034 4.19552e-06 0.00149032 8.39096e-06 8.39077e-06 0.0027202 
0.00284222 8.50789e-06 4.25397e-06 8.50798e-06 8.50793e-06 0.00151109 0.00151109 4.25396e-06 8.50794e-06 8.50789e-06 8.5079e-06 4.25395e-06 8.50788e-06 4.25393e-06 8.50789e-06 4.25393e-06 0.00151108 0.00151108 -0.00149831 8.5078e-06 4.25392e-06 8.50777e-06 4.25392e-06 8.50774e-06 -0.0717373 -0.150096 0.00151106 4.25386e-06 0.00151105 8.50764e-06 8.50744e-06 0.002758 
0.00288118 8.62457e-06 4.31232e-06 8.62467e-06 8.62462e-06 0.00153182 0.00153182 4.31231e-06 8.62464e-06 8.62458e-06 8.62459e-06 4.3123e-06 8.62457e-06 4.31228e-06 8.62458e-06 4.31227e-06 0.00153181 0.0015318 -0.00151886 8.62449e-06 4.31226e-06 8.62446e-06 4.31226e-06 8.62443e-06 -0.0728011 -0.152325 0.00153179 4.3122e-06 0.00153177 8.62433e-06 8.62412e-06 0.0027958 
0.00292014 8.74127e-06 4.37066e-06 8.74136e-06 8.74132e-06 0.00155255 0.00155255 4.37065e-06 8.74133e-06 8.74127e-06 8.74128e-06 4.37064e-06 8.74126e-06 4.37062e-06 8.74127e-06 4.37062e-06 0.00155254 0.00155253 -0.00153942 8.74118e-06 4.37061e-06 8.74115e-06 4.37061e-06 8.74112e-06 -0.0738531 -0.15453 0.00155251 4.37055e-06 0.0015525 8.74102e-06 8.7408e-06 0.0028336 
0.00295909 8.85796e-06 4.42901e-06 8.85806e-06 8.85801e-06 0.00157327 0.00157327 4.429e-06 8.85802e-06 8.85797e-06 8.85798e-06 4.42899e-06 8.85796e-06 4.42897e-06 8.85797e-06 4.42896e-06 0.00157326 0.00157326 -0.00155997 8.85788e-06 4.42896e-06 8.85785e-06 4.42895e-06 8.85781e-06 -0.0748966 -0.156716 0.00157324 4.4289e-06 0.00157322 8.8577e-06 8.85748e-06 0.00287138 
0.00299805 8.97466e-06 4.48736e-06 8.97476e-06 8.97471e-06 0.001594 0.001594 4.48735e-06 8.97472e-06 8.97467e-06 8.97468e-06 4.48734e-06 8.97466e-06 4.48732e-06 8.97467e-06 4.48731e-06 0.00159399 0.00159398 -0.00158052 8.97458e-06 4.4873e-06 8.97454e-06 4.4873e-06 8.97451e-06 -0.0759285 -0.158886 0.00159397 4.48725e-06 0.00159395 8.97439e-06 8.97417e-06 0.00290919 
0.00303701 9.09136e-06 4.54571e-06 9.09146e-06 9.09142e-06 0.00161473 0.00161473 4.5457e-06 9.09142e-06 9.09137e-06 9.09138e-06 4.54569e-06 9.09136e-06 4.54567e-06 9.09137e-06 4.54567e-06 0.00161472 0.00161471 -0.00160107 9.09128e-06 4.54565e-06 9.09124e-06 4.54565e-06 9.09121e-06 -0.0769515 -0.161043 0.00161469 4.54559e-06 0.00161467 9.09109e-06 9.09086e-06 0.002947 
0.00307595 9.20806e-06 4.60406e-06 9.20816e-06 9.20812e-06 0.00163546 0.00163545 4.60405e-06 9.20813e-06 9.20807e-06 9.20808e-06 4.60405e-06 9.20807e-06 4.60402e-06 9.20808e-06 4.60402e-06 0.00163544 0.00163544 -0.00162162 9.20798e-06 4.604e-06 9.20795e-06 4.604e-06 9.20791e-06 -0.0779662 -0.163189 0.00163542 4.60394e-06 0.0016354 9.20778e-06 9.20755e-06 0.0029848 
0.00311491 9.32476e-06 4.66241e-06 9.32487e-06 9.32483e-06 0.00165619 0.00165618 4.66241e-06 9.32483e-06 9.32477e-06 9.32479e-06 4.6624e-06 9.32477e-06 4.66238e-06 9.32478e-06 4.66237e-06 0.00165617 0.00165617 -0.00164217 9.32468e-06 4.66235e-06 9.32465e-06 4.66236e-06 9.32461e-06 -0.078974 -0.165327 0.00165615 4.66229e-06 0.00165613 9.32448e-06 9.32424e-06 0.00302261 
0.00315387 9.44146e-06 4.72077e-06 9.44158e-06 9.44153e-06 0.00167691 0.00167691 4.72076e-06 9.44154e-06 9.44148e-06 9.44149e-06 4.72075e-06 9.44148e-06 4.72073e-06 9.44149e-06 4.72072e-06 0.0016769 0.00167689 -0.00166273 9.44139e-06 4.72071e-06 9.44136e-06 4.72071e-06 9.44131e-06 -0.0799685 -0.167446 0.00167687 4.72064e-06 0.00167685 9.44118e-06 9.44093e-06 0.0030604 
0.00319284 9.55817e-06 4.77912e-06 9.55829e-06 9.55824e-06 0.00169764 0.00169764 4.77912e-06 9.55825e-06 9.55818e-06 9.5582e-06 4.77911e-06 9.55819e-06 4.77909e-06 9.5582e-06 4.77908e-06 0.00169763 0.00169762 -0.00168328 9.5581e-06 4.77906e-06 9.55806e-06 4.77906e-06 9.55802e-06 -0.0809504 -0.169545 0.0016976 4.77899e-06 0.00169758 9.55789e-06 9.55763e-06 0.00309819 
0.00323179 9.67488e-06 4.83748e-06 9.675e-06 9.67495e-06 0.00171837 0.00171837 4.83747e-06 9.67496e-06 9.67489e-06 9.67491e-06 4.83746e-06 9.67489e-06 4.83744e-06 9.6749e-06 4.83743e-06 0.00171836 0.00171835 -0.00170383 9.6748e-06 4.83741e-06 9.67477e-06 4.83742e-06 9.67473e-06 -0.0819179 -0.171609 0.00171833 4.83735e-06 0.00171831 9.67459e-06 9.67433e-06 0.00313598 
0.00327076 9.79159e-06 4.89583e-06 9.79171e-06 9.79166e-06 0.0017391 0.0017391 4.89583e-06 9.79167e-06 9.7916e-06 9.79162e-06 4.89582e-06 9.7916e-06 4.8958e-06 9.79161e-06 4.89579e-06 0.00173909 0.00173908 -0.00172439 9.79151e-06 4.89577e-06 9.79148e-06 4.89577e-06 9.79144e-06 -0.0828695 -0.17364 0.00173906 4.8957e-06 0.00173904 9.79129e-06 9.79102e-06 0.00317377 
0.0033097 9.9083e-06 4.95419e-06 9.90842e-06 9.90838e-06 0.00175983 0.00175983 4.95418e-06 9.90838e-06 9.90831e-06 9.90833e-06 4.95418e-06 9.90831e-06 4.95415e-06 9.90832e-06 4.95414e-06 0.00175982 0.00175981 -0.00174494 9.90823e-06 4.95413e-06 9.90819e-06 4.95413e-06 9.90815e-06 -0.0838028 -0.175633 0.00175979 4.95405e-06 0.00175977 9.908e-06 9.90772e-06 0.0032116 
0.00334866 1.0025e-05 5.01255e-06 1.00251e-05 1.00251e-05 0.00178056 0.00178056 5.01254e-06 1.00251e-05 1.0025e-05 1.0025e-05 5.01253e-06 1.0025e-05 5.01251e-06 1.0025e-05 5.0125e-06 0.00178055 0.00178054 -0.0017655 1.00249e-05 5.01248e-06 1.00249e-05 5.01249e-06 1.00249e-05 -0.0847175 -0.177591 0.00178052 5.0124e-06 0.0017805 1.00247e-05 1.00244e-05 0.00324938 
0.00338763 1.01417e-05 5.0709e-06 1.01418e-05 1.01418e-05 0.00180129 0.00180129 5.0709e-06 1.01418e-05 1.01417e-05 1.01418e-05 5.07089e-06 1.01417e-05 5.07087e-06 1.01417e-05 5.07086e-06 0.00180128 0.00180127 -0.00178605 1.01416e-05 5.07084e-06 1.01416e-05 5.07084e-06 1.01416e-05 -0.0856183 -0.179507 0.00180124 5.07076e-06 0.00180122 1.01414e-05 1.01411e-05 0.00328716 
0.00342659 1.02584e-05 5.12926e-06 1.02586e-05 1.02585e-05 0.00182202 0.00182202 5.12926e-06 1.02585e-05 1.02585e-05 1.02585e-05 5.12925e-06 1.02585e-05 5.12922e-06 1.02585e-05 5.12921e-06 0.00182201 0.001822 -0.0018066 1.02584e-05 5.12919e-06 1.02583e-05 5.1292e-06 1.02583e-05 -0.0865003 -0.181376 0.00182197 5.12911e-06 0.00182195 1.02581e-05 1.02578e-05 0.00332496 
0.00346553 1.03751e-05 5.18761e-06 1.03753e-05 1.03752e-05 0.00184275 0.00184275 5.18761e-06 1.03752e-05 1.03752e-05 1.03752e-05 5.1876e-06 1.03752e-05 5.18758e-06 1.03752e-05 5.18757e-06 0.00184273 0.00184272 -0.00182716 1.03751e-05 5.18755e-06 1.0375e-05 5.18755e-06 1.0375e-05 -0.0873586 -0.183197 0.0018427 5.18746e-06 0.00184268 1.03748e-05 1.03745e-05 0.00336275 
0.00350448 1.04918e-05 5.24597e-06 1.0492e-05 1.0492e-05 0.00186348 0.00186347 5.24597e-06 1.0492e-05 1.04919e-05 1.04919e-05 5.24596e-06 1.04919e-05 5.24594e-06 1.04919e-05 5.24592e-06 0.00186346 0.00186345 -0.00184771 1.04918e-05 5.2459e-06 1.04918e-05 5.24591e-06 1.04917e-05 -0.0882017 -0.184973 0.00186343 5.24582e-06 0.00186341 1.04915e-05 1.04912e-05 0.00340053 
0.00354344 1.06086e-05 5.30433e-06 1.06087e-05 1.06087e-05 0.00188421 0.0018842 5.30433e-06 1.06087e-05 1.06086e-05 1.06086e-05 5.30432e-06 1.06086e-05 5.30429e-06 1.06086e-05 5.30428e-06 0.00188419 0.00188418 -0.00186827 1.06085e-05 5.30426e-06 1.06085e-05 5.30427e-06 1.06084e-05 -0.0890288 -0.186706 0.00188416 5.30417e-06 0.00188414 1.06082e-05 1.06079e-05 0.00343834 
0.00358241 1.07253e-05 5.36268e-06 1.07254e-05 1.07254e-05 0.00190494 0.00190493 5.36268e-06 1.07254e-05 1.07253e-05 1.07253e-05 5.36268e-06 1.07253e-05 5.36265e-06 1.07253e-05 5.36264e-06 0.00190492 0.00190491 -0.00188882 1.07252e-05 5.36261e-06 1.07252e-05 5.36262e-06 1.07251e-05 -0.0898345 -0.188399 0.00190489 5.36253e-06 0.00190487 1.0725e-05 1.07246e-05 0.00347613 
0.00362137 1.0842e-05 5.42104e-06 1.08421e-05 1.08421e-05 0.00192567 0.00192566 5.42104e-06 1.08421e-05 1.0842e-05 1.0842e-05 5.42103e-06 1.0842e-05 5.421e-06 1.0842e-05 5.42099e-06 0.00192565 0.00192564 -0.00190937 1.08419e-05 5.42097e-06 1.08419e-05 5.42098e-06 1.08418e-05 -0.0906219 -0.19005 0.00192562 5.42088e-06 0.00192559 1.08417e-05 1.08413e-05 0.00351394 
0.00366033 1.09587e-05 5.47939e-06 1.09588e-05 1.09588e-05 0.0019464 0.00194639 5.47939e-06 1.09588e-05 1.09587e-05 1.09587e-05 5.47939e-06 1.09587e-05 5.47936e-06 1.09587e-05 5.47935e-06 0.00194638 0.00194637 -0.00192993 1.09586e-05 5.47932e-06 1.09586e-05 5.47933e-06 1.09585e-05 -0.091389 -0.191656 0.00194634 5.47923e-06 0.00194632 1.09584e-05 1.0958e-05 0.00355175 
0.00369928 1.10754e-05 5.53774e-06 1.10755e-05 1.10755e-05 0.00196712 0.00196712 5.53775e-06 1.10755e-05 1.10754e-05 1.10755e-05 5.53774e-06 1.10754e-05 5.53771e-06 1.10754e-05 5.5377e-06 0.00196711 0.0019671 -0.00195048 1.10753e-05 5.53768e-06 1.10753e-05 5.53769e-06 1.10752e-05 -0.092134 -0.193208 0.00196707 5.53759e-06 0.00196705 1.10751e-05 1.10747e-05 0.00358955 
0.00373823 1.11921e-05 5.5961e-06 1.11923e-05 1.11922e-05 0.00198785 0.00198785 5.5961e-06 1.11922e-05 1.11921e-05 1.11922e-05 5.5961e-06 1.11921e-05 5.59607e-06 1.11921e-05 5.59605e-06 0.00198784 0.00198783 -0.00197103 1.1192e-05 5.59603e-06 1.1192e-05 5.59604e-06 1.11919e-05 -0.0928519 -0.194704 0.0019878 5.59594e-06 0.00198778 1.11918e-05 1.11914e-05 0.00362734 
0.0037772 1.13088e-05 5.65445e-06 1.1309e-05 1.13089e-05 0.00200858 0.00200858 5.65445e-06 1.13089e-05 1.13089e-05 1.13089e-05 5.65445e-06 1.13089e-05 5.65442e-06 1.13088e-05 5.65441e-06 0.00200856 0.00200855 -0.00199158 1.13087e-05 5.65438e-06 1.13087e-05 5.65439e-06 1.13086e-05 -0.0935429 -0.19614 0.00200853 5.65429e-06 0.0020085 1.13085e-05 1.13081e-05 0.00366514 
0.00381616 1.14255e-05 5.7128e-06 1.14257e-05 1.14256e-05 0.00202931 0.0020293 5.7128e-06 1.14256e-05 1.14256e-05 1.14256e-05 5.7128e-06 1.14256e-05 5.71277e-06 1.14255e-05 5.71276e-06 0.00202929 0.00202928 -0.00201214 1.14254e-05 5.71273e-06 1.14254e-05 5.71274e-06 1.14253e-05 -0.0942051 -0.197518 0.00202925 5.71264e-06 0.00202923 1.14252e-05 1.14248e-05 0.00370295 
0.00385514 1.15422e-05 5.77115e-06 1.15424e-05 1.15423e-05 0.00205003 0.00205003 5.77115e-06 1.15423e-05 1.15423e-05 1.15423e-05 5.77115e-06 1.15423e-05 5.77112e-06 1.15422e-05 5.77111e-06 0.00205002 0.00205001 -0.00203269 1.15421e-05 5.77108e-06 1.15421e-05 5.77109e-06 1.1542e-05 -0.0948402 -0.198845 0.00204998 5.77099e-06 0.00204996 1.15419e-05 1.15415e-05 0.00374074 
0.00389618 1.16589e-05 5.8295e-06 1.16591e-05 1.1659e-05 0.00207076 0.00207076 5.8295e-06 1.1659e-05 1.1659e-05 1.1659e-05 5.8295e-06 1.1659e-05 5.82947e-06 1.16589e-05 5.82946e-06 0.00207075 0.00207073 -0.00205324 1.16588e-05 5.82943e-06 1.16588e-05 5.82944e-06 1.16587e-05 -0.0954512 -0.200127 0.00207071 5.82934e-06 0.00207068 1.16585e-05 1.16582e-05 0.00378073 
