0 0 0 0 0 0 0 0 0 0 0 0 0 0 0 0 0 0 0 0 0 0 0 0 0 0 0 0 0 0 0 0 
-0.00597562 -0.0129452 -0.0129658 -0.0129651 -0.0129651 -0.0129658 -0.0129857 -0.0129658 -0.0129452 -0.0129651 -0.0129452 -0.0129658 -0.0129651 -0.0129857 -0.0129651 -0.0129857 -0.0129658 -0.0129857 -0.0129452 -0.0129651 -0.0129857 -0.0129452 -0.0129857 -0.0129452 -0.0126221 -0.0121869 -0.0129658 -0.0129857 -0.0129658 -0.0129651 -0.0129452 -0.00612079 
-0.0115919 -0.0251427 -0.0251838 -0.0251825 -0.0251825 -0.0251838 -0.0252236 -0.0251838 -0.0251427 -0.0251825 -0.0251427 -0.0251838 -0.0251825 -0.0252236 -0.0251825 -0.0252236 -0.0251838 -0.0252236 -0.0251427 -0.0251825 -0.0252236 -0.0251427 -0.0252236 -0.0251427 -0.0244594 -0.0235807 -0.0251838 -0.0252236 -0.0251838 -0.0251825 -0.0251427 -0.0119044 
-0.0172025 -0.0373345 -0.0373962 -0.0373942 -0.0373942 -0.0373962 -0.0374559 -0.0373962 -0.0373345 -0.0373942 -0.0373345 -0.0373962 -0.0373942 -0.0374559 -0.0373942 -0.0374559 -0.0373962 -0.0374559 -0.0373345 -0.0373942 -0.0374559 -0.0373345 -0.0374559 -0.0373345 -0.0362725 -0.0349232 -0.0373961 -0.0374558 -0.0373961 -0.0373942 -0.0373344 -0.0176886 
-0.0228148 -0.0495217 -0.0496039 -0.0496013 -0.0496013 -0.0496039 -0.0496835 -0.0496039 -0.0495216 -0.0496013 -0.0495216 -0.0496039 -0.0496013 -0.0496835 -0.0496012 -0.0496835 -0.0496038 -0.0496835 -0.0495216 -0.0496012 -0.0496834 -0.0495216 -0.0496834 -0.0495216 -0.0480569 -0.0462076 -0.0496038 -0.0496834 -0.0496038 -0.0496012 -0.0495215 -0.0234666 
-0.0284262 -0.06171 -0.0618127 -0.0618095 -0.0618095 -0.0618128 -0.0619123 -0.0618127 -0.0617099 -0.0618094 -0.0617099 -0.0618127 -0.0618095 -0.0619122 -0.0618094 -0.0619122 -0.0618127 -0.0619122 -0.0617098 -0.0618093 -0.0619121 -0.0617098 -0.0619121 -0.0617098 -0.0598136 -0.0574328 -0.0618126 -0.0619121 -0.0618125 -0.0618093 -0.0617097 -0.0292465 
-0.0340379 -0.0738996 -0.0740229 -0.074019 -0.074019 -0.0740229 -0.0741423 -0.0740229 -0.0738995 -0.0740189 -0.0738995 -0.0740228 -0.0740189 -0.0741422 -0.0740189 -0.0741422 -0.0740228 -0.0741422 -0.0738994 -0.0740187 -0.0741421 -0.0738993 -0.0741421 -0.0738993 -0.0715413 -0.0685981 -0.0740226 -0.0741421 -0.0740226 -0.0740187 -0.0738992 -0.0350274 
-0.0396497 -0.0860874 -0.0862312 -0.0862267 -0.0862267 -0.0862313 -0.0863706 -0.0862312 -0.0860873 -0.0862266 -0.0860872 -0.0862312 -0.0862266 -0.0863704 -0.0862265 -0.0863705 -0.0862311 -0.0863705 -0.0860871 -0.0862264 -0.0863704 -0.086087 -0.0863704 -0.086087 -0.083239 -0.0797048 -0.0862309 -0.0863703 -0.0862309 -0.0862263 -0.0860868 -0.0408065 
-0.0452623 -0.0982766 -0.098441 -0.0984358 -0.0984358 -0.0984411 -0.0986003 -0.098441 -0.0982764 -0.0984357 -0.0982764 -0.0984409 -0.0984357 -0.0986 -0.0984356 -0.0986 -0.0984408 -0.0986 -0.0982762 -0.0984354 -0.0985999 -0.0982761 -0.0985999 -0.0982761 -0.0949106 -0.090756 -0.0984406 -0.0985998 -0.0984405 -0.0984353 -0.0982758 -0.046586 
-0.0508764 -0.110465 -0.11065 -0.110644 -0.110644 -0.11065 -0.110829 -0.11065 -0.110464 -0.110644 -0.110464 -0.110649 -0.110644 -0.110828 -0.110643 -0.110828 -0.110649 -0.110828 -0.110464 -0.110643 -0.110828 -0.110464 -0.110828 -0.110464 -0.106549 -0.10175 -0.110649 -0.110828 -0.110649 -0.110643 -0.110464 -0.0523631 
-0.0564888 -0.122651 -0.122856 -0.12285 -0.12285 -0.122857 -0.123056 -0.122856 -0.122651 -0.12285 -0.122651 -0.122856 -0.12285 -0.123055 -0.12285 -0.123055 -0.122856 -0.123055 -0.12265 -0.122849 -0.123055 -0.12265 -0.123055 -0.12265 -0.118156 -0.112679 -0.122856 -0.123055 -0.122856 -0.122849 -0.12265 -0.0581403 
-0.062104 -0.13484 -0.135066 -0.135059 -0.135059 -0.135066 -0.135285 -0.135066 -0.13484 -0.135059 -0.13484 -0.135066 -0.135059 -0.135285 -0.135058 -0.135285 -0.135066 -0.135285 -0.134839 -0.135058 -0.135284 -0.134839 -0.135284 -0.134839 -0.129731 -0.123545 -0.135065 -0.135284 -0.135065 -0.135058 -0.134839 -0.063917 
-0.0677185 -0.147032 -0.147279 -0.147271 -0.147271 -0.147279 -0.147518 -0.147279 -0.147032 -0.147271 -0.147032 -0.147279 -0.147271 -0.147517 -0.147271 -0.147517 -0.147278 -0.147517 -0.147032 -0.14727 -0.147517 -0.147031 -0.147517 -0.147031 -0.141278 -0.134341 -0.147278 -0.147517 -0.147278 -0.14727 -0.147031 -0.0696977 
-0.0733346 -0.159224 -0.159491 -0.159483 -0.159483 -0.159491 -0.15975 -0.159491 -0.159224 -0.159483 -0.159224 -0.159491 -0.159483 -0.15975 -0.159482 -0.15975 -0.159491 -0.15975 -0.159223 -0.159482 -0.159749 -0.159223 -0.159749 -0.159223 -0.15279 -0.145069 -0.15949 -0.159749 -0.15949 -0.159482 -0.159222 -0.0754763 
-0.078949 -0.171415 -0.171703 -0.171693 -0.171694 -0.171703 -0.171981 -0.171703 -0.171414 -0.171693 -0.171414 -0.171702 -0.171693 -0.171981 -0.171693 -0.171981 -0.171702 -0.171981 -0.171414 -0.171692 -0.17198 -0.171414 -0.17198 -0.171414 -0.164271 -0.155732 -0.171701 -0.17198 -0.171701 -0.171692 -0.171413 -0.0812555 
-0.0845618 -0.183606 -0.183915 -0.183905 -0.183905 -0.183915 -0.184213 -0.183915 -0.183606 -0.183904 -0.183606 -0.183914 -0.183904 -0.184213 -0.183904 -0.184213 -0.183914 -0.184213 -0.183605 -0.183904 -0.184212 -0.183605 -0.184212 -0.183605 -0.175729 -0.166339 -0.183913 -0.184212 -0.183913 -0.183903 -0.183604 -0.0870371 
-0.090175 -0.195797 -0.196125 -0.196115 -0.196115 -0.196125 -0.196444 -0.196125 -0.195796 -0.196114 -0.195796 -0.196125 -0.196114 -0.196443 -0.196114 -0.196443 -0.196125 -0.196443 -0.195795 -0.196113 -0.196443 -0.195795 -0.196442 -0.195795 -0.187157 -0.176891 -0.196124 -0.196442 -0.196123 -0.196113 -0.195794 -0.092817 
-0.0957907 -0.207991 -0.20834 -0.208329 -0.208329 -0.20834 -0.208679 -0.20834 -0.20799 -0.208329 -0.20799 -0.20834 -0.208329 -0.208678 -0.208328 -0.208678 -0.208339 -0.208678 -0.20799 -0.208328 -0.208677 -0.207989 -0.208677 -0.207989 -0.198561 -0.187388 -0.208338 -0.208677 -0.208338 -0.208327 -0.207988 -0.0985985 
-0.101405 -0.220182 -0.220552 -0.22054 -0.22054 -0.220552 -0.22091 -0.220552 -0.220181 -0.22054 -0.220181 -0.220551 -0.22054 -0.22091 -0.220539 -0.220909 -0.220551 -0.220909 -0.220181 -0.220539 -0.220909 -0.22018 -0.220909 -0.22018 -0.209935 -0.197824 -0.22055 -0.220908 -0.22055 -0.220538 -0.220179 -0.104378 
-0.107021 -0.232382 -0.232772 -0.232759 -0.23276 -0.232772 -0.23315 -0.232772 -0.232381 -0.232759 -0.23238 -0.232771 -0.232759 -0.233149 -0.232759 -0.233149 -0.232771 -0.233149 -0.23238 -0.232758 -0.233148 -0.232379 -0.233148 -0.232379 -0.221289 -0.208218 -0.23277 -0.233148 -0.232769 -0.232757 -0.232378 -0.110164 
-0.112636 -0.244575 -0.244986 -0.244973 -0.244973 -0.244986 -0.245384 -0.244986 -0.244574 -0.244973 -0.244574 -0.244985 -0.244972 -0.245383 -0.244972 -0.245383 -0.244985 -0.245383 -0.244574 -0.244971 -0.245383 -0.244573 -0.245382 -0.244573 -0.232609 -0.218559 -0.244984 -0.245382 -0.244983 -0.24497 -0.244571 -0.115946 
-0.118252 -0.256768 -0.2572 -0.257186 -0.257186 -0.2572 -0.257618 -0.2572 -0.256767 -0.257185 -0.256767 -0.257199 -0.257185 -0.257617 -0.257185 -0.257617 -0.257198 -0.257617 -0.256766 -0.257184 -0.257616 -0.256766 -0.257616 -0.256765 -0.243902 -0.228847 -0.257197 -0.257615 -0.257197 -0.257183 -0.256764 -0.121725 
-0.123868 -0.268965 -0.269417 -0.269402 -0.269403 -0.269417 -0.269855 -0.269417 -0.268964 -0.269402 -0.268963 -0.269416 -0.269402 -0.269854 -0.269401 -0.269854 -0.269415 -0.269854 -0.268963 -0.2694 -0.269853 -0.268962 -0.269852 -0.268961 -0.255168 -0.239086 -0.269414 -0.269852 -0.269414 -0.269399 -0.26896 -0.127508 
-0.129486 -0.281164 -0.281637 -0.281622 -0.281622 -0.281637 -0.282095 -0.281637 -0.281163 -0.281621 -0.281163 -0.281636 -0.281621 -0.282094 -0.281621 -0.282093 -0.281635 -0.282093 -0.281162 -0.281619 -0.282093 -0.281161 -0.282092 -0.281161 -0.266415 -0.249275 -0.281634 -0.282091 -0.281633 -0.281618 -0.281159 -0.133293 
-0.135105 -0.293363 -0.293856 -0.293841 -0.293841 -0.293856 -0.294334 -0.293856 -0.293362 -0.29384 -0.293362 -0.293855 -0.293839 -0.294333 -0.293839 -0.294332 -0.293855 -0.294333 -0.293361 -0.293838 -0.294332 -0.29336 -0.294331 -0.293359 -0.277641 -0.259416 -0.293853 -0.29433 -0.293852 -0.293837 -0.293357 -0.139075 
-0.140723 -0.305561 -0.306075 -0.306059 -0.306059 -0.306075 -0.306573 -0.306075 -0.30556 -0.306058 -0.30556 -0.306074 -0.306057 -0.306571 -0.306057 -0.306571 -0.306073 -0.306571 -0.305559 -0.306055 -0.30657 -0.305558 -0.30657 -0.305557 -0.288852 -0.269518 -0.306071 -0.306569 -0.306071 -0.306054 -0.305555 -0.144857 
-0.146338 -0.317755 -0.31829 -0.318273 -0.318273 -0.31829 -0.318807 -0.31829 -0.317755 -0.318272 -0.317754 -0.318289 -0.318271 -0.318806 -0.318271 -0.318806 -0.318288 -0.318806 -0.317753 -0.318269 -0.318805 -0.317752 -0.318804 -0.317751 -0.300043 -0.279578 -0.318286 -0.318803 -0.318285 -0.318268 -0.317748 -0.150639 
-0.151957 -0.329953 -0.330508 -0.330491 -0.33049 -0.330508 -0.331045 -0.330508 -0.329952 -0.330489 -0.329951 -0.330507 -0.330489 -0.331044 -0.330489 -0.331044 -0.330506 -0.331044 -0.32995 -0.330487 -0.331042 -0.329949 -0.331042 -0.329948 -0.311223 -0.289604 -0.330504 -0.331041 -0.330503 -0.330485 -0.329946 -0.156421 
-0.157576 -0.342154 -0.342729 -0.342711 -0.342711 -0.34273 -0.343287 -0.342729 -0.342153 -0.34271 -0.342152 -0.342728 -0.34271 -0.343285 -0.342709 -0.343285 -0.342728 -0.343285 -0.342151 -0.342707 -0.343284 -0.34215 -0.343284 -0.342149 -0.32239 -0.299597 -0.342725 -0.343282 -0.342724 -0.342706 -0.342146 -0.162204 
-0.163196 -0.35435 -0.354946 -0.354928 -0.354927 -0.354946 -0.355523 -0.354946 -0.354349 -0.354926 -0.354348 -0.354945 -0.354926 -0.355522 -0.354926 -0.355521 -0.354944 -0.355522 -0.354347 -0.354923 -0.35552 -0.354346 -0.35552 -0.354345 -0.333535 -0.309549 -0.354941 -0.355519 -0.354941 -0.354922 -0.354342 -0.167983 
-0.168816 -0.36655 -0.367166 -0.367147 -0.367147 -0.367166 -0.367763 -0.367166 -0.366549 -0.367145 -0.366548 -0.367165 -0.367145 -0.367762 -0.367145 -0.367761 -0.367164 -0.367761 -0.366546 -0.367142 -0.36776 -0.366545 -0.36776 -0.366544 -0.344667 -0.319472 -0.367161 -0.367758 -0.36716 -0.367141 -0.36654 -0.173766 
-0.174433 -0.378747 -0.379385 -0.379365 -0.379365 -0.379385 -0.380002 -0.379384 -0.378747 -0.379363 -0.378745 -0.379383 -0.379363 -0.38 -0.379363 -0.379999 -0.379383 -0.379999 -0.378744 -0.37936 -0.379998 -0.378743 -0.379998 -0.378742 -0.355788 -0.329376 -0.379379 -0.379996 -0.379379 -0.379358 -0.378738 -0.179549 
-0.18005 -0.390947 -0.391605 -0.391585 -0.391585 -0.391605 -0.392242 -0.391605 -0.390947 -0.391583 -0.390945 -0.391604 -0.391583 -0.392241 -0.391582 -0.39224 -0.391603 -0.39224 -0.390944 -0.39158 -0.392239 -0.390943 -0.392239 -0.390941 -0.366904 -0.339268 -0.391599 -0.392236 -0.391599 -0.391578 -0.390937 -0.185335 
-0.185668 -0.403145 -0.403823 -0.403802 -0.403802 -0.403823 -0.40448 -0.403823 -0.403144 -0.4038 -0.403143 -0.403822 -0.4038 -0.404478 -0.4038 -0.404478 -0.403821 -0.404478 -0.403141 -0.403797 -0.404476 -0.40314 -0.404476 -0.403138 -0.378009 -0.349157 -0.403817 -0.404474 -0.403817 -0.403795 -0.403134 -0.191117 
-0.191286 -0.415344 -0.416043 -0.416022 -0.416021 -0.416043 -0.416719 -0.416042 -0.415343 -0.416019 -0.415342 -0.416041 -0.416019 -0.416718 -0.416019 -0.416717 -0.416041 -0.416717 -0.41534 -0.416016 -0.416716 -0.415339 -0.416716 -0.415337 -0.389109 -0.359039 -0.416036 -0.416713 -0.416036 -0.416014 -0.415332 -0.196901 
-0.19691 -0.427545 -0.428265 -0.428243 -0.428242 -0.428265 -0.428961 -0.428264 -0.427545 -0.428241 -0.427543 -0.428263 -0.42824 -0.42896 -0.42824 -0.428959 -0.428263 -0.428959 -0.427542 -0.428237 -0.428957 -0.42754 -0.428957 -0.427538 -0.400205 -0.368913 -0.428258 -0.428955 -0.428258 -0.428235 -0.427533 -0.202681 
-0.202528 -0.439744 -0.440484 -0.440462 -0.440461 -0.440485 -0.4412 -0.440484 -0.439743 -0.440459 -0.439742 -0.440482 -0.440459 -0.441199 -0.440459 -0.441198 -0.440482 -0.441198 -0.43974 -0.440455 -0.441196 -0.439739 -0.441196 -0.439737 -0.411293 -0.378764 -0.440477 -0.441194 -0.440477 -0.440453 -0.439731 -0.208464 
-0.208144 -0.451943 -0.452704 -0.452681 -0.45268 -0.452705 -0.45344 -0.452704 -0.451943 -0.452679 -0.451941 -0.452702 -0.452678 -0.453439 -0.452678 -0.453437 -0.452702 -0.453438 -0.451939 -0.452674 -0.453436 -0.451938 -0.453436 -0.451936 -0.422366 -0.388597 -0.452697 -0.453433 -0.452696 -0.452672 -0.45193 -0.21425 
-0.213764 -0.464145 -0.464926 -0.464903 -0.464901 -0.464927 -0.465682 -0.464926 -0.464144 -0.4649 -0.464142 -0.464924 -0.464899 -0.465681 -0.464899 -0.465679 -0.464924 -0.46568 -0.464141 -0.464896 -0.465678 -0.464139 -0.465678 -0.464137 -0.433434 -0.398421 -0.464919 -0.465675 -0.464918 -0.464893 -0.464131 -0.220034 
-0.219384 -0.476345 -0.477147 -0.477123 -0.477121 -0.477147 -0.477923 -0.477146 -0.476344 -0.47712 -0.476342 -0.477144 -0.477119 -0.477921 -0.477119 -0.477919 -0.477144 -0.47792 -0.47634 -0.477115 -0.477918 -0.476339 -0.477918 -0.476337 -0.4445 -0.408238 -0.477139 -0.477915 -0.477138 -0.477112 -0.47633 -0.225817 
-0.225002 -0.488543 -0.489366 -0.489341 -0.48934 -0.489366 -0.490162 -0.489365 -0.488543 -0.489338 -0.488541 -0.489363 -0.489337 -0.49016 -0.489338 -0.490159 -0.489363 -0.490159 -0.488538 -0.489333 -0.490156 -0.488537 -0.490157 -0.488535 -0.455559 -0.418054 -0.489358 -0.490154 -0.489357 -0.48933 -0.488527 -0.2316 
-0.230623 -0.500746 -0.50159 -0.501564 -0.501563 -0.50159 -0.502406 -0.501589 -0.500746 -0.501561 -0.500744 -0.501587 -0.50156 -0.502403 -0.501561 -0.502402 -0.501587 -0.502402 -0.500741 -0.501556 -0.5024 -0.50074 -0.5024 -0.500738 -0.466617 -0.427878 -0.501582 -0.502398 -0.50158 -0.501553 -0.50073 -0.237384 
-0.236244 -0.512951 -0.513815 -0.513789 -0.513787 -0.513815 -0.514651 -0.513814 -0.51295 -0.513786 -0.512948 -0.513811 -0.513784 -0.514648 -0.513785 -0.514647 -0.513811 -0.514647 -0.512945 -0.51378 -0.514645 -0.512944 -0.514645 -0.512942 -0.477679 -0.437695 -0.513806 -0.514642 -0.513805 -0.513777 -0.512933 -0.24317 
-0.241867 -0.525157 -0.526042 -0.526016 -0.526014 -0.526042 -0.526898 -0.526041 -0.525157 -0.526012 -0.525155 -0.526039 -0.526011 -0.526895 -0.526012 -0.526894 -0.526039 -0.526894 -0.525152 -0.526007 -0.526892 -0.525151 -0.526892 -0.525148 -0.488739 -0.447508 -0.526034 -0.526889 -0.526032 -0.526003 -0.525139 -0.248956 
-0.24749 -0.537363 -0.538269 -0.538242 -0.53824 -0.538268 -0.539144 -0.538268 -0.537363 -0.538238 -0.537361 -0.538265 -0.538237 -0.539142 -0.538238 -0.539141 -0.538265 -0.539141 -0.537357 -0.538232 -0.539138 -0.537357 -0.539138 -0.537354 -0.499794 -0.457308 -0.53826 -0.539135 -0.538258 -0.538229 -0.537345 -0.254741 
-0.253112 -0.549568 -0.550494 -0.550467 -0.550465 -0.550494 -0.55139 -0.550493 -0.549568 -0.550463 -0.549566 -0.550491 -0.550462 -0.551387 -0.550463 -0.551386 -0.550491 -0.551386 -0.549562 -0.550457 -0.551383 -0.549562 -0.551384 -0.549559 -0.510847 -0.467108 -0.550485 -0.551381 -0.550483 -0.550453 -0.549549 -0.260526 
-0.258732 -0.56177 -0.562716 -0.562688 -0.562687 -0.562716 -0.563632 -0.562715 -0.56177 -0.562685 -0.561767 -0.562713 -0.562683 -0.563629 -0.562684 -0.563628 -0.562713 -0.563628 -0.561764 -0.562679 -0.563625 -0.561763 -0.563626 -0.56176 -0.521899 -0.476905 -0.562707 -0.563622 -0.562705 -0.562674 -0.56175 -0.266311 
-0.264355 -0.573978 -0.574945 -0.574917 -0.574915 -0.574945 -0.575881 -0.574944 -0.573978 -0.574913 -0.573975 -0.574942 -0.574911 -0.575878 -0.574912 -0.575877 -0.574942 -0.575877 -0.573972 -0.574906 -0.575874 -0.573971 -0.575874 -0.573968 -0.532956 -0.486715 -0.574936 -0.575871 -0.574933 -0.574902 -0.573957 -0.272098 
-0.26998 -0.586187 -0.587176 -0.587147 -0.587145 -0.587175 -0.588131 -0.587175 -0.586187 -0.587142 -0.586185 -0.587172 -0.587141 -0.588128 -0.587142 -0.588127 -0.587172 -0.588127 -0.586181 -0.587136 -0.588124 -0.58618 -0.588125 -0.586178 -0.544014 -0.496527 -0.587166 -0.58812 -0.587163 -0.587131 -0.586166 -0.277886 
-0.2756 -0.598392 -0.599401 -0.599372 -0.59937 -0.599401 -0.600377 -0.5994 -0.598393 -0.599367 -0.59839 -0.599398 -0.599366 -0.600374 -0.599367 -0.600373 -0.599398 -0.600373 -0.598386 -0.599361 -0.60037 -0.598385 -0.60037 -0.598383 -0.555065 -0.506332 -0.599392 -0.600366 -0.599389 -0.599356 -0.59837 -0.283673 
-0.281222 -0.6106 -0.611629 -0.611599 -0.611597 -0.611628 -0.612625 -0.611628 -0.6106 -0.611595 -0.610597 -0.611626 -0.611593 -0.612622 -0.611594 -0.61262 -0.611626 -0.61262 -0.610594 -0.611588 -0.612617 -0.610592 -0.612618 -0.61059 -0.56612 -0.516144 -0.611619 -0.612613 -0.611616 -0.611583 -0.610577 -0.289461 
-0.286843 -0.622801 -0.623851 -0.62382 -0.623818 -0.62385 -0.624866 -0.62385 -0.622801 -0.623816 -0.622798 -0.623848 -0.623814 -0.624863 -0.623815 -0.624862 -0.623848 -0.624862 -0.622795 -0.623809 -0.624859 -0.622793 -0.624859 -0.622791 -0.577166 -0.525958 -0.623841 -0.624854 -0.623837 -0.623803 -0.622777 -0.295243 
-0.292466 -0.63501 -0.636081 -0.63605 -0.636048 -0.63608 -0.637116 -0.63608 -0.63501 -0.636045 -0.635008 -0.636078 -0.636043 -0.637113 -0.636044 -0.637112 -0.636078 -0.637111 -0.635004 -0.636038 -0.637109 -0.635002 -0.637109 -0.635 -0.588227 -0.535786 -0.63607 -0.637104 -0.636067 -0.636032 -0.634985 -0.301032 
-0.298087 -0.647221 -0.648313 -0.648281 -0.648279 -0.648312 -0.649368 -0.648312 -0.647221 -0.648276 -0.647219 -0.648309 -0.648274 -0.649364 -0.648275 -0.649363 -0.648309 -0.649363 -0.647215 -0.648268 -0.64936 -0.647213 -0.64936 -0.647211 -0.599296 -0.545619 -0.648302 -0.649355 -0.648298 -0.648263 -0.647195 -0.306825 
-0.303709 -0.659427 -0.660541 -0.660508 -0.660505 -0.660539 -0.661615 -0.660539 -0.659428 -0.660503 -0.659426 -0.660537 -0.660501 -0.661611 -0.660502 -0.66161 -0.660537 -0.66161 -0.659422 -0.660495 -0.661608 -0.65942 -0.661607 -0.659417 -0.610367 -0.555447 -0.660529 -0.661602 -0.660525 -0.660489 -0.659401 -0.312611 
-0.309331 -0.671636 -0.672769 -0.672736 -0.672734 -0.672768 -0.673864 -0.672768 -0.671636 -0.672731 -0.671634 -0.672766 -0.672729 -0.67386 -0.67273 -0.673859 -0.672766 -0.673859 -0.67163 -0.672723 -0.673856 -0.671628 -0.673856 -0.671625 -0.621439 -0.56527 -0.672757 -0.67385 -0.672753 -0.672716 -0.671608 -0.3184 
-0.314953 -0.683845 -0.685 -0.684966 -0.684963 -0.684999 -0.686114 -0.684998 -0.683846 -0.68496 -0.683844 -0.684996 -0.684959 -0.68611 -0.684959 -0.686109 -0.684996 -0.686109 -0.68384 -0.684952 -0.686106 -0.683837 -0.686106 -0.683835 -0.632512 -0.575086 -0.684987 -0.6861 -0.684983 -0.684945 -0.683817 -0.32419 
-0.320576 -0.696053 -0.697229 -0.697194 -0.697191 -0.697227 -0.698363 -0.697227 -0.696054 -0.697188 -0.696052 -0.697225 -0.697187 -0.698359 -0.697187 -0.698358 -0.697224 -0.698357 -0.696048 -0.69718 -0.698355 -0.696045 -0.698355 -0.696043 -0.643587 -0.5849 -0.697216 -0.698348 -0.697211 -0.697173 -0.696024 -0.329978 
-0.326199 -0.708263 -0.709459 -0.709424 -0.709421 -0.709458 -0.710613 -0.709458 -0.708264 -0.709418 -0.708262 -0.709455 -0.709416 -0.710609 -0.709417 -0.710608 -0.709455 -0.710607 -0.708257 -0.709409 -0.710605 -0.708254 -0.710605 -0.708252 -0.654668 -0.594715 -0.709446 -0.710598 -0.709441 -0.709401 -0.708233 -0.335766 
-0.331824 -0.720472 -0.721688 -0.721653 -0.721649 -0.721687 -0.722863 -0.721687 -0.720473 -0.721647 -0.720471 -0.721684 -0.721645 -0.722858 -0.721646 -0.722857 -0.721684 -0.722856 -0.720466 -0.721638 -0.722854 -0.720463 -0.722854 -0.720461 -0.665745 -0.604537 -0.721675 -0.722847 -0.72167 -0.721629 -0.720441 -0.341553 
-0.337448 -0.732679 -0.733916 -0.73388 -0.733876 -0.733915 -0.73511 -0.733915 -0.73268 -0.733874 -0.732678 -0.733912 -0.733872 -0.735106 -0.733873 -0.735104 -0.733911 -0.735104 -0.732673 -0.733865 -0.735102 -0.732669 -0.735101 -0.732667 -0.676826 -0.614364 -0.733902 -0.735094 -0.733897 -0.733856 -0.732647 -0.347339 
-0.343074 -0.744888 -0.746146 -0.74611 -0.746106 -0.746145 -0.747361 -0.746145 -0.74489 -0.746104 -0.744888 -0.746143 -0.746102 -0.747356 -0.746103 -0.747354 -0.746142 -0.747354 -0.744882 -0.746095 -0.747352 -0.744879 -0.747352 -0.744877 -0.687907 -0.6242 -0.746132 -0.747344 -0.746127 -0.746085 -0.744855 -0.353125 
-0.348699 -0.757102 -0.75838 -0.758343 -0.758339 -0.758379 -0.759615 -0.758379 -0.757104 -0.758337 -0.757101 -0.758377 -0.758335 -0.75961 -0.758336 -0.759608 -0.758376 -0.759607 -0.757096 -0.758328 -0.759606 -0.757092 -0.759605 -0.75709 -0.698991 -0.634039 -0.758366 -0.759598 -0.75836 -0.758318 -0.757067 -0.358915 
-0.354326 -0.769315 -0.770614 -0.770576 -0.770572 -0.770613 -0.771868 -0.770613 -0.769317 -0.77057 -0.769314 -0.77061 -0.770568 -0.771863 -0.770569 -0.771861 -0.770609 -0.771861 -0.769308 -0.77056 -0.771859 -0.769305 -0.771859 -0.769302 -0.710067 -0.643885 -0.770599 -0.771851 -0.770593 -0.77055 -0.769279 -0.364703 
-0.359952 -0.781526 -0.782846 -0.782808 -0.782804 -0.782845 -0.78412 -0.782845 -0.781529 -0.782802 -0.781526 -0.782842 -0.7828 -0.784116 -0.7828 -0.784114 -0.782842 -0.784113 -0.78152 -0.782792 -0.784112 -0.781516 -0.784111 -0.781514 -0.72114 -0.653729 -0.782831 -0.784102 -0.782825 -0.782781 -0.78149 -0.370491 
-0.365576 -0.793739 -0.795079 -0.795041 -0.795037 -0.795079 -0.796374 -0.795078 -0.793742 -0.795034 -0.793739 -0.795076 -0.795033 -0.796369 -0.795033 -0.796367 -0.795075 -0.796366 -0.793732 -0.795025 -0.796365 -0.793729 -0.796364 -0.793726 -0.732222 -0.66358 -0.795064 -0.796355 -0.795058 -0.795013 -0.793702 -0.376282 
-0.3712 -0.80595 -0.807311 -0.807272 -0.807268 -0.807311 -0.808625 -0.80731 -0.805953 -0.807265 -0.80595 -0.807308 -0.807264 -0.808621 -0.807264 -0.808618 -0.807306 -0.808617 -0.805944 -0.807256 -0.808617 -0.80594 -0.808616 -0.805937 -0.743308 -0.67344 -0.807296 -0.808606 -0.807289 -0.807243 -0.805912 -0.382071 
-0.376827 -0.818165 -0.819548 -0.819508 -0.819504 -0.819547 -0.820882 -0.819546 -0.818169 -0.819501 -0.818166 -0.819544 -0.8195 -0.820877 -0.819499 -0.820874 -0.819542 -0.820873 -0.818159 -0.819491 -0.820873 -0.818155 -0.820872 -0.818152 -0.754402 -0.683311 -0.819532 -0.820862 -0.819524 -0.819478 -0.818126 -0.387862 
-0.382452 -0.830377 -0.831781 -0.831741 -0.831736 -0.83178 -0.833135 -0.831779 -0.830381 -0.831733 -0.830378 -0.831777 -0.831732 -0.83313 -0.831731 -0.833127 -0.831775 -0.833126 -0.830371 -0.831723 -0.833125 -0.830367 -0.833124 -0.830364 -0.765504 -0.693188 -0.831764 -0.833115 -0.831757 -0.83171 -0.830337 -0.393651 
-0.388079 -0.842597 -0.844022 -0.843981 -0.843976 -0.844021 -0.845395 -0.84402 -0.842602 -0.843973 -0.842598 -0.844018 -0.843972 -0.84539 -0.843972 -0.845388 -0.844016 -0.845387 -0.842591 -0.843963 -0.845386 -0.842587 -0.845385 -0.842584 -0.776619 -0.703087 -0.844005 -0.845375 -0.843997 -0.843949 -0.842556 -0.399446 
-0.393705 -0.854812 -0.856257 -0.856216 -0.856211 -0.856257 -0.857651 -0.856255 -0.854817 -0.856207 -0.854813 -0.856253 -0.856206 -0.857646 -0.856206 -0.857643 -0.856251 -0.857642 -0.854806 -0.856198 -0.857641 -0.854801 -0.85764 -0.854798 -0.787737 -0.712995 -0.85624 -0.85763 -0.856231 -0.856184 -0.85477 -0.405237 
-0.399332 -0.867026 -0.868492 -0.86845 -0.868445 -0.868491 -0.869905 -0.86849 -0.867031 -0.868441 -0.867026 -0.868487 -0.86844 -0.8699 -0.86844 -0.869897 -0.868485 -0.869896 -0.86702 -0.868431 -0.869896 -0.867015 -0.869895 -0.867011 -0.798862 -0.722915 -0.868474 -0.869884 -0.868465 -0.868417 -0.866982 -0.411026 
-0.404959 -0.879243 -0.88073 -0.880687 -0.880682 -0.880729 -0.882163 -0.880728 -0.879248 -0.880678 -0.879244 -0.880725 -0.880677 -0.882158 -0.880677 -0.882155 -0.880723 -0.882154 -0.879237 -0.880668 -0.882153 -0.879232 -0.882152 -0.879228 -0.809995 -0.732858 -0.880711 -0.882142 -0.880702 -0.880653 -0.879198 -0.416818 
-0.410587 -0.891463 -0.89297 -0.892927 -0.892922 -0.89297 -0.894424 -0.892969 -0.891469 -0.892918 -0.891464 -0.892966 -0.892917 -0.894418 -0.892917 -0.894416 -0.892964 -0.894415 -0.891457 -0.892908 -0.894414 -0.891451 -0.894413 -0.891448 -0.821162 -0.742847 -0.892952 -0.894402 -0.892942 -0.892893 -0.891417 -0.422612 
-0.416217 -0.903682 -0.90521 -0.905167 -0.905162 -0.90521 -0.906684 -0.905209 -0.903688 -0.905157 -0.903683 -0.905206 -0.905156 -0.906678 -0.905157 -0.906675 -0.905204 -0.906675 -0.903676 -0.905147 -0.906673 -0.90367 -0.906673 -0.903667 -0.832337 -0.752858 -0.905191 -0.906661 -0.905181 -0.905131 -0.903635 -0.428403 
-0.421846 -0.9159 -0.917449 -0.917405 -0.9174 -0.91745 -0.918943 -0.917448 -0.915906 -0.917395 -0.915902 -0.917445 -0.917395 -0.918937 -0.917395 -0.918934 -0.917443 -0.918934 -0.915894 -0.917385 -0.918932 -0.915889 -0.918932 -0.915885 -0.843523 -0.762891 -0.91743 -0.91892 -0.917419 -0.917369 -0.915852 -0.434194 
-0.427471 -0.928114 -0.929684 -0.929639 -0.929634 -0.929685 -0.931198 -0.929683 -0.928121 -0.92963 -0.928116 -0.92968 -0.929629 -0.931192 -0.92963 -0.931189 -0.929678 -0.931189 -0.928108 -0.92962 -0.931187 -0.928103 -0.931186 -0.928099 -0.854713 -0.772939 -0.929664 -0.931175 -0.929654 -0.929602 -0.928065 -0.439985 
-0.4331 -0.940331 -0.941922 -0.941877 -0.941872 -0.941923 -0.943456 -0.941921 -0.940338 -0.941867 -0.940333 -0.941918 -0.941867 -0.94345 -0.941867 -0.943447 -0.941916 -0.943447 -0.940325 -0.941857 -0.943444 -0.94032 -0.943444 -0.940316 -0.865919 -0.783007 -0.941902 -0.943433 -0.941891 -0.941839 -0.940281 -0.445776 
-0.43873 -0.952552 -0.954163 -0.954117 -0.954112 -0.954165 -0.955717 -0.954162 -0.952559 -0.954107 -0.952554 -0.954159 -0.954107 -0.955711 -0.954108 -0.955708 -0.954157 -0.955708 -0.952546 -0.954097 -0.955705 -0.95254 -0.955705 -0.952536 -0.877136 -0.793091 -0.954143 -0.955693 -0.954132 -0.954078 -0.9525 -0.451568 
-0.44436 -0.964767 -0.966399 -0.966353 -0.966348 -0.966401 -0.967973 -0.966398 -0.964774 -0.966343 -0.964769 -0.966396 -0.966343 -0.967967 -0.966344 -0.967965 -0.966394 -0.967964 -0.964761 -0.966333 -0.967961 -0.964756 -0.967961 -0.964752 -0.888356 -0.803181 -0.966379 -0.967949 -0.966368 -0.966313 -0.964714 -0.457356 
-0.44999 -0.976985 -0.978638 -0.978592 -0.978587 -0.978641 -0.980233 -0.978637 -0.976993 -0.978581 -0.976988 -0.978635 -0.978581 -0.980227 -0.978582 -0.980224 -0.978633 -0.980223 -0.976979 -0.978571 -0.98022 -0.976974 -0.98022 -0.97697 -0.899587 -0.813281 -0.978617 -0.980207 -0.978606 -0.978551 -0.976932 -0.463147 
-0.455617 -0.989202 -0.990876 -0.990828 -0.990823 -0.990878 -0.99249 -0.990875 -0.989209 -0.990818 -0.989205 -0.990872 -0.990818 -0.992484 -0.990819 -0.992481 -0.99087 -0.99248 -0.989196 -0.990808 -0.992477 -0.989191 -0.992478 -0.989186 -0.910828 -0.823399 -0.990854 -0.992464 -0.990843 -0.990787 -0.989147 -0.468938 
-0.461244 -1.00142 -1.00312 -1.00307 -1.00306 -1.00312 -1.00475 -1.00311 -1.00143 -1.00306 -1.00142 -1.00311 -1.00306 -1.00474 -1.00306 -1.00474 -1.00311 -1.00474 -1.00141 -1.00305 -1.00474 -1.00141 -1.00474 -1.0014 -0.922085 -0.833539 -1.00309 -1.00472 -1.00308 -1.00302 -1.00136 -0.474732 
-0.466871 -1.01364 -1.01535 -1.0153 -1.0153 -1.01535 -1.01701 -1.01535 -1.01364 -1.01529 -1.01364 -1.01535 -1.01529 -1.017 -1.01529 -1.017 -1.01535 -1.017 -1.01363 -1.01528 -1.01699 -1.01362 -1.01699 -1.01362 -0.933353 -0.84371 -1.01533 -1.01698 -1.01532 -1.01526 -1.01358 -0.480522 
-0.472498 -1.02585 -1.02759 -1.02754 -1.02753 -1.02759 -1.02926 -1.02759 -1.02586 -1.02753 -1.02586 -1.02759 -1.02753 -1.02926 -1.02753 -1.02925 -1.02758 -1.02925 -1.02585 -1.02752 -1.02925 -1.02584 -1.02925 -1.02584 -0.944638 -0.853916 -1.02757 -1.02923 -1.02755 -1.0275 -1.02579 -0.486314 
-0.478131 -1.03807 -1.03983 -1.03978 -1.03977 -1.03983 -1.04152 -1.03983 -1.03808 -1.03977 -1.03807 -1.03983 -1.03977 -1.04152 -1.03977 -1.04151 -1.03982 -1.04151 -1.03807 -1.03976 -1.04151 -1.03806 -1.04151 -1.03806 -0.955943 -0.864163 -1.03981 -1.04149 -1.03979 -1.03973 -1.03801 -0.492102 
-0.483758 -1.05029 -1.05206 -1.05201 -1.05201 -1.05207 -1.05378 -1.05206 -1.0503 -1.052 -1.05029 -1.05206 -1.052 -1.05377 -1.052 -1.05377 -1.05206 -1.05377 -1.05028 -1.05199 -1.05377 -1.05028 -1.05377 -1.05027 -0.967264 -0.874441 -1.05204 -1.05375 -1.05203 -1.05197 -1.05023 -0.497893 
-0.489383 -1.0625 -1.0643 -1.06425 -1.06425 -1.0643 -1.06604 -1.0643 -1.06251 -1.06424 -1.06251 -1.0643 -1.06424 -1.06603 -1.06424 -1.06603 -1.0643 -1.06602 -1.0625 -1.06423 -1.06602 -1.06249 -1.06602 -1.06249 -0.978598 -0.884761 -1.06428 -1.06601 -1.06427 -1.0642 -1.06244 -0.503687 
-0.495011 -1.07472 -1.07654 -1.07649 -1.07648 -1.07654 -1.07829 -1.07654 -1.07473 -1.07648 -1.07472 -1.07654 -1.07648 -1.07829 -1.07648 -1.07828 -1.07653 -1.07828 -1.07471 -1.07647 -1.07828 -1.07471 -1.07828 -1.0747 -0.989954 -0.89513 -1.07652 -1.07826 -1.0765 -1.07644 -1.07466 -0.509478 
-0.500639 -1.08693 -1.08878 -1.08872 -1.08872 -1.08878 -1.09055 -1.08878 -1.08695 -1.08871 -1.08694 -1.08877 -1.08871 -1.09054 -1.08871 -1.09054 -1.08877 -1.09054 -1.08693 -1.0887 -1.09054 -1.08693 -1.09054 -1.08692 -1.00133 -0.905545 -1.08875 -1.09052 -1.08874 -1.08868 -1.08687 -0.515268 
-0.506264 -1.09915 -1.10101 -1.10096 -1.10095 -1.10101 -1.10281 -1.10101 -1.09916 -1.10095 -1.09915 -1.10101 -1.10095 -1.1028 -1.10095 -1.10279 -1.10101 -1.10279 -1.09914 -1.10093 -1.10279 -1.09914 -1.10279 -1.09913 -1.01272 -0.916003 -1.10099 -1.10277 -1.10097 -1.10091 -1.09908 -0.521058 
-0.511893 -1.11137 -1.11325 -1.1132 -1.11319 -1.11325 -1.11506 -1.11325 -1.11138 -1.11318 -1.11137 -1.11325 -1.11318 -1.11506 -1.11318 -1.11505 -1.11324 -1.11505 -1.11136 -1.11317 -1.11505 -1.11136 -1.11505 -1.11135 -1.02413 -0.926509 -1.11322 -1.11503 -1.11321 -1.11315 -1.1113 -0.526848 
-0.517521 -1.12358 -1.12549 -1.12543 -1.12543 -1.12549 -1.12732 -1.12549 -1.1236 -1.12542 -1.12359 -1.12549 -1.12542 -1.12732 -1.12542 -1.12731 -1.12548 -1.12731 -1.12358 -1.12541 -1.12731 -1.12358 -1.12731 -1.12357 -1.03556 -0.937054 -1.12546 -1.12729 -1.12545 -1.12539 -1.12352 -0.532641 
-0.523151 -1.1358 -1.13773 -1.13767 -1.13767 -1.13773 -1.13958 -1.13773 -1.13582 -1.13766 -1.13581 -1.13773 -1.13766 -1.13958 -1.13766 -1.13957 -1.13772 -1.13957 -1.1358 -1.13765 -1.13957 -1.1358 -1.13957 -1.13579 -1.04702 -0.947645 -1.1377 -1.13955 -1.13769 -1.13763 -1.13574 -0.538433 
-0.528781 -1.14802 -1.14997 -1.14991 -1.14991 -1.14997 -1.15184 -1.14997 -1.14804 -1.1499 -1.14803 -1.14997 -1.1499 -1.15184 -1.1499 -1.15183 -1.14996 -1.15183 -1.14802 -1.14989 -1.15183 -1.14801 -1.15183 -1.14801 -1.05849 -0.958278 -1.14994 -1.15181 -1.14993 -1.14986 -1.14795 -0.544224 
-0.53441 -1.16024 -1.16221 -1.16215 -1.16215 -1.16221 -1.1641 -1.16221 -1.16025 -1.16214 -1.16025 -1.16221 -1.16214 -1.16409 -1.16214 -1.16409 -1.1622 -1.16409 -1.16024 -1.16213 -1.16408 -1.16023 -1.16409 -1.16023 -1.06998 -0.968964 -1.16218 -1.16407 -1.16217 -1.1621 -1.16017 -0.550014 
-0.540036 -1.17245 -1.17444 -1.17438 -1.17438 -1.17444 -1.17636 -1.17444 -1.17247 -1.17437 -1.17246 -1.17444 -1.17437 -1.17635 -1.17437 -1.17634 -1.17444 -1.17634 -1.17245 -1.17436 -1.17634 -1.17245 -1.17634 -1.17244 -1.0815 -0.979701 -1.17441 -1.17632 -1.1744 -1.17433 -1.17238 -0.555804 
-0.545664 -1.18467 -1.18668 -1.18662 -1.18662 -1.18668 -1.18862 -1.18668 -1.18469 -1.18661 -1.18468 -1.18668 -1.18661 -1.18861 -1.18661 -1.1886 -1.18668 -1.1886 -1.18467 -1.1866 -1.1886 -1.18467 -1.1886 -1.18466 -1.09304 -0.990506 -1.18665 -1.18858 -1.18664 -1.18657 -1.1846 -0.561596 
-0.551294 -1.19689 -1.19892 -1.19886 -1.19886 -1.19893 -1.20088 -1.19892 -1.19691 -1.19885 -1.1969 -1.19892 -1.19885 -1.20087 -1.19885 -1.20087 -1.19892 -1.20086 -1.19689 -1.19884 -1.20086 -1.19689 -1.20086 -1.19688 -1.10462 -1.00137 -1.19889 -1.20084 -1.19888 -1.19881 -1.19682 -0.567389 
-0.556921 -1.20911 -1.21116 -1.2111 -1.2111 -1.21117 -1.21314 -1.21116 -1.20913 -1.21109 -1.20912 -1.21116 -1.21109 -1.21313 -1.21109 -1.21313 -1.21116 -1.21312 -1.20911 -1.21108 -1.21312 -1.20911 -1.21312 -1.2091 -1.11623 -1.01228 -1.21113 -1.2131 -1.21112 -1.21105 -1.20904 -0.573183 
-0.562875 -1.22201 -1.22408 -1.22402 -1.22402 -1.22409 -1.22608 -1.22408 -1.22203 -1.22401 -1.22202 -1.22408 -1.22401 -1.22607 -1.22401 -1.22607 -1.22408 -1.22606 -1.22201 -1.224 -1.22606 -1.222 -1.22606 -1.222 -1.12854 -1.02392 -1.22405 -1.22604 -1.22404 -1.22397 -1.22194 -0.579283 
