789.384 789.384 789.384 789.384 789.384 789.384 789.384 789.384 789.384 789.384 789.384 789.384 789.384 789.384 789.384 789.384 789.384 789.384 789.384 789.384 789.384 789.384 789.384 789.384 789.384 789.384 789.384 789.384 789.384 789.384 789.384 789.384 
789.438 789.43 789.428 789.43 789.43 789.431 789.429 789.429 789.428 789.429 789.428 789.428 789.43 789.426 789.428 789.427 789.427 789.427 789.426 789.425 789.425 789.425 789.425 789.425 789.426 789.424 789.424 789.424 789.423 789.424 789.422 789.422 
789.495 789.479 789.476 789.479 789.479 789.48 789.476 789.477 789.475 789.476 789.474 789.475 789.478 789.471 789.474 789.473 789.473 789.472 789.471 789.468 789.469 789.469 789.468 789.468 789.471 789.468 789.467 789.466 789.464 789.466 789.463 789.462 
789.555 789.53 789.526 789.53 789.53 789.533 789.527 789.528 789.525 789.526 789.524 789.524 789.529 789.518 789.523 789.522 789.522 789.521 789.519 789.514 789.516 789.514 789.515 789.514 789.518 789.514 789.513 789.511 789.508 789.511 789.506 789.505 
789.618 789.585 789.581 789.585 789.585 789.588 789.582 789.582 789.578 789.579 789.577 789.577 789.582 789.57 789.575 789.573 789.573 789.573 789.569 789.563 789.566 789.563 789.565 789.564 789.568 789.563 789.562 789.559 789.556 789.559 789.552 789.551 
789.686 789.645 789.639 789.644 789.643 789.648 789.64 789.639 789.636 789.636 789.634 789.633 789.639 789.625 789.63 789.628 789.629 789.628 789.623 789.616 789.62 789.616 789.619 789.617 789.623 789.617 789.615 789.612 789.608 789.611 789.602 789.601 
789.76 789.709 789.701 789.707 789.706 789.712 789.703 789.701 789.698 789.697 789.695 789.694 789.699 789.685 789.69 789.687 789.689 789.688 789.682 789.674 789.678 789.673 789.677 789.675 789.682 789.676 789.672 789.668 789.664 789.668 789.656 789.655 
789.839 789.778 789.768 789.774 789.775 789.779 789.771 789.768 789.764 789.762 789.761 789.76 789.764 789.749 789.754 789.75 789.754 789.752 789.745 789.735 789.74 789.735 789.739 789.738 789.745 789.739 789.734 789.729 789.725 789.729 789.714 789.713 
789.923 789.852 789.841 789.846 789.848 789.852 789.842 789.839 789.835 789.832 789.83 789.83 789.834 789.817 789.822 789.818 789.823 789.821 789.813 789.802 789.807 789.801 789.807 789.805 789.812 789.807 789.8 789.795 789.79 789.794 789.777 789.775 
790.013 789.93 789.918 789.922 789.926 789.928 789.918 789.916 789.91 789.907 789.905 789.905 789.908 789.891 789.895 789.891 789.897 789.894 789.886 789.874 789.879 789.873 789.879 789.876 789.883 789.879 789.871 789.865 789.86 789.865 789.845 789.842 
790.108 790.012 790 790.003 790.009 790.009 789.998 789.998 789.99 789.986 789.983 789.984 789.986 789.97 789.973 789.97 789.976 789.972 789.965 789.95 789.956 789.95 789.956 789.952 789.959 789.956 789.946 789.941 789.934 789.94 789.918 789.913 
790.208 790.099 790.087 790.088 790.096 790.095 790.082 790.084 790.075 790.07 790.067 790.067 790.069 790.054 790.056 790.053 790.06 790.055 790.049 790.032 790.038 790.032 790.037 790.033 790.039 790.037 790.027 790.021 790.013 790.021 789.996 789.989 
790.313 790.189 790.179 790.178 790.187 790.184 790.17 790.175 790.164 790.158 790.155 790.155 790.157 790.142 790.144 790.141 790.148 790.143 790.138 790.119 790.125 790.119 790.124 790.119 790.124 790.123 790.111 790.106 790.096 790.106 790.079 790.07 
790.423 790.285 790.274 790.273 790.282 790.278 790.263 790.27 790.257 790.251 790.248 790.248 790.25 790.236 790.237 790.234 790.24 790.235 790.232 790.211 790.216 790.21 790.214 790.209 790.214 790.212 790.201 790.195 790.185 790.195 790.167 790.156 
790.538 790.384 790.374 790.372 790.381 790.377 790.361 790.369 790.355 790.349 790.345 790.345 790.347 790.333 790.335 790.332 790.337 790.333 790.33 790.307 790.311 790.306 790.309 790.304 790.308 790.306 790.295 790.29 790.278 790.288 790.259 790.246 
790.657 790.488 790.478 790.474 790.483 790.479 790.464 790.472 790.457 790.451 790.447 790.447 790.449 790.436 790.437 790.434 790.438 790.435 790.433 790.407 790.411 790.406 790.408 790.403 790.407 790.403 790.393 790.388 790.377 790.386 790.356 790.342 
790.781 790.596 790.585 790.581 790.589 790.587 790.572 790.579 790.564 790.558 790.553 790.553 790.555 790.542 790.543 790.54 790.544 790.541 790.539 790.511 790.515 790.51 790.511 790.506 790.51 790.504 790.496 790.491 790.482 790.488 790.456 790.442 
790.91 790.708 790.697 790.692 790.7 790.699 790.685 790.691 790.675 790.669 790.663 790.663 790.666 790.653 790.653 790.65 790.653 790.651 790.65 790.619 790.623 790.619 790.619 790.612 790.618 790.611 790.604 790.599 790.591 790.595 790.561 790.545 
791.044 790.825 790.812 790.808 790.815 790.815 790.802 790.806 790.79 790.785 790.778 790.777 790.781 790.768 790.768 790.765 790.767 790.765 790.764 790.732 790.736 790.731 790.731 790.722 790.731 790.721 790.716 790.71 790.704 790.707 790.67 790.653 
791.184 790.945 790.931 790.927 790.935 790.935 790.923 790.926 790.909 790.904 790.896 790.895 790.9 790.886 790.887 790.883 790.884 790.883 790.882 790.848 790.854 790.848 790.848 790.836 790.847 790.836 790.832 790.826 790.821 790.822 790.781 790.764 
791.327 791.068 791.054 791.051 791.058 791.059 791.049 791.05 791.033 791.027 791.018 791.018 791.022 791.009 791.01 791.005 791.005 791.005 791.003 790.968 790.975 790.969 790.968 790.954 790.968 790.955 790.951 790.945 790.941 790.94 790.896 790.878 
791.476 791.195 791.18 791.178 791.186 791.187 791.177 791.178 791.161 791.153 791.144 791.145 791.148 791.135 791.137 791.131 791.131 791.131 791.127 791.091 791.101 791.093 791.092 791.076 791.093 791.078 791.074 791.068 791.064 791.061 791.014 790.995 
791.628 791.324 791.31 791.309 791.316 791.317 791.309 791.31 791.293 791.282 791.275 791.276 791.277 791.265 791.267 791.26 791.26 791.26 791.254 791.218 791.23 791.222 791.22 791.203 791.222 791.206 791.2 791.195 791.19 791.187 791.136 791.116 
791.784 791.457 791.443 791.444 791.45 791.451 791.443 791.445 791.428 791.415 791.409 791.41 791.409 791.4 791.401 791.392 791.394 791.393 791.385 791.348 791.362 791.354 791.352 791.332 791.355 791.336 791.33 791.325 791.32 791.316 791.262 791.24 
791.944 791.593 791.58 791.583 791.587 791.587 791.579 791.582 791.567 791.552 791.546 791.548 791.544 791.537 791.538 791.527 791.531 791.529 791.519 791.481 791.497 791.488 791.487 791.465 791.491 791.47 791.463 791.459 791.452 791.449 791.392 791.368 
792.106 791.733 791.72 791.725 791.727 791.727 791.718 791.722 791.708 791.692 791.687 791.688 791.682 791.678 791.678 791.665 791.672 791.668 791.657 791.617 791.634 791.626 791.627 791.601 791.63 791.607 791.599 791.595 791.588 791.586 791.525 791.5 
792.272 791.877 791.863 791.87 791.87 791.87 791.86 791.864 791.852 791.834 791.829 791.831 791.823 791.821 791.82 791.806 791.815 791.81 791.797 791.756 791.774 791.767 791.769 791.74 791.771 791.747 791.738 791.735 791.727 791.725 791.66 791.634 
792.441 792.022 792.009 792.018 792.015 792.016 792.005 792.008 791.998 791.98 791.974 791.976 791.967 791.966 791.965 791.95 791.96 791.954 791.941 791.899 791.917 791.91 791.914 791.882 791.915 791.889 791.88 791.877 791.868 791.867 791.798 791.771 
792.613 792.17 792.157 792.168 792.162 792.164 792.152 792.154 792.146 792.129 792.12 792.124 792.115 792.112 792.112 792.096 792.108 792.1 792.087 792.046 792.063 792.055 792.061 792.026 792.062 792.033 792.024 792.021 792.013 792.012 791.939 791.911 
792.787 792.32 792.307 792.32 792.312 792.314 792.3 792.302 792.296 792.28 792.268 792.274 792.265 792.261 792.261 792.244 792.257 792.248 792.236 792.195 792.211 792.203 792.21 792.172 792.21 792.18 792.169 792.166 792.16 792.159 792.081 792.053 
792.963 792.471 792.46 792.474 792.464 792.466 792.45 792.452 792.448 792.432 792.418 792.426 792.418 792.412 792.412 792.394 792.409 792.397 792.387 792.346 792.362 792.354 792.361 792.321 792.36 792.329 792.317 792.314 792.309 792.308 792.226 792.196 
793.141 792.624 792.615 792.629 792.618 792.619 792.602 792.604 792.602 792.585 792.569 792.578 792.572 792.565 792.566 792.545 792.563 792.548 792.541 792.499 792.514 792.506 792.513 792.471 792.512 792.48 792.467 792.463 792.461 792.458 792.372 792.34 
793.321 792.779 792.771 792.786 792.774 792.773 792.755 792.758 792.757 792.74 792.723 792.731 792.727 792.72 792.721 792.698 792.718 792.7 792.695 792.653 792.667 792.659 792.668 792.624 792.665 792.632 792.618 792.614 792.614 792.609 792.52 792.485 
793.502 792.935 792.927 792.943 792.93 792.93 792.91 792.914 792.915 792.895 792.879 792.885 792.882 792.876 792.877 792.852 792.875 792.854 792.851 792.809 792.822 792.815 792.823 792.778 792.82 792.784 792.771 792.767 792.768 792.761 792.67 792.631 
793.684 793.092 793.085 793.102 793.087 793.088 793.066 793.072 793.074 793.052 793.036 793.04 793.038 793.033 793.035 793.008 793.032 793.011 793.007 792.966 792.977 792.971 792.979 792.934 792.975 792.938 792.927 792.921 792.924 792.915 792.82 792.779 
793.868 793.25 793.243 793.263 793.244 793.247 793.225 793.23 793.235 793.209 793.194 793.196 793.196 793.191 793.194 793.165 793.19 793.169 793.164 793.124 793.133 793.129 793.135 793.091 793.132 793.093 793.084 793.078 793.079 793.07 792.972 792.928 
794.053 793.409 793.401 793.424 793.403 793.408 793.385 793.39 793.396 793.369 793.353 793.353 793.354 793.349 793.355 793.323 793.348 793.329 793.322 793.282 793.29 793.288 793.293 793.248 793.289 793.249 793.243 793.236 793.236 793.226 793.124 793.079 
794.239 793.568 793.561 793.587 793.562 793.569 793.546 793.55 793.558 793.529 793.514 793.511 793.514 793.508 793.518 793.482 793.508 793.489 793.479 793.441 793.448 793.448 793.452 793.407 793.448 793.408 793.403 793.396 793.392 793.383 793.277 793.231 
794.427 793.729 793.722 793.75 793.722 793.731 793.708 793.711 793.72 793.691 793.675 793.669 793.674 793.668 793.681 793.643 793.669 793.649 793.638 793.6 793.607 793.609 793.611 793.567 793.607 793.567 793.565 793.557 793.549 793.541 793.43 793.385 
794.615 793.89 793.884 793.914 793.884 793.893 793.871 793.872 793.883 793.854 793.837 793.83 793.835 793.83 793.845 793.805 793.83 793.81 793.796 793.76 793.767 793.771 793.772 793.727 793.768 793.727 793.728 793.718 793.707 793.699 793.584 793.538 
794.804 794.052 794.047 794.079 794.046 794.054 794.035 794.035 794.046 794.018 794 793.991 793.997 793.992 794.009 793.968 793.992 793.972 793.955 793.921 793.927 793.932 793.933 793.887 793.928 793.887 793.892 793.88 793.865 793.859 793.738 793.692 
794.993 794.214 794.211 794.243 794.21 794.215 794.2 794.197 794.208 794.182 794.163 794.154 794.159 794.155 794.173 794.131 794.154 794.135 794.115 794.083 794.089 794.094 794.094 794.048 794.089 794.048 794.056 794.043 794.025 794.019 793.893 793.846 
795.183 794.376 794.376 794.408 794.375 794.377 794.365 794.361 794.371 794.346 794.327 794.317 794.321 794.317 794.337 794.295 794.317 794.298 794.274 794.245 794.251 794.256 794.256 794.21 794.251 794.21 794.22 794.205 794.187 794.179 794.049 794 
795.373 794.539 794.541 794.574 794.541 794.538 794.53 794.524 794.534 794.511 794.492 794.481 794.484 794.481 794.5 794.459 794.481 794.462 794.435 794.408 794.413 794.419 794.419 794.372 794.413 794.371 794.384 794.366 794.349 794.34 794.205 794.154 
795.562 794.702 794.705 794.739 794.707 794.701 794.695 794.687 794.697 794.676 794.656 794.645 794.648 794.644 794.664 794.624 794.645 794.627 794.596 794.571 794.577 794.582 794.583 794.535 794.575 794.533 794.547 794.528 794.512 794.5 794.362 794.308 
795.752 794.865 794.87 794.904 794.874 794.863 794.859 794.851 794.86 794.84 794.82 794.81 794.811 794.808 794.827 794.789 794.81 794.791 794.758 794.734 794.74 794.745 794.747 794.698 794.739 794.695 794.711 794.688 794.674 794.661 794.519 794.463 
795.942 795.027 795.034 795.07 795.041 795.025 795.023 795.015 795.024 795.004 794.983 794.974 794.975 794.973 794.991 794.955 794.976 794.954 794.922 794.897 794.905 794.908 794.912 794.862 794.902 794.857 794.876 794.849 794.836 794.821 794.676 794.619 
796.132 795.189 795.198 795.235 795.207 795.188 795.186 795.179 795.188 795.168 795.146 795.139 795.139 795.138 795.154 795.12 795.142 795.118 795.086 795.06 795.069 795.071 795.077 795.026 795.066 795.019 795.04 795.01 794.996 794.982 794.833 794.774 
796.323 795.351 795.363 795.401 795.373 795.351 795.35 795.344 795.353 795.331 795.309 795.305 795.302 795.303 795.317 795.284 795.307 795.282 795.251 795.223 795.233 795.233 795.242 795.19 795.23 795.181 795.203 795.171 795.156 795.143 794.991 794.929 
796.514 795.512 795.528 795.566 795.537 795.514 795.513 795.508 795.516 795.495 795.472 795.47 795.466 795.466 795.479 795.447 795.473 795.445 795.415 795.386 795.398 795.395 795.405 795.354 795.395 795.342 795.365 795.331 795.316 795.304 795.148 795.084 
796.706 795.674 795.693 795.731 795.701 795.677 795.676 795.672 795.68 795.657 795.636 795.636 795.63 795.628 795.641 795.609 795.638 795.608 795.58 795.548 795.562 795.557 795.567 795.517 795.56 795.503 795.527 795.492 795.476 795.465 795.304 795.238 
796.898 795.835 795.857 795.895 795.864 795.841 795.839 795.835 795.843 795.82 795.8 795.801 795.793 795.79 795.804 795.772 795.802 795.77 795.744 795.71 795.726 795.719 795.728 795.68 795.724 795.665 795.688 795.652 795.636 795.625 795.461 795.393 
797.089 795.997 796.021 796.058 796.026 796.004 796.002 795.998 796.005 795.982 795.965 795.966 795.957 795.951 795.966 795.934 795.967 795.932 795.907 795.871 795.891 795.881 795.89 795.843 795.888 795.827 795.85 795.812 795.796 795.785 795.617 795.547 
797.281 796.158 796.185 796.221 796.189 796.168 796.166 796.162 796.167 796.144 796.131 796.13 796.12 796.112 796.129 796.096 796.13 796.094 796.071 796.033 796.055 796.043 796.052 796.006 796.051 795.988 796.012 795.973 795.956 795.944 795.772 795.702 
797.472 796.319 796.349 796.385 796.351 796.332 796.329 796.326 796.33 796.307 796.296 796.294 796.283 796.273 796.293 796.259 796.293 796.255 796.234 796.194 796.219 796.205 796.215 796.168 796.213 796.15 796.173 796.133 796.115 796.102 795.928 795.858 
797.663 796.48 796.512 796.548 796.513 796.495 796.493 796.49 796.492 796.47 796.462 796.457 796.445 796.435 796.456 796.421 796.455 796.417 796.397 796.356 796.382 796.366 796.377 796.331 796.374 796.311 796.335 796.294 796.275 796.259 796.083 796.014 
797.853 796.642 796.675 796.713 796.675 796.658 796.657 796.654 796.655 796.633 796.626 796.62 796.608 796.597 796.62 796.582 796.617 796.578 796.56 796.517 796.545 796.527 796.539 796.494 796.536 796.472 796.496 796.455 796.434 796.416 796.238 796.169 
798.042 796.803 796.837 796.877 796.836 796.82 796.82 796.818 796.818 796.797 796.791 796.783 796.771 796.759 796.783 796.744 796.778 796.738 796.723 796.679 796.707 796.687 796.701 796.656 796.697 796.633 796.657 796.615 796.593 796.572 796.394 796.323 
798.231 796.965 796.998 797.04 796.997 796.983 796.983 796.982 796.982 796.96 796.954 796.946 796.934 796.921 796.945 796.904 796.939 796.898 796.885 796.84 796.869 796.847 796.863 796.817 796.857 796.793 796.817 796.774 796.751 796.728 796.549 796.476 
798.42 797.127 797.159 797.202 797.157 797.145 797.145 797.144 797.147 797.122 797.117 797.108 797.097 797.083 797.108 797.064 797.101 797.058 797.046 797.001 797.031 797.006 797.025 796.977 797.018 796.953 796.978 796.934 796.91 796.885 796.704 796.628 
798.608 797.288 797.32 797.364 797.317 797.307 797.306 797.306 797.311 797.285 797.279 797.271 797.26 797.245 797.27 797.224 797.263 797.217 797.207 797.163 797.193 797.165 797.186 797.137 797.178 797.113 797.138 797.092 797.067 797.042 796.858 796.78 
798.795 797.449 797.48 797.526 797.478 797.468 797.468 797.467 797.475 797.447 797.44 797.433 797.423 797.406 797.432 797.384 797.424 797.376 797.368 797.325 797.355 797.324 797.348 797.296 797.337 797.272 797.298 797.251 797.225 797.199 797.012 796.932 
798.981 797.609 797.641 797.688 797.638 797.629 797.628 797.627 797.638 797.609 797.601 797.595 797.586 797.567 797.593 797.543 797.586 797.536 797.529 797.487 797.518 797.483 797.51 797.454 797.496 797.431 797.457 797.409 797.382 797.356 797.165 797.083 
799.167 797.768 797.801 797.85 797.798 797.79 797.789 797.787 797.801 797.77 797.762 797.756 797.748 797.728 797.752 797.703 797.746 797.695 797.689 797.648 797.68 797.642 797.671 797.612 797.656 797.59 797.617 797.567 797.539 797.513 797.318 797.234 
799.352 797.926 797.962 798.011 797.958 797.951 797.948 797.946 797.963 797.929 797.923 797.916 797.91 797.888 797.911 797.863 797.905 797.853 797.848 797.808 797.841 797.801 797.832 797.769 797.815 797.749 797.776 797.725 797.696 797.669 797.472 797.386 
799.536 798.084 798.122 798.172 798.117 798.112 798.108 798.105 798.123 798.088 798.083 798.076 798.071 798.049 798.069 798.022 798.064 798.011 798.007 797.968 798.001 797.96 797.991 797.925 797.974 797.907 797.935 797.881 797.852 797.824 797.626 797.536 
799.72 798.241 798.282 798.332 798.277 798.272 798.267 798.264 798.283 798.245 798.243 798.235 798.23 798.208 798.227 798.181 798.22 798.169 798.166 798.128 798.159 798.117 798.15 798.081 798.132 798.063 798.093 798.037 798.007 797.98 797.779 797.687 
799.903 798.397 798.441 798.491 798.436 798.432 798.425 798.422 798.443 798.402 798.402 798.394 798.388 798.367 798.385 798.339 798.376 798.327 798.324 798.286 798.317 798.274 798.307 798.237 798.29 798.218 798.25 798.193 798.161 798.134 797.93 797.837 
800.085 798.553 798.6 798.649 798.595 798.592 798.584 798.58 798.602 798.558 798.559 798.552 798.545 798.525 798.542 798.496 798.532 798.484 798.481 798.444 798.474 798.431 798.464 798.392 798.447 798.37 798.406 798.349 798.314 798.288 798.081 797.987 
800.267 798.708 798.758 798.807 798.753 798.751 798.741 798.737 798.761 798.713 798.715 798.709 798.7 798.682 798.699 798.652 798.686 798.641 798.638 798.601 798.631 798.586 798.621 798.547 798.604 798.522 798.561 798.504 798.466 798.441 798.23 798.136 
800.448 798.863 798.915 798.964 798.909 798.908 798.898 798.894 798.919 798.868 798.87 798.865 798.855 798.838 798.855 798.808 798.84 798.798 798.795 798.756 798.788 798.74 798.777 798.701 798.76 798.673 798.715 798.659 798.617 798.594 798.378 798.284 
800.628 799.017 799.071 799.12 799.065 799.065 799.055 799.05 799.077 799.022 799.024 799.02 799.008 798.992 799.01 798.963 798.994 798.954 798.95 798.91 798.944 798.893 798.933 798.854 798.914 798.824 798.868 798.814 798.767 798.745 798.525 798.432 
800.806 799.17 799.224 799.275 799.219 799.22 799.21 799.205 799.232 799.174 799.179 799.174 799.162 799.145 799.165 799.116 799.148 799.109 799.104 799.064 799.099 799.045 799.087 799.007 799.066 798.975 799.02 798.967 798.916 798.896 798.671 798.578 
800.984 799.321 799.376 799.428 799.372 799.375 799.364 799.358 799.386 799.326 799.332 799.328 799.315 799.298 799.319 799.269 799.302 799.263 799.256 799.216 799.251 799.196 799.24 799.158 799.217 799.125 799.171 799.12 799.064 799.045 798.816 798.723 
801.16 799.471 799.526 799.58 799.524 799.529 799.517 799.51 799.537 799.476 799.485 799.481 799.467 799.449 799.472 799.421 799.456 799.416 799.407 799.368 799.402 799.347 799.393 799.308 799.366 799.275 799.32 799.272 799.212 799.193 798.96 798.867 
801.334 799.62 799.674 799.729 799.674 799.682 799.668 799.66 799.687 799.625 799.636 799.632 799.619 799.6 799.624 799.572 799.608 799.568 799.556 799.519 799.551 799.497 799.543 799.457 799.514 799.423 799.468 799.423 799.359 799.339 799.103 799.009 
801.506 799.767 799.822 799.877 799.823 799.835 799.817 799.809 799.835 799.774 799.786 799.782 799.769 799.75 799.775 799.722 799.76 799.719 799.703 799.669 799.697 799.646 799.693 799.605 799.661 799.57 799.615 799.572 799.505 799.484 799.245 799.151 
801.677 799.912 799.968 800.023 799.971 799.985 799.964 799.955 799.982 799.922 799.933 799.93 799.917 799.899 799.925 799.871 799.909 799.868 799.849 799.817 799.843 799.794 799.84 799.752 799.807 799.715 799.761 799.718 799.65 799.627 799.386 799.292 
801.845 800.055 800.114 800.169 800.118 800.134 800.11 800.101 800.127 800.068 800.078 800.077 800.064 800.046 800.072 800.019 800.057 800.016 799.993 799.964 799.986 799.94 799.986 799.898 799.952 799.859 799.906 799.862 799.794 799.769 799.525 799.432 
802.011 800.197 800.258 800.313 800.263 800.279 800.254 800.245 800.27 800.211 800.222 800.222 800.209 800.192 800.217 800.165 800.202 800.161 800.136 800.109 800.129 800.084 800.13 800.041 800.095 800.001 800.049 800.004 799.936 799.909 799.663 799.571 
802.175 800.337 800.4 800.455 800.405 800.423 800.396 800.388 800.412 800.352 800.363 800.365 800.352 800.335 800.36 800.309 800.345 800.303 800.277 800.252 800.27 800.226 800.273 800.183 800.238 800.142 800.19 800.143 800.077 800.048 799.799 799.708 
802.336 800.475 800.54 800.595 800.546 800.563 800.537 800.529 800.552 800.491 800.503 800.507 800.492 800.477 800.5 800.451 800.486 800.443 800.417 800.393 800.41 800.367 800.414 800.323 800.378 800.281 800.33 800.279 800.217 800.186 799.932 799.844 
802.495 800.611 800.678 800.733 800.684 800.701 800.676 800.668 800.69 800.627 800.641 800.647 800.629 800.616 800.637 800.59 800.625 800.58 800.554 800.532 800.547 800.506 800.553 800.461 800.516 800.418 800.467 800.414 800.354 800.321 800.064 799.978 
802.652 800.745 800.814 800.869 800.82 800.836 800.814 800.805 800.827 800.762 800.777 800.785 800.765 800.753 800.772 800.726 800.761 800.714 800.689 800.668 800.683 800.643 800.69 800.597 800.652 800.553 800.602 800.546 800.488 800.455 800.194 800.109 
802.806 800.877 800.948 801.002 800.954 800.97 800.949 800.939 800.961 800.895 800.911 800.919 800.897 800.887 800.904 800.86 800.895 800.846 800.822 800.802 800.817 800.778 800.824 800.731 800.785 800.687 800.734 800.676 800.62 800.587 800.322 800.237 
802.957 801.006 801.079 801.132 801.086 801.1 801.081 801.07 801.093 801.026 801.042 801.051 801.028 801.02 801.034 800.991 801.027 800.976 800.952 800.933 800.948 800.91 800.955 800.863 800.916 800.818 800.863 800.804 800.749 800.716 800.448 800.363 
803.105 801.133 801.207 801.259 801.216 801.229 801.21 801.199 801.222 801.155 801.172 801.18 801.156 801.149 801.161 801.119 801.156 801.103 801.081 801.061 801.077 801.04 801.083 800.992 801.044 800.947 800.989 800.929 800.874 800.843 800.572 800.486 
803.25 801.256 801.332 801.384 801.342 801.355 801.336 801.326 801.348 801.281 801.298 801.307 801.282 801.276 801.285 801.244 801.282 801.227 801.206 801.185 801.202 801.167 801.208 801.118 801.169 801.073 801.113 801.051 800.997 800.967 800.693 800.606 
803.391 801.377 801.454 801.506 801.466 801.478 801.459 801.449 801.472 801.404 801.421 801.43 801.405 801.4 801.407 801.365 801.406 801.35 801.329 801.306 801.324 801.291 801.331 801.24 801.291 801.196 801.233 801.17 801.118 801.089 800.811 800.723 
803.527 801.495 801.572 801.626 801.587 801.598 801.579 801.57 801.593 801.524 801.542 801.551 801.526 801.52 801.525 801.484 801.526 801.469 801.448 801.425 801.442 801.411 801.451 801.36 801.411 801.316 801.351 801.287 801.236 801.207 800.926 800.838 
803.66 801.609 801.687 801.743 801.704 801.715 801.696 801.688 801.712 801.642 801.659 801.668 801.643 801.637 801.639 801.599 801.643 801.585 801.564 801.54 801.557 801.528 801.569 801.476 801.527 801.433 801.465 801.402 801.351 801.322 801.037 800.949 
803.789 801.721 801.799 801.856 801.818 801.829 801.809 801.802 801.827 801.755 801.772 801.782 801.757 801.75 801.751 801.712 801.756 801.698 801.676 801.652 801.669 801.641 801.683 801.589 801.64 801.547 801.576 801.515 801.462 801.434 801.144 801.057 
803.915 801.829 801.907 801.967 801.929 801.94 801.919 801.912 801.938 801.866 801.883 801.893 801.867 801.859 801.86 801.822 801.866 801.807 801.784 801.76 801.777 801.751 801.794 801.699 801.75 801.658 801.684 801.624 801.57 801.542 801.249 801.162 
804.036 801.933 802.012 802.073 802.035 802.047 802.025 802.018 802.045 801.973 801.989 802 801.975 801.965 801.965 801.928 801.971 801.913 801.889 801.865 801.883 801.857 801.901 801.805 801.857 801.766 801.789 801.731 801.674 801.646 801.351 801.263 
804.154 802.033 802.114 802.176 802.138 802.15 802.128 802.12 802.148 802.077 802.092 802.103 802.079 802.067 802.067 802.032 802.073 802.016 801.99 801.967 801.986 801.961 802.004 801.907 801.961 801.87 801.891 801.834 801.774 801.746 801.449 801.362 
804.266 802.128 802.211 802.275 802.237 802.248 802.227 802.218 802.246 802.177 802.191 802.203 802.18 802.165 802.165 802.131 802.172 802.115 802.087 802.065 802.084 802.061 802.103 802.005 802.062 801.971 801.989 801.934 801.871 801.843 801.544 801.457 
804.374 802.22 802.306 802.369 802.332 802.343 802.322 802.312 802.34 802.273 802.286 802.299 802.277 802.26 802.259 802.228 802.267 802.21 802.182 802.159 802.179 802.158 802.198 802.099 802.158 802.067 802.083 802.03 801.964 801.937 801.636 801.549 
804.477 802.308 802.396 802.459 802.422 802.433 802.414 802.402 802.43 802.365 802.378 802.391 802.37 802.351 802.35 802.32 802.358 802.301 802.274 802.249 802.271 802.251 802.29 802.19 802.251 802.159 802.174 802.122 802.055 802.027 801.724 801.639 
804.576 802.392 802.483 802.545 802.509 802.52 802.502 802.489 802.516 802.453 802.466 802.479 802.458 802.438 802.437 802.409 802.447 802.388 802.362 802.335 802.358 802.34 802.378 802.276 802.34 802.246 802.261 802.21 802.143 802.114 801.808 801.724 
804.67 802.473 802.567 802.627 802.592 802.604 802.586 802.573 802.599 802.538 802.55 802.565 802.543 802.521 802.522 802.495 802.532 802.471 802.448 802.418 802.443 802.426 802.463 802.36 802.425 802.33 802.344 802.295 802.228 802.198 801.889 801.807 
804.76 802.552 802.647 802.706 802.671 802.683 802.666 802.654 802.679 802.619 802.631 802.646 802.624 802.601 802.603 802.577 802.613 802.55 802.529 802.497 802.524 802.508 802.544 802.44 802.507 802.411 802.425 802.376 802.311 802.279 801.966 801.885 
