789.384 789.384 789.384 789.384 789.384 789.384 789.384 789.384 789.384 789.384 789.384 789.384 789.384 789.384 789.384 789.384 789.384 789.384 789.384 789.384 789.384 789.384 789.384 789.384 789.384 789.384 789.384 789.384 789.384 789.384 789.384 789.384 
789.444 789.443 789.441 789.443 789.443 789.444 789.442 789.442 789.441 789.442 789.441 789.441 789.443 789.439 789.441 789.44 789.44 789.44 789.439 789.438 789.438 789.438 789.438 789.438 789.439 789.437 789.437 789.437 789.435 789.437 789.435 789.428 
789.506 789.504 789.501 789.504 789.504 789.505 789.502 789.503 789.5 789.501 789.499 789.5 789.504 789.496 789.499 789.498 789.498 789.498 789.497 789.493 789.494 789.494 789.493 789.493 789.495 789.491 789.493 789.491 789.489 789.491 789.488 789.474 
789.572 789.568 789.564 789.568 789.567 789.57 789.565 789.565 789.562 789.563 789.561 789.561 789.566 789.556 789.56 789.559 789.559 789.558 789.556 789.551 789.553 789.552 789.552 789.551 789.554 789.548 789.551 789.548 789.546 789.548 789.543 789.523 
789.641 789.635 789.63 789.635 789.634 789.638 789.631 789.631 789.628 789.629 789.627 789.626 789.632 789.619 789.624 789.623 789.623 789.622 789.619 789.613 789.616 789.613 789.614 789.613 789.617 789.609 789.612 789.609 789.606 789.609 789.601 789.575 
789.715 789.707 789.7 789.706 789.705 789.71 789.702 789.701 789.698 789.698 789.696 789.695 789.701 789.687 789.692 789.69 789.691 789.69 789.685 789.678 789.682 789.678 789.681 789.679 789.683 789.675 789.677 789.673 789.67 789.673 789.663 789.63 
789.794 789.783 789.775 789.781 789.78 789.786 789.777 789.775 789.771 789.771 789.769 789.768 789.773 789.759 789.764 789.761 789.763 789.762 789.756 789.748 789.752 789.747 789.751 789.749 789.753 789.745 789.746 789.742 789.738 789.742 789.73 789.69 
789.878 789.864 789.855 789.861 789.861 789.866 789.857 789.854 789.85 789.849 789.847 789.846 789.85 789.835 789.84 789.837 789.84 789.839 789.831 789.822 789.827 789.821 789.826 789.824 789.828 789.819 789.82 789.816 789.811 789.815 789.8 789.753 
789.968 789.95 789.939 789.944 789.946 789.95 789.941 789.938 789.933 789.931 789.929 789.928 789.932 789.916 789.92 789.917 789.922 789.92 789.911 789.901 789.906 789.9 789.905 789.903 789.907 789.898 789.898 789.894 789.889 789.893 789.875 789.821 
790.064 790.04 790.029 790.033 790.036 790.039 790.029 790.027 790.021 790.017 790.015 790.015 790.018 790.002 790.006 790.002 790.008 790.005 789.997 789.984 789.99 789.984 789.989 789.986 789.99 789.981 789.981 789.976 789.971 789.975 789.955 789.894 
790.165 790.135 790.123 790.126 790.131 790.132 790.121 790.12 790.113 790.109 790.106 790.107 790.109 790.093 790.096 790.093 790.099 790.095 790.087 790.073 790.079 790.073 790.079 790.075 790.077 790.069 790.069 790.064 790.057 790.063 790.04 789.971 
790.27 790.234 790.222 790.223 790.231 790.23 790.217 790.219 790.21 790.205 790.202 790.202 790.204 790.189 790.191 790.188 790.195 790.19 790.184 790.167 790.173 790.167 790.173 790.168 790.169 790.161 790.162 790.156 790.148 790.156 790.131 790.053 
790.381 790.337 790.326 790.326 790.334 790.332 790.318 790.322 790.311 790.306 790.302 790.302 790.305 790.29 790.291 790.289 790.295 790.29 790.285 790.266 790.272 790.266 790.271 790.266 790.265 790.257 790.259 790.253 790.244 790.253 790.226 790.139 
790.496 790.444 790.434 790.432 790.441 790.438 790.423 790.429 790.416 790.411 790.407 790.407 790.409 790.395 790.397 790.394 790.4 790.395 790.391 790.37 790.376 790.37 790.374 790.368 790.366 790.357 790.36 790.355 790.344 790.354 790.326 790.231 
790.616 790.555 790.546 790.543 790.552 790.548 790.533 790.541 790.526 790.52 790.517 790.517 790.519 790.505 790.506 790.504 790.509 790.505 790.502 790.478 790.483 790.477 790.481 790.476 790.472 790.461 790.466 790.462 790.45 790.46 790.431 790.328 
790.742 790.671 790.662 790.658 790.667 790.663 790.648 790.656 790.641 790.635 790.631 790.631 790.633 790.62 790.621 790.618 790.622 790.619 790.616 790.591 790.595 790.59 790.592 790.587 790.583 790.569 790.577 790.573 790.561 790.57 790.539 790.429 
790.871 790.792 790.781 790.777 790.786 790.783 790.769 790.776 790.759 790.754 790.749 790.749 790.751 790.739 790.739 790.736 790.74 790.737 790.735 790.707 790.711 790.706 790.708 790.701 790.698 790.681 790.692 790.688 790.678 790.684 790.652 790.534 
791.006 790.916 790.905 790.901 790.909 790.907 790.893 790.899 790.883 790.878 790.871 790.871 790.874 790.862 790.862 790.859 790.862 790.859 790.858 790.828 790.832 790.827 790.828 790.82 790.817 790.798 790.812 790.807 790.799 790.804 790.769 790.644 
791.146 791.045 791.033 791.028 791.036 791.035 791.023 791.026 791.01 791.006 790.998 790.997 791.002 790.988 790.988 790.986 790.987 790.986 790.984 790.952 790.957 790.951 790.952 790.942 790.941 790.919 790.936 790.931 790.924 790.927 790.89 790.757 
791.291 791.177 791.164 791.16 791.168 791.168 791.156 791.158 791.142 791.137 791.128 791.128 791.133 791.119 791.12 791.116 791.117 791.116 791.114 791.08 791.087 791.08 791.081 791.068 791.069 791.044 791.064 791.059 791.053 791.054 791.013 790.874 
791.44 791.313 791.299 791.296 791.303 791.304 791.294 791.295 791.278 791.272 791.263 791.263 791.267 791.254 791.255 791.251 791.25 791.25 791.247 791.213 791.221 791.213 791.213 791.198 791.201 791.174 791.196 791.191 791.186 791.185 791.14 790.994 
791.594 791.452 791.438 791.435 791.443 791.444 791.435 791.435 791.418 791.41 791.401 791.402 791.405 791.393 791.394 791.389 791.388 791.389 791.384 791.348 791.359 791.35 791.349 791.333 791.337 791.307 791.331 791.326 791.321 791.319 791.271 791.117 
791.752 791.593 791.58 791.578 791.585 791.587 791.579 791.579 791.562 791.552 791.544 791.545 791.546 791.535 791.537 791.53 791.53 791.53 791.523 791.487 791.5 791.491 791.49 791.472 791.477 791.445 791.47 791.465 791.46 791.456 791.405 791.243 
791.914 791.738 791.725 791.726 791.732 791.732 791.725 791.726 791.71 791.697 791.69 791.692 791.69 791.682 791.683 791.674 791.676 791.675 791.666 791.629 791.644 791.635 791.634 791.614 791.621 791.586 791.612 791.607 791.601 791.598 791.543 791.374 
792.079 791.887 791.874 791.877 791.881 791.881 791.874 791.876 791.86 791.846 791.84 791.841 791.837 791.832 791.832 791.821 791.825 791.823 791.813 791.774 791.791 791.782 791.782 791.759 791.768 791.73 791.757 791.753 791.746 791.743 791.685 791.507 
792.247 792.039 792.026 792.031 792.033 792.033 792.025 792.028 792.014 791.998 791.992 791.994 791.988 791.984 791.984 791.972 791.978 791.975 791.962 791.923 791.94 791.932 791.933 791.907 791.919 791.877 791.905 791.902 791.894 791.892 791.83 791.645 
792.419 792.194 792.181 792.189 792.188 792.189 792.179 792.182 792.17 792.153 792.147 792.149 792.141 792.14 792.138 792.125 792.133 792.129 792.115 792.075 792.092 792.085 792.088 792.058 792.071 792.026 792.057 792.054 792.045 792.043 791.978 791.785 
792.593 792.352 792.339 792.349 792.345 792.347 792.336 792.339 792.328 792.311 792.304 792.307 792.298 792.297 792.295 792.281 792.29 792.285 792.271 792.23 792.248 792.24 792.245 792.212 792.227 792.178 792.21 792.208 792.199 792.198 792.128 791.928 
792.771 792.512 792.499 792.511 792.505 792.507 792.495 792.497 792.488 792.472 792.462 792.467 792.458 792.456 792.454 792.439 792.45 792.443 792.429 792.388 792.406 792.398 792.404 792.368 792.384 792.333 792.366 792.364 792.356 792.354 792.281 792.073 
792.95 792.674 792.662 792.675 792.667 792.669 792.656 792.657 792.651 792.634 792.622 792.629 792.62 792.616 792.616 792.6 792.612 792.603 792.59 792.55 792.567 792.558 792.565 792.526 792.544 792.49 792.524 792.522 792.515 792.514 792.436 792.221 
793.132 792.837 792.827 792.841 792.832 792.833 792.818 792.819 792.815 792.799 792.784 792.793 792.785 792.78 792.779 792.762 792.777 792.765 792.754 792.713 792.73 792.72 792.728 792.687 792.705 792.649 792.684 792.681 792.676 792.675 792.592 792.37 
793.315 793.003 792.994 793.009 792.998 792.998 792.982 792.983 792.981 792.965 792.948 792.957 792.951 792.945 792.945 792.925 792.942 792.928 792.919 792.878 792.894 792.884 792.893 792.85 792.868 792.809 792.846 792.843 792.84 792.837 792.751 792.52 
793.501 793.17 793.162 793.177 793.165 793.165 793.147 793.149 793.148 793.131 793.114 793.122 793.118 793.112 793.112 793.09 793.11 793.092 793.086 793.045 793.06 793.05 793.06 793.015 793.032 792.971 793.01 793.006 793.006 793.001 792.911 792.67 
793.688 793.338 793.331 793.347 793.334 793.333 793.314 793.318 793.318 793.299 793.282 793.289 793.286 793.28 793.281 793.257 793.278 793.259 793.254 793.213 793.226 793.218 793.227 793.181 793.198 793.133 793.175 793.171 793.172 793.165 793.073 792.822 
793.876 793.507 793.501 793.518 793.503 793.504 793.483 793.488 793.489 793.468 793.451 793.456 793.455 793.45 793.451 793.425 793.448 793.428 793.422 793.382 793.393 793.387 793.395 793.349 793.364 793.297 793.343 793.338 793.34 793.331 793.236 792.976 
794.065 793.677 793.671 793.691 793.673 793.675 793.654 793.659 793.662 793.638 793.622 793.624 793.624 793.62 793.623 793.594 793.618 793.598 793.592 793.552 793.562 793.556 793.564 793.518 793.532 793.462 793.512 793.507 793.508 793.498 793.4 793.131 
794.255 793.848 793.842 793.865 793.843 793.848 793.826 793.83 793.836 793.809 793.793 793.793 793.794 793.79 793.796 793.764 793.789 793.77 793.761 793.722 793.731 793.728 793.734 793.688 793.701 793.628 793.683 793.677 793.676 793.666 793.564 793.287 
794.447 794.02 794.014 794.039 794.015 794.022 793.999 794.003 794.01 793.982 793.966 793.963 793.966 793.961 793.97 793.936 793.961 793.942 793.931 793.893 793.901 793.9 793.905 793.859 793.87 793.796 793.856 793.849 793.845 793.835 793.729 793.446 
794.64 794.193 794.187 794.215 794.187 794.196 794.173 794.176 794.185 794.156 794.139 794.134 794.139 794.134 794.146 794.109 794.134 794.115 794.102 794.065 794.073 794.073 794.077 794.031 794.041 793.965 794.03 794.022 794.014 794.006 793.894 793.605 
794.834 794.366 794.361 794.391 794.361 794.37 794.349 794.349 794.359 794.331 794.313 794.307 794.312 794.308 794.322 794.283 794.307 794.288 794.273 794.237 794.245 794.247 794.249 794.203 794.212 794.135 794.205 794.196 794.184 794.176 794.06 793.764 
795.029 794.54 794.536 794.568 794.535 794.543 794.525 794.524 794.534 794.507 794.488 794.48 794.486 794.482 794.498 794.458 794.481 794.462 794.444 794.41 794.418 794.421 794.423 794.376 794.384 794.305 794.381 794.371 794.355 794.348 794.227 793.924 
795.224 794.715 794.713 794.745 794.711 794.717 794.702 794.699 794.709 794.684 794.664 794.655 794.66 794.657 794.675 794.634 794.656 794.637 794.615 794.584 794.591 794.595 794.597 794.549 794.556 794.476 794.558 794.545 794.527 794.52 794.394 794.083 
795.419 794.889 794.89 794.922 794.889 794.89 794.88 794.874 794.884 794.86 794.84 794.831 794.835 794.832 794.85 794.81 794.831 794.813 794.787 794.759 794.765 794.769 794.771 794.723 794.728 794.647 794.734 794.719 794.7 794.693 794.562 794.243 
795.614 795.064 795.067 795.1 795.067 795.064 795.057 795.05 795.059 795.037 795.017 795.007 795.01 795.007 795.026 794.986 795.007 794.989 794.96 794.934 794.94 794.944 794.946 794.897 794.902 794.819 794.91 794.893 794.875 794.866 794.73 794.403 
795.81 795.239 795.243 795.277 795.245 795.239 795.234 795.226 795.234 795.214 795.193 795.184 795.186 795.183 795.202 795.163 795.183 795.166 795.133 795.109 795.116 795.119 795.122 795.072 795.075 794.991 795.086 795.067 795.05 795.038 794.899 794.563 
796.005 795.414 795.42 795.455 795.425 795.413 795.411 795.401 795.41 795.391 795.37 795.36 795.362 795.36 795.378 795.341 795.361 795.342 795.308 795.284 795.292 795.294 795.299 795.248 795.249 795.162 795.262 795.24 795.225 795.211 795.069 794.724 
796.201 795.589 795.597 795.633 795.604 795.588 795.587 795.578 795.586 795.567 795.545 795.537 795.538 795.537 795.554 795.518 795.539 795.518 795.483 795.459 795.468 795.47 795.476 795.424 795.424 795.334 795.438 795.413 795.398 795.384 795.238 794.885 
796.397 795.763 795.773 795.81 795.782 795.763 795.762 795.754 795.762 795.743 795.72 795.714 795.714 795.714 795.729 795.696 795.717 795.694 795.66 795.635 795.645 795.645 795.653 795.6 795.599 795.506 795.615 795.586 795.571 795.557 795.407 795.046 
796.593 795.937 795.95 795.988 795.96 795.938 795.938 795.931 795.939 795.919 795.895 795.892 795.89 795.891 795.904 795.872 795.894 795.87 795.837 795.81 795.821 795.819 795.83 795.776 795.774 795.677 795.79 795.759 795.744 795.73 795.577 795.207 
796.79 796.111 796.127 796.166 796.137 796.113 796.113 796.107 796.115 796.094 796.071 796.07 796.065 796.066 796.078 796.047 796.072 796.045 796.014 795.985 795.998 795.993 796.005 795.952 795.95 795.848 795.965 795.932 795.916 795.903 795.746 795.367 
796.987 796.284 796.304 796.342 796.313 796.289 796.289 796.283 796.29 796.269 796.246 796.248 796.241 796.241 796.253 796.222 796.249 796.22 796.19 796.16 796.175 796.167 796.18 796.128 796.126 796.019 796.139 796.104 796.088 796.076 795.915 795.528 
797.184 796.458 796.481 796.519 796.488 796.464 796.464 796.459 796.465 796.444 796.423 796.425 796.417 796.415 796.427 796.396 796.426 796.395 796.366 796.334 796.351 796.342 796.353 796.303 796.301 796.191 796.312 796.277 796.26 796.249 796.084 795.688 
797.382 796.632 796.657 796.694 796.662 796.64 796.639 796.634 796.64 796.618 796.6 796.602 796.593 796.588 796.602 796.571 796.603 796.569 796.542 796.507 796.528 796.516 796.527 796.478 796.476 796.362 796.486 796.449 796.432 796.421 796.252 795.848 
797.579 796.805 796.833 796.87 796.837 796.816 796.815 796.81 796.815 796.793 796.778 796.778 796.768 796.761 796.778 796.746 796.779 796.743 796.718 796.681 796.704 796.69 796.701 796.653 796.65 796.534 796.66 796.622 796.604 796.592 796.42 796.009 
797.776 796.979 797.009 797.045 797.011 796.992 796.991 796.987 796.989 796.968 796.956 796.954 796.943 796.935 796.953 796.92 796.954 796.917 796.894 796.855 796.88 796.864 796.876 796.828 796.823 796.705 796.834 796.795 796.776 796.762 796.587 796.171 
797.972 797.152 797.185 797.221 797.186 797.168 797.167 797.163 797.164 797.143 797.133 797.129 797.118 797.109 797.129 797.095 797.128 797.09 797.069 797.028 797.056 797.038 797.051 797.003 796.996 796.876 797.007 796.968 796.947 796.932 796.754 796.332 
798.168 797.326 797.36 797.398 797.36 797.343 797.343 797.339 797.339 797.318 797.31 797.305 797.293 797.283 797.305 797.269 797.302 797.264 797.244 797.202 797.231 797.211 797.226 797.178 797.168 797.047 797.181 797.141 797.119 797.101 796.922 796.493 
798.363 797.5 797.534 797.574 797.533 797.518 797.518 797.515 797.515 797.494 797.487 797.48 797.468 797.457 797.48 797.442 797.475 797.436 797.419 797.376 797.406 797.383 797.4 797.352 797.34 797.218 797.354 797.313 797.29 797.269 797.09 796.653 
798.558 797.674 797.708 797.749 797.706 797.692 797.693 797.691 797.691 797.669 797.662 797.655 797.643 797.632 797.655 797.615 797.649 797.609 797.593 797.549 797.58 797.555 797.574 797.525 797.512 797.388 797.527 797.485 797.461 797.438 797.257 796.812 
798.752 797.847 797.881 797.924 797.879 797.867 797.868 797.866 797.867 797.844 797.837 797.83 797.819 797.806 797.83 797.787 797.823 797.78 797.767 797.723 797.754 797.727 797.747 797.698 797.684 797.558 797.7 797.656 797.631 797.607 797.424 796.97 
798.945 798.021 798.053 798.098 798.051 798.041 798.042 798.04 798.044 798.019 798.012 798.005 797.994 797.98 798.004 797.959 797.996 797.952 797.94 797.897 797.928 797.898 797.921 797.869 797.855 797.727 797.872 797.828 797.801 797.776 797.591 797.128 
799.138 798.194 798.226 798.272 798.224 798.214 798.215 798.213 798.22 798.193 798.185 798.18 798.169 798.154 798.178 798.131 798.17 798.124 798.113 798.071 798.103 798.069 798.095 798.041 798.025 797.896 798.044 797.998 797.971 797.945 797.757 797.285 
799.33 798.366 798.399 798.446 798.397 798.388 798.388 798.386 798.396 798.367 798.358 798.353 798.344 798.327 798.351 798.303 798.344 798.295 798.286 798.245 798.277 798.24 798.269 798.211 798.195 798.066 798.216 798.169 798.141 798.114 797.922 797.442 
799.521 798.537 798.572 798.62 798.569 798.561 798.56 798.558 798.57 798.54 798.531 798.526 798.519 798.5 798.523 798.475 798.517 798.466 798.458 798.418 798.451 798.411 798.443 798.381 798.366 798.234 798.387 798.339 798.31 798.283 798.088 797.599 
799.712 798.707 798.744 798.794 798.741 798.734 798.733 798.729 798.744 798.712 798.704 798.699 798.693 798.673 798.694 798.647 798.688 798.637 798.63 798.591 798.625 798.583 798.616 798.55 798.536 798.403 798.559 798.509 798.479 798.452 798.253 797.756 
799.902 798.877 798.917 798.967 798.912 798.907 798.904 798.9 798.917 798.883 798.877 798.871 798.866 798.845 798.864 798.819 798.859 798.808 798.801 798.763 798.797 798.753 798.788 798.719 798.706 798.57 798.73 798.678 798.647 798.62 798.419 797.913 
800.091 799.047 799.089 799.14 799.084 799.08 799.075 799.071 799.089 799.052 799.049 799.042 799.037 799.017 799.034 798.99 799.028 798.978 798.972 798.935 798.968 798.923 798.958 798.887 798.875 798.736 798.9 798.846 798.814 798.787 798.584 798.069 
800.28 799.216 799.261 799.311 799.255 799.252 799.246 799.242 799.261 799.221 799.22 799.213 799.208 799.188 799.204 799.16 799.196 799.148 799.142 799.106 799.138 799.093 799.128 799.055 799.044 798.901 799.069 799.014 798.981 798.953 798.749 798.225 
800.468 799.384 799.432 799.481 799.426 799.424 799.417 799.412 799.432 799.389 799.389 799.384 799.377 799.358 799.374 799.329 799.363 799.317 799.312 799.276 799.307 799.261 799.298 799.222 799.213 799.064 799.238 799.182 799.146 799.119 798.911 798.381 
800.655 799.551 799.602 799.651 799.597 799.595 799.587 799.581 799.603 799.557 799.557 799.553 799.544 799.528 799.543 799.498 799.53 799.487 799.481 799.445 799.476 799.428 799.467 799.389 799.381 799.225 799.405 799.349 799.31 799.285 799.072 798.535 
800.842 799.718 799.771 799.82 799.766 799.765 799.756 799.75 799.774 799.724 799.725 799.721 799.711 799.696 799.711 799.666 799.697 799.656 799.649 799.612 799.645 799.595 799.635 799.556 799.547 799.386 799.571 799.517 799.473 799.45 799.232 798.689 
801.027 799.884 799.939 799.988 799.934 799.933 799.924 799.918 799.944 799.89 799.891 799.889 799.877 799.862 799.879 799.832 799.863 799.824 799.817 799.779 799.814 799.76 799.802 799.721 799.713 799.547 799.736 799.684 799.636 799.614 799.391 798.843 
801.211 800.049 800.105 800.155 800.1 800.101 800.092 800.085 800.112 800.055 800.058 800.055 800.042 800.027 800.045 799.998 800.029 799.991 799.983 799.944 799.981 799.924 799.969 799.886 799.876 799.708 799.901 799.85 799.797 799.777 799.55 798.995 
801.394 800.213 800.269 800.321 800.265 800.268 800.259 800.251 800.277 800.219 800.224 800.221 800.208 800.192 800.212 800.163 800.195 800.157 800.148 800.109 800.146 800.088 800.135 800.049 800.038 799.868 800.063 800.015 799.957 799.938 799.707 799.145 
801.576 800.375 800.431 800.485 800.429 800.434 800.424 800.415 800.441 800.381 800.389 800.386 800.372 800.356 800.377 800.327 800.361 800.323 800.311 800.273 800.309 800.251 800.299 800.211 800.199 800.028 800.225 800.179 800.117 800.098 799.864 799.295 
801.756 800.536 800.592 800.646 800.592 800.6 800.587 800.578 800.603 800.543 800.552 800.549 800.536 800.519 800.542 800.49 800.526 800.487 800.472 800.436 800.47 800.413 800.462 800.373 800.358 800.186 800.386 800.342 800.276 800.256 800.019 799.443 
801.934 800.695 800.751 800.807 800.753 800.764 800.748 800.738 800.763 800.704 800.714 800.711 800.698 800.682 800.705 800.653 800.689 800.65 800.631 800.599 800.629 800.574 800.624 800.533 800.516 800.343 800.545 800.503 800.434 800.413 800.173 799.591 
802.11 800.852 800.91 800.965 800.913 800.927 800.908 800.897 800.922 800.864 800.874 800.872 800.859 800.843 800.867 800.814 800.851 800.811 800.789 800.759 800.786 800.734 800.783 800.692 800.673 800.498 800.703 800.662 800.592 800.569 800.326 799.737 
802.284 801.008 801.068 801.123 801.072 801.088 801.066 801.055 801.079 801.022 801.031 801.031 801.018 801.002 801.026 800.975 801.011 800.971 800.946 800.918 800.942 800.892 800.942 800.85 800.829 800.652 800.86 800.818 800.748 800.723 800.478 799.883 
802.456 801.162 801.224 801.279 801.229 801.246 801.222 801.212 801.235 801.178 801.186 801.188 801.175 801.16 801.183 801.133 801.168 801.129 801.101 801.075 801.097 801.049 801.098 801.006 800.984 800.805 801.015 800.972 800.903 800.876 800.628 800.028 
802.625 801.314 801.379 801.433 801.384 801.401 801.376 801.367 801.389 801.331 801.34 801.344 801.33 801.316 801.338 801.289 801.323 801.284 801.254 801.23 801.25 801.203 801.253 801.16 801.137 800.956 801.169 801.123 801.056 801.027 800.776 800.172 
802.792 801.464 801.531 801.586 801.537 801.554 801.53 801.52 801.541 801.482 801.492 801.498 801.483 801.469 801.491 801.443 801.477 801.436 801.406 801.384 801.402 801.356 801.407 801.312 801.289 801.105 801.321 801.272 801.207 801.177 800.922 800.313 
802.956 801.613 801.682 801.736 801.687 801.704 801.681 801.671 801.691 801.63 801.642 801.651 801.633 801.621 801.64 801.595 801.628 801.585 801.555 801.535 801.552 801.507 801.558 801.462 801.438 801.252 801.47 801.418 801.357 801.324 801.066 800.452 
803.119 801.759 801.83 801.884 801.836 801.852 801.831 801.82 801.84 801.777 801.79 801.8 801.78 801.77 801.788 801.743 801.777 801.731 801.703 801.683 801.7 801.656 801.707 801.611 801.585 801.397 801.617 801.563 801.503 801.471 801.208 800.589 
803.278 801.903 801.976 802.029 801.982 801.997 801.978 801.966 801.987 801.922 801.937 801.947 801.925 801.917 801.932 801.889 801.923 801.876 801.848 801.83 801.846 801.803 801.853 801.757 801.73 801.541 801.762 801.706 801.647 801.615 801.348 800.724 
803.435 802.045 802.119 802.172 802.126 802.14 802.123 802.11 802.131 802.066 802.081 802.091 802.068 802.061 802.074 802.033 802.067 802.017 801.991 801.973 801.99 801.948 801.996 801.901 801.872 801.682 801.903 801.846 801.788 801.756 801.486 800.855 
803.589 802.183 802.259 802.311 802.268 802.281 802.264 802.251 802.272 802.207 802.222 802.232 802.208 802.203 802.213 802.173 802.208 802.157 802.131 802.113 802.131 802.091 802.137 802.042 802.011 801.821 802.042 801.983 801.926 801.895 801.622 800.984 
803.739 802.319 802.397 802.448 802.407 802.419 802.402 802.39 802.411 802.345 802.36 802.371 802.346 802.342 802.35 802.31 802.346 802.293 802.269 802.249 802.268 802.23 802.274 802.18 802.148 801.958 802.177 802.117 802.062 802.032 801.756 801.11 
803.886 802.452 802.531 802.583 802.543 802.554 802.537 802.526 802.547 802.481 802.496 802.507 802.482 802.478 802.483 802.443 802.482 802.428 802.404 802.383 802.402 802.366 802.409 802.315 802.281 802.091 802.31 802.248 802.195 802.165 801.886 801.233 
804.028 802.581 802.661 802.715 802.676 802.687 802.67 802.659 802.68 802.613 802.629 802.64 802.614 802.611 802.613 802.574 802.615 802.559 802.535 802.513 802.533 802.498 802.542 802.447 802.412 802.222 802.439 802.378 802.325 802.296 802.012 801.353 
804.166 802.708 802.788 802.844 802.805 802.816 802.798 802.789 802.811 802.742 802.758 802.769 802.744 802.74 802.74 802.702 802.744 802.688 802.663 802.641 802.66 802.627 802.671 802.575 802.54 802.349 802.566 802.505 802.452 802.423 802.136 801.47 
804.301 802.832 802.912 802.97 802.932 802.943 802.924 802.915 802.938 802.869 802.884 802.896 802.87 802.865 802.864 802.827 802.87 802.813 802.788 802.765 802.784 802.752 802.798 802.701 802.664 802.473 802.689 802.63 802.575 802.547 802.256 801.584 
804.432 802.953 803.033 803.092 803.054 803.065 803.046 803.038 803.062 802.991 803.006 803.018 802.993 802.986 802.985 802.949 802.991 802.934 802.908 802.886 802.904 802.874 802.921 802.822 802.786 802.595 802.81 802.751 802.695 802.667 802.373 801.694 
804.559 803.069 803.15 803.211 803.173 803.184 803.165 803.156 803.181 803.111 803.125 803.138 803.113 803.104 803.103 803.068 803.109 803.053 803.024 803.003 803.023 802.993 803.04 802.941 802.904 802.714 802.927 802.87 802.811 802.784 802.487 801.802 
804.682 803.181 803.264 803.326 803.288 803.299 803.28 803.27 803.296 803.227 803.24 803.253 803.229 803.219 803.217 803.184 803.223 803.168 803.138 803.117 803.137 803.109 803.155 803.055 803.02 802.829 803.041 802.986 802.924 802.896 802.597 801.906 
804.8 803.288 803.374 803.437 803.399 803.411 803.391 803.38 803.407 803.339 803.351 803.365 803.342 803.33 803.327 803.296 803.334 803.279 803.248 803.227 803.248 803.221 803.267 803.165 803.132 802.94 803.151 803.098 803.033 803.006 802.704 802.007 
804.914 803.392 803.48 803.543 803.506 803.517 803.499 803.486 803.513 803.447 803.459 803.473 803.451 803.436 803.433 803.404 803.441 803.386 803.355 803.334 803.356 803.33 803.375 803.272 803.24 803.046 803.258 803.206 803.139 803.111 802.808 802.105 
805.023 803.492 803.583 803.646 803.609 803.62 803.602 803.589 803.615 803.551 803.562 803.578 803.556 803.54 803.536 803.509 803.545 803.49 803.459 803.436 803.459 803.435 803.479 803.374 803.344 803.149 803.361 803.31 803.242 803.214 802.908 802.2 
805.127 803.589 803.682 803.744 803.708 803.719 803.702 803.688 803.713 803.652 803.662 803.678 803.657 803.639 803.636 803.61 803.646 803.589 803.559 803.534 803.559 803.537 803.579 803.473 803.445 803.248 803.46 803.411 803.342 803.313 803.005 802.292 
805.227 803.682 803.778 803.838 803.803 803.815 803.799 803.784 803.808 803.749 803.759 803.776 803.754 803.735 803.733 803.708 803.743 803.684 803.657 803.629 803.656 803.635 803.676 803.569 803.542 803.343 803.556 803.508 803.439 803.409 803.098 802.38 
805.323 803.774 803.871 803.93 803.895 803.907 803.892 803.878 803.901 803.843 803.853 803.87 803.848 803.827 803.827 803.803 803.838 803.776 803.751 803.721 803.75 803.73 803.77 803.662 803.635 803.435 803.649 803.602 803.535 803.503 803.188 802.465 
