789.384 789.384 789.384 789.384 789.384 789.384 789.384 789.384 789.384 789.384 789.384 789.384 789.384 789.384 789.384 789.384 789.384 789.384 789.384 789.384 789.384 789.384 789.384 789.384 789.384 789.384 789.384 789.384 789.384 789.384 789.384 789.384 
789.444 789.443 789.441 789.443 789.443 789.444 789.442 789.442 789.441 789.442 789.441 789.441 789.443 789.439 789.441 789.44 789.44 789.44 789.439 789.438 789.438 789.438 789.438 789.438 789.439 789.437 789.437 789.437 789.435 789.437 789.435 789.428 
789.506 789.504 789.501 789.504 789.504 789.505 789.502 789.503 789.5 789.501 789.499 789.5 789.504 789.496 789.499 789.498 789.498 789.498 789.497 789.493 789.494 789.494 789.493 789.493 789.496 789.493 789.493 789.491 789.489 789.491 789.488 789.474 
789.572 789.568 789.564 789.568 789.567 789.57 789.565 789.565 789.562 789.563 789.561 789.561 789.566 789.556 789.56 789.559 789.559 789.558 789.556 789.551 789.553 789.552 789.552 789.551 789.555 789.551 789.551 789.548 789.546 789.548 789.543 789.523 
789.641 789.635 789.63 789.635 789.634 789.638 789.631 789.631 789.628 789.629 789.627 789.626 789.632 789.619 789.624 789.623 789.623 789.622 789.619 789.613 789.616 789.613 789.614 789.613 789.618 789.613 789.612 789.609 789.606 789.609 789.601 789.575 
789.714 789.707 789.7 789.706 789.705 789.71 789.702 789.701 789.698 789.698 789.696 789.695 789.701 789.687 789.692 789.69 789.691 789.69 789.685 789.678 789.682 789.678 789.681 789.679 789.685 789.679 789.677 789.673 789.67 789.673 789.663 789.63 
789.793 789.783 789.775 789.781 789.78 789.785 789.777 789.775 789.771 789.771 789.769 789.768 789.773 789.759 789.764 789.761 789.763 789.762 789.756 789.748 789.752 789.747 789.751 789.749 789.756 789.75 789.746 789.742 789.738 789.742 789.73 789.689 
789.878 789.864 789.855 789.861 789.861 789.865 789.857 789.854 789.85 789.849 789.847 789.846 789.85 789.835 789.84 789.837 789.84 789.839 789.831 789.822 789.827 789.821 789.826 789.824 789.831 789.826 789.82 789.816 789.811 789.815 789.8 789.753 
789.968 789.95 789.939 789.944 789.946 789.95 789.941 789.938 789.933 789.931 789.929 789.928 789.932 789.916 789.92 789.917 789.921 789.92 789.911 789.901 789.906 789.9 789.905 789.903 789.91 789.906 789.898 789.894 789.889 789.893 789.875 789.821 
790.064 790.04 790.029 790.033 790.036 790.039 790.029 790.027 790.021 790.017 790.015 790.015 790.018 790.002 790.006 790.002 790.008 790.005 789.997 789.984 789.99 789.984 789.989 789.986 789.994 789.99 789.981 789.976 789.971 789.975 789.955 789.894 
790.164 790.135 790.123 790.126 790.131 790.132 790.121 790.12 790.113 790.109 790.106 790.107 790.109 790.093 790.096 790.093 790.099 790.095 790.088 790.073 790.079 790.073 790.079 790.075 790.082 790.079 790.069 790.064 790.057 790.063 790.04 789.971 
790.27 790.234 790.222 790.223 790.231 790.229 790.217 790.219 790.21 790.205 790.202 790.202 790.204 790.189 790.191 790.188 790.195 790.19 790.184 790.167 790.173 790.167 790.173 790.168 790.174 790.172 790.161 790.156 790.148 790.156 790.131 790.052 
790.38 790.337 790.326 790.326 790.334 790.331 790.317 790.322 790.311 790.306 790.302 790.302 790.305 790.29 790.291 790.289 790.295 790.29 790.285 790.266 790.272 790.266 790.271 790.266 790.271 790.27 790.258 790.253 790.243 790.253 790.226 790.139 
790.496 790.444 790.434 790.432 790.441 790.437 790.422 790.429 790.416 790.411 790.407 790.407 790.409 790.395 790.397 790.394 790.399 790.395 790.391 790.37 790.376 790.37 790.374 790.368 790.373 790.372 790.36 790.355 790.344 790.354 790.326 790.231 
790.616 790.555 790.546 790.543 790.552 790.548 790.533 790.541 790.526 790.52 790.517 790.517 790.519 790.505 790.506 790.504 790.509 790.504 790.502 790.478 790.483 790.477 790.481 790.476 790.48 790.477 790.466 790.462 790.45 790.46 790.431 790.327 
790.741 790.671 790.662 790.658 790.667 790.663 790.648 790.656 790.641 790.635 790.631 790.631 790.633 790.62 790.621 790.618 790.622 790.618 790.617 790.591 790.595 790.59 790.592 790.587 790.591 790.587 790.577 790.573 790.561 790.57 790.539 790.428 
790.871 790.792 790.781 790.777 790.786 790.783 790.768 790.776 790.759 790.754 790.749 790.749 790.751 790.739 790.739 790.736 790.74 790.737 790.735 790.707 790.711 790.706 790.708 790.701 790.707 790.701 790.692 790.688 790.678 790.684 790.652 790.534 
791.005 790.916 790.905 790.901 790.909 790.907 790.893 790.899 790.883 790.878 790.871 790.871 790.874 790.862 790.862 790.859 790.861 790.859 790.858 790.828 790.832 790.827 790.828 790.82 790.827 790.819 790.812 790.807 790.799 790.804 790.769 790.643 
791.145 791.045 791.033 791.028 791.036 791.035 791.022 791.026 791.01 791.006 790.998 790.997 791.002 790.988 790.988 790.986 790.987 790.985 790.984 790.952 790.957 790.951 790.952 790.942 790.951 790.942 790.936 790.931 790.924 790.927 790.89 790.756 
791.29 791.177 791.164 791.16 791.168 791.168 791.156 791.158 791.142 791.137 791.128 791.128 791.133 791.119 791.12 791.116 791.116 791.115 791.114 791.08 791.087 791.08 791.081 791.068 791.08 791.069 791.064 791.059 791.053 791.054 791.013 790.873 
791.439 791.313 791.299 791.296 791.303 791.304 791.294 791.295 791.278 791.272 791.263 791.263 791.267 791.254 791.255 791.251 791.25 791.25 791.248 791.213 791.221 791.213 791.213 791.198 791.213 791.2 791.196 791.191 791.185 791.185 791.14 790.993 
791.593 791.452 791.438 791.435 791.443 791.444 791.434 791.435 791.418 791.41 791.401 791.402 791.405 791.393 791.394 791.389 791.388 791.388 791.384 791.348 791.359 791.35 791.349 791.333 791.35 791.336 791.331 791.326 791.321 791.319 791.271 791.116 
791.751 791.593 791.58 791.578 791.585 791.586 791.578 791.579 791.562 791.552 791.544 791.545 791.546 791.535 791.537 791.53 791.529 791.53 791.524 791.487 791.5 791.491 791.49 791.472 791.491 791.475 791.469 791.465 791.459 791.456 791.405 791.243 
791.913 791.738 791.725 791.726 791.732 791.732 791.724 791.726 791.71 791.697 791.69 791.692 791.69 791.682 791.683 791.674 791.675 791.675 791.667 791.629 791.644 791.635 791.634 791.614 791.636 791.618 791.611 791.607 791.601 791.598 791.543 791.373 
792.078 791.887 791.874 791.877 791.881 791.881 791.873 791.876 791.86 791.846 791.84 791.841 791.837 791.832 791.832 791.821 791.825 791.823 791.813 791.774 791.791 791.782 791.782 791.759 791.785 791.764 791.757 791.753 791.746 791.743 791.685 791.507 
792.246 792.039 792.026 792.031 792.033 792.033 792.025 792.028 792.014 791.998 791.992 791.994 791.988 791.984 791.984 791.972 791.977 791.974 791.963 791.923 791.94 791.932 791.933 791.907 791.936 791.913 791.905 791.902 791.894 791.892 791.83 791.644 
792.418 792.194 792.181 792.189 792.188 792.188 792.179 792.182 792.17 792.153 792.147 792.149 792.141 792.14 792.138 792.125 792.132 792.128 792.115 792.075 792.092 792.085 792.088 792.058 792.09 792.065 792.056 792.054 792.045 792.043 791.978 791.784 
792.592 792.352 792.339 792.349 792.345 792.346 792.335 792.339 792.328 792.311 792.304 792.307 792.298 792.297 792.295 792.281 792.29 792.285 792.271 792.23 792.248 792.24 792.245 792.211 792.246 792.219 792.21 792.208 792.198 792.198 792.128 791.927 
792.77 792.512 792.499 792.511 792.505 792.506 792.494 792.497 792.488 792.472 792.462 792.467 792.458 792.456 792.454 792.439 792.45 792.443 792.43 792.388 792.406 792.398 792.404 792.368 792.404 792.376 792.366 792.364 792.355 792.354 792.281 792.072 
792.949 792.674 792.662 792.675 792.667 792.668 792.655 792.657 792.651 792.634 792.622 792.629 792.62 792.616 792.616 792.6 792.612 792.603 792.591 792.55 792.567 792.558 792.565 792.526 792.565 792.535 792.524 792.522 792.514 792.514 792.436 792.22 
793.131 792.837 792.827 792.841 792.832 792.832 792.818 792.819 792.815 792.799 792.784 792.793 792.785 792.78 792.779 792.762 792.776 792.764 792.754 792.713 792.73 792.72 792.728 792.687 792.727 792.696 792.684 792.681 792.676 792.675 792.592 792.368 
793.314 793.003 792.994 793.009 792.998 792.997 792.981 792.983 792.981 792.965 792.948 792.957 792.951 792.945 792.945 792.925 792.942 792.927 792.92 792.878 792.894 792.884 792.893 792.85 792.891 792.859 792.845 792.843 792.839 792.837 792.751 792.518 
793.5 793.17 793.162 793.177 793.165 793.164 793.146 793.149 793.148 793.131 793.114 793.122 793.118 793.112 793.112 793.09 793.109 793.092 793.087 793.045 793.06 793.05 793.06 793.015 793.057 793.023 793.009 793.006 793.005 793.001 792.911 792.669 
793.686 793.338 793.331 793.347 793.334 793.333 793.313 793.318 793.318 793.299 793.282 793.289 793.286 793.28 793.281 793.257 793.278 793.258 793.255 793.213 793.226 793.218 793.227 793.181 793.223 793.188 793.175 793.171 793.171 793.165 793.073 792.821 
793.874 793.507 793.501 793.518 793.503 793.503 793.482 793.488 793.489 793.468 793.451 793.456 793.455 793.45 793.451 793.425 793.447 793.427 793.423 793.382 793.393 793.387 793.395 793.349 793.391 793.354 793.342 793.338 793.339 793.331 793.236 792.974 
794.064 793.677 793.671 793.691 793.673 793.675 793.653 793.659 793.662 793.638 793.622 793.624 793.624 793.619 793.623 793.594 793.617 793.598 793.592 793.552 793.562 793.556 793.564 793.518 793.56 793.521 793.511 793.507 793.507 793.498 793.4 793.129 
794.254 793.848 793.842 793.865 793.843 793.848 793.825 793.83 793.836 793.809 793.793 793.793 793.794 793.79 793.796 793.764 793.788 793.769 793.762 793.722 793.731 793.728 793.734 793.688 793.73 793.69 793.682 793.677 793.675 793.666 793.564 793.286 
794.446 794.02 794.014 794.039 794.015 794.021 793.998 794.003 794.01 793.982 793.966 793.963 793.966 793.961 793.97 793.936 793.96 793.942 793.932 793.893 793.901 793.9 793.905 793.859 793.901 793.86 793.855 793.849 793.844 793.835 793.729 793.444 
794.639 794.193 794.187 794.215 794.187 794.195 794.172 794.176 794.185 794.156 794.139 794.134 794.139 794.134 794.146 794.109 794.133 794.114 794.103 794.065 794.073 794.073 794.077 794.031 794.072 794.032 794.029 794.022 794.013 794.006 793.894 793.603 
794.833 794.366 794.361 794.391 794.361 794.369 794.348 794.349 794.359 794.331 794.313 794.307 794.312 794.308 794.322 794.283 794.306 794.288 794.273 794.237 794.245 794.247 794.249 794.203 794.245 794.204 794.204 794.196 794.183 794.176 794.06 793.763 
795.027 794.54 794.536 794.568 794.535 794.542 794.524 794.524 794.534 794.507 794.488 794.48 794.486 794.482 794.498 794.458 794.48 794.461 794.444 794.41 794.418 794.421 794.423 794.376 794.418 794.377 794.381 794.371 794.354 794.348 794.227 793.922 
795.222 794.715 794.713 794.745 794.711 794.716 794.701 794.699 794.709 794.684 794.664 794.655 794.66 794.657 794.675 794.634 794.655 794.636 794.616 794.584 794.591 794.595 794.597 794.549 794.591 794.55 794.557 794.545 794.526 794.52 794.394 794.082 
795.417 794.889 794.89 794.922 794.889 794.889 794.879 794.874 794.884 794.86 794.84 794.831 794.835 794.832 794.85 794.81 794.83 794.812 794.788 794.759 794.765 794.769 794.771 794.723 794.765 794.723 794.733 794.719 794.7 794.693 794.562 794.241 
795.613 795.064 795.067 795.1 795.067 795.063 795.056 795.05 795.059 795.037 795.017 795.007 795.01 795.007 795.026 794.986 795.006 794.988 794.961 794.934 794.94 794.944 794.946 794.897 794.939 794.897 794.909 794.893 794.874 794.866 794.73 794.401 
795.808 795.239 795.243 795.277 795.245 795.238 795.233 795.226 795.234 795.214 795.193 795.184 795.186 795.183 795.202 795.163 795.183 795.165 795.134 795.109 795.116 795.119 795.122 795.072 795.114 795.072 795.085 795.067 795.049 795.038 794.899 794.562 
796.003 795.414 795.42 795.455 795.425 795.413 795.41 795.401 795.41 795.391 795.37 795.36 795.362 795.36 795.378 795.341 795.36 795.341 795.309 795.284 795.292 795.294 795.299 795.248 795.289 795.246 795.261 795.24 795.224 795.211 795.069 794.722 
796.199 795.589 795.597 795.633 795.604 795.587 795.586 795.578 795.586 795.567 795.545 795.537 795.538 795.537 795.553 795.518 795.538 795.517 795.484 795.459 795.468 795.47 795.476 795.424 795.465 795.42 795.437 795.413 795.397 795.384 795.238 794.883 
796.395 795.763 795.773 795.81 795.782 795.762 795.761 795.754 795.762 795.743 795.72 795.714 795.714 795.714 795.729 795.696 795.716 795.693 795.661 795.635 795.645 795.645 795.653 795.6 795.641 795.594 795.614 795.586 795.57 795.557 795.407 795.044 
796.591 795.937 795.95 795.988 795.96 795.937 795.937 795.931 795.939 795.919 795.895 795.892 795.89 795.891 795.904 795.872 795.893 795.869 795.838 795.81 795.821 795.819 795.83 795.776 795.817 795.768 795.789 795.759 795.743 795.73 795.577 795.205 
796.788 796.111 796.127 796.166 796.137 796.112 796.112 796.107 796.115 796.094 796.071 796.07 796.065 796.066 796.078 796.047 796.071 796.044 796.015 795.985 795.998 795.993 796.005 795.952 795.994 795.941 795.964 795.932 795.915 795.903 795.746 795.366 
796.985 796.284 796.304 796.342 796.312 796.288 796.288 796.283 796.29 796.269 796.246 796.248 796.241 796.241 796.253 796.222 796.248 796.219 796.191 796.16 796.175 796.167 796.18 796.128 796.171 796.115 796.137 796.104 796.087 796.076 795.915 795.526 
797.182 796.458 796.481 796.519 796.488 796.463 796.463 796.459 796.465 796.444 796.423 796.425 796.417 796.415 796.427 796.396 796.425 796.394 796.367 796.334 796.351 796.342 796.353 796.303 796.348 796.289 796.311 796.277 796.259 796.249 796.084 795.686 
797.38 796.632 796.657 796.694 796.662 796.639 796.638 796.634 796.64 796.618 796.6 796.602 796.593 796.588 796.602 796.571 796.602 796.568 796.543 796.507 796.528 796.516 796.527 796.478 796.524 796.463 796.485 796.449 796.431 796.421 796.252 795.846 
797.577 796.805 796.833 796.869 796.837 796.815 796.814 796.81 796.815 796.793 796.778 796.778 796.768 796.761 796.778 796.746 796.777 796.742 796.719 796.681 796.704 796.69 796.701 796.653 796.699 796.637 796.659 796.622 796.603 796.592 796.42 796.007 
797.774 796.979 797.009 797.045 797.011 796.991 796.99 796.987 796.989 796.968 796.956 796.954 796.943 796.935 796.953 796.92 796.953 796.916 796.895 796.855 796.88 796.864 796.876 796.828 796.873 796.811 796.833 796.795 796.775 796.762 796.587 796.169 
797.97 797.152 797.185 797.221 797.186 797.166 797.166 797.163 797.164 797.143 797.133 797.129 797.118 797.109 797.129 797.095 797.127 797.089 797.07 797.028 797.056 797.038 797.051 797.003 797.047 796.984 797.006 796.968 796.946 796.932 796.754 796.33 
798.165 797.326 797.36 797.398 797.36 797.342 797.342 797.339 797.339 797.318 797.31 797.305 797.293 797.283 797.305 797.269 797.301 797.262 797.245 797.202 797.231 797.211 797.226 797.178 797.221 797.157 797.18 797.141 797.118 797.101 796.922 796.491 
798.361 797.5 797.534 797.574 797.533 797.516 797.517 797.515 797.515 797.494 797.487 797.48 797.468 797.457 797.48 797.442 797.474 797.435 797.42 797.376 797.406 797.383 797.4 797.352 797.394 797.33 797.353 797.313 797.289 797.269 797.09 796.651 
798.555 797.673 797.708 797.749 797.706 797.691 797.692 797.691 797.691 797.669 797.662 797.655 797.643 797.632 797.655 797.615 797.648 797.607 797.594 797.549 797.58 797.555 797.574 797.525 797.567 797.503 797.526 797.485 797.46 797.438 797.257 796.81 
798.749 797.847 797.881 797.924 797.879 797.865 797.867 797.866 797.867 797.844 797.837 797.83 797.819 797.806 797.83 797.787 797.821 797.779 797.768 797.723 797.754 797.727 797.747 797.698 797.739 797.675 797.698 797.656 797.63 797.607 797.424 796.968 
798.943 798.021 798.053 798.098 798.051 798.039 798.04 798.04 798.044 798.019 798.012 798.005 797.994 797.98 798.004 797.959 797.995 797.951 797.941 797.897 797.928 797.898 797.921 797.869 797.912 797.847 797.871 797.828 797.8 797.776 797.591 797.125 
799.136 798.194 798.226 798.272 798.224 798.213 798.214 798.213 798.22 798.193 798.185 798.179 798.169 798.154 798.178 798.131 798.169 798.122 798.114 798.071 798.103 798.069 798.095 798.041 798.083 798.018 798.043 797.998 797.97 797.945 797.757 797.283 
799.328 798.366 798.399 798.446 798.396 798.386 798.387 798.386 798.396 798.367 798.358 798.353 798.344 798.327 798.351 798.303 798.343 798.294 798.287 798.245 798.277 798.24 798.269 798.211 798.255 798.19 798.214 798.169 798.139 798.114 797.922 797.44 
799.519 798.537 798.572 798.62 798.569 798.56 798.559 798.558 798.57 798.54 798.531 798.526 798.519 798.5 798.523 798.475 798.515 798.465 798.459 798.418 798.451 798.411 798.443 798.381 798.426 798.361 798.386 798.339 798.309 798.283 798.088 797.597 
799.71 798.707 798.744 798.794 798.741 798.733 798.731 798.729 798.744 798.712 798.704 798.699 798.693 798.673 798.694 798.647 798.687 798.636 798.631 798.591 798.625 798.583 798.616 798.55 798.597 798.532 798.558 798.509 798.477 798.452 798.253 797.754 
799.899 798.877 798.917 798.967 798.912 798.906 798.903 798.9 798.917 798.883 798.877 798.871 798.866 798.845 798.864 798.819 798.857 798.806 798.802 798.763 798.797 798.753 798.788 798.719 798.769 798.702 798.728 798.678 798.646 798.619 798.419 797.91 
800.089 799.047 799.089 799.14 799.084 799.078 799.074 799.071 799.089 799.052 799.049 799.042 799.037 799.017 799.034 798.99 799.026 798.976 798.973 798.935 798.968 798.923 798.958 798.887 798.939 798.87 798.899 798.846 798.813 798.787 798.584 798.067 
800.277 799.216 799.261 799.311 799.255 799.251 799.245 799.242 799.261 799.221 799.22 799.213 799.208 799.188 799.204 799.16 799.195 799.146 799.143 799.106 799.138 799.093 799.128 799.055 799.109 799.037 799.068 799.014 798.979 798.953 798.749 798.223 
800.465 799.384 799.432 799.481 799.426 799.422 799.415 799.412 799.432 799.389 799.389 799.384 799.377 799.358 799.374 799.329 799.362 799.316 799.313 799.276 799.307 799.261 799.298 799.222 799.279 799.202 799.236 799.182 799.144 799.119 798.911 798.378 
800.653 799.551 799.602 799.651 799.597 799.593 799.585 799.581 799.603 799.557 799.557 799.553 799.544 799.528 799.543 799.498 799.529 799.485 799.482 799.445 799.476 799.428 799.467 799.389 799.448 799.366 799.404 799.349 799.309 799.285 799.072 798.533 
800.839 799.718 799.771 799.82 799.766 799.763 799.755 799.75 799.774 799.724 799.725 799.721 799.711 799.696 799.711 799.666 799.695 799.654 799.651 799.612 799.645 799.595 799.635 799.556 799.616 799.529 799.57 799.517 799.472 799.45 799.232 798.687 
801.024 799.884 799.939 799.988 799.934 799.932 799.923 799.918 799.944 799.89 799.891 799.889 799.877 799.862 799.879 799.832 799.861 799.823 799.818 799.779 799.814 799.76 799.802 799.721 799.782 799.692 799.735 799.684 799.634 799.614 799.391 798.84 
801.208 800.049 800.105 800.155 800.1 800.099 800.091 800.085 800.112 800.055 800.058 800.055 800.042 800.027 800.045 799.998 800.027 799.99 799.985 799.944 799.981 799.924 799.969 799.886 799.947 799.855 799.899 799.85 799.795 799.777 799.55 798.992 
801.391 800.213 800.269 800.321 800.265 800.266 800.257 800.251 800.277 800.219 800.224 800.221 800.208 800.192 800.212 800.163 800.193 800.156 800.149 800.109 800.146 800.088 800.135 800.049 800.11 800.018 800.062 800.015 799.956 799.938 799.707 799.143 
801.573 800.375 800.431 800.485 800.429 800.433 800.422 800.415 800.441 800.381 800.389 800.386 800.372 800.356 800.377 800.327 800.359 800.321 800.312 800.273 800.309 800.251 800.299 800.211 800.272 800.18 800.224 800.179 800.115 800.098 799.864 799.292 
801.753 800.536 800.592 800.646 800.592 800.598 800.585 800.578 800.603 800.543 800.552 800.549 800.536 800.519 800.542 800.49 800.524 800.485 800.473 800.436 800.47 800.413 800.462 800.373 800.432 800.341 800.384 800.342 800.274 800.256 800.019 799.44 
801.931 800.695 800.751 800.807 800.753 800.763 800.747 800.738 800.763 800.704 800.714 800.711 800.698 800.682 800.705 800.653 800.688 800.648 800.633 800.599 800.629 800.574 800.624 800.533 800.591 800.5 800.544 800.503 800.433 800.413 800.173 799.588 
802.107 800.852 800.91 800.965 800.913 800.926 800.906 800.897 800.922 800.864 800.874 800.872 800.859 800.843 800.867 800.814 800.85 800.81 800.791 800.759 800.786 800.734 800.783 800.692 800.749 800.657 800.701 800.662 800.59 800.569 800.326 799.735 
802.281 801.008 801.068 801.123 801.072 801.086 801.064 801.055 801.079 801.022 801.031 801.031 801.018 801.002 801.026 800.975 801.009 800.97 800.947 800.918 800.942 800.892 800.942 800.85 800.906 800.813 800.858 800.818 800.746 800.723 800.478 799.88 
802.453 801.162 801.224 801.279 801.229 801.244 801.22 801.212 801.235 801.178 801.186 801.188 801.175 801.16 801.183 801.133 801.166 801.127 801.102 801.075 801.097 801.049 801.098 801.006 801.062 800.968 801.013 800.972 800.901 800.876 800.628 800.025 
802.622 801.314 801.379 801.433 801.384 801.4 801.375 801.367 801.389 801.331 801.34 801.344 801.33 801.316 801.338 801.289 801.322 801.282 801.256 801.23 801.25 801.203 801.253 801.16 801.216 801.121 801.167 801.123 801.054 801.027 800.776 800.169 
802.789 801.464 801.531 801.586 801.537 801.552 801.528 801.52 801.541 801.482 801.492 801.498 801.483 801.469 801.491 801.443 801.475 801.434 801.408 801.384 801.402 801.356 801.407 801.312 801.369 801.272 801.319 801.272 801.206 801.177 800.922 800.31 
802.953 801.613 801.682 801.736 801.687 801.702 801.679 801.671 801.691 801.63 801.642 801.651 801.633 801.621 801.64 801.595 801.626 801.583 801.557 801.535 801.552 801.507 801.558 801.462 801.519 801.421 801.469 801.418 801.355 801.324 801.066 800.449 
803.115 801.759 801.83 801.884 801.836 801.85 801.829 801.82 801.84 801.777 801.79 801.8 801.78 801.77 801.788 801.743 801.775 801.73 801.704 801.683 801.7 801.656 801.707 801.611 801.667 801.569 801.616 801.563 801.502 801.471 801.208 800.586 
803.275 801.903 801.976 802.029 801.982 801.995 801.977 801.966 801.987 801.922 801.937 801.947 801.925 801.917 801.932 801.889 801.921 801.874 801.85 801.83 801.846 801.803 801.853 801.757 801.813 801.714 801.76 801.706 801.646 801.614 801.348 800.721 
803.432 802.045 802.119 802.172 802.126 802.139 802.121 802.11 802.131 802.066 802.081 802.091 802.068 802.061 802.074 802.033 802.065 802.015 801.992 801.973 801.99 801.948 801.996 801.901 801.956 801.858 801.901 801.846 801.787 801.756 801.486 800.852 
803.586 802.183 802.259 802.311 802.268 802.279 802.262 802.251 802.272 802.207 802.222 802.232 802.208 802.203 802.213 802.173 802.206 802.155 802.133 802.113 802.131 802.091 802.137 802.042 802.096 801.999 802.04 801.983 801.925 801.895 801.622 800.981 
803.736 802.319 802.397 802.448 802.407 802.417 802.401 802.39 802.411 802.345 802.36 802.371 802.346 802.342 802.35 802.31 802.345 802.292 802.27 802.249 802.268 802.23 802.274 802.18 802.233 802.137 802.175 802.117 802.06 802.032 801.756 801.107 
803.882 802.452 802.531 802.583 802.543 802.553 802.536 802.526 802.547 802.481 802.496 802.507 802.482 802.478 802.483 802.443 802.48 802.426 802.405 802.383 802.402 802.366 802.409 802.315 802.368 802.273 802.308 802.248 802.193 802.165 801.886 801.23 
804.024 802.581 802.661 802.715 802.676 802.685 802.668 802.659 802.68 802.613 802.629 802.64 802.614 802.611 802.613 802.574 802.613 802.558 802.537 802.513 802.533 802.498 802.542 802.447 802.499 802.405 802.438 802.378 802.323 802.296 802.012 801.35 
804.163 802.708 802.788 802.844 802.805 802.815 802.796 802.789 802.811 802.742 802.758 802.769 802.744 802.74 802.74 802.702 802.742 802.686 802.665 802.641 802.66 802.627 802.671 802.575 802.628 802.534 802.564 802.505 802.45 802.423 802.136 801.466 
804.298 802.832 802.912 802.97 802.932 802.941 802.922 802.915 802.938 802.869 802.884 802.896 802.87 802.865 802.864 802.827 802.868 802.811 802.789 802.765 802.784 802.752 802.798 802.701 802.753 802.66 802.688 802.63 802.573 802.547 802.256 801.58 
804.429 802.953 803.033 803.092 803.054 803.063 803.044 803.038 803.062 802.991 803.006 803.018 802.993 802.986 802.985 802.949 802.989 802.933 802.91 802.886 802.904 802.874 802.921 802.822 802.876 802.784 802.808 802.751 802.693 802.667 802.373 801.691 
804.556 803.069 803.15 803.211 803.173 803.182 803.163 803.156 803.181 803.111 803.125 803.138 803.113 803.104 803.103 803.068 803.107 803.051 803.026 803.003 803.023 802.993 803.04 802.941 802.995 802.904 802.925 802.87 802.81 802.784 802.487 801.798 
804.679 803.181 803.264 803.326 803.288 803.298 803.278 803.27 803.296 803.227 803.24 803.253 803.229 803.219 803.217 803.184 803.221 803.166 803.14 803.117 803.137 803.109 803.155 803.055 803.111 803.02 803.039 802.986 802.922 802.896 802.597 801.903 
804.797 803.288 803.374 803.437 803.399 803.409 803.389 803.38 803.407 803.339 803.351 803.365 803.342 803.33 803.327 803.296 803.332 803.277 803.25 803.227 803.248 803.221 803.267 803.165 803.224 803.133 803.149 803.098 803.031 803.006 802.704 802.004 
804.91 803.392 803.48 803.543 803.506 803.515 803.497 803.486 803.513 803.447 803.459 803.473 803.451 803.436 803.433 803.404 803.439 803.384 803.357 803.334 803.356 803.33 803.375 803.272 803.333 803.241 803.256 803.206 803.137 803.111 802.808 802.102 
805.019 803.492 803.583 803.646 803.609 803.618 803.6 803.589 803.615 803.551 803.562 803.578 803.556 803.54 803.536 803.509 803.543 803.488 803.461 803.436 803.459 803.435 803.479 803.374 803.438 803.345 803.359 803.31 803.24 803.214 802.908 802.196 
805.123 803.589 803.682 803.744 803.708 803.717 803.7 803.688 803.713 803.652 803.662 803.678 803.657 803.639 803.636 803.61 803.644 803.587 803.561 803.534 803.559 803.537 803.579 803.473 803.539 803.445 803.458 803.411 803.34 803.313 803.005 802.288 
805.223 803.682 803.778 803.838 803.803 803.813 803.797 803.784 803.808 803.749 803.759 803.776 803.754 803.735 803.733 803.708 803.741 803.682 803.659 803.629 803.656 803.635 803.676 803.569 803.636 803.542 803.554 803.508 803.437 803.409 803.098 802.376 
805.319 803.774 803.871 803.93 803.895 803.905 803.89 803.878 803.901 803.843 803.853 803.87 803.848 803.827 803.827 803.803 803.836 803.774 803.753 803.721 803.75 803.73 803.77 803.662 803.73 803.635 803.647 803.602 803.533 803.503 803.188 802.461 
