0 0 0 0 0 0 0 0 0 0 0 0 0 0 0 0 0 0 0 0 0 0 0 0 0 0 0 0 0 0 0 0 
-0.00536947 -0.0118568 -0.0118179 -0.0118378 -0.011837 -0.011837 -0.0118179 -0.0118568 -0.0118378 -0.011837 -0.011837 -0.0118378 -0.0118179 -0.0118568 -0.011837 -0.0118568 -0.011837 -0.0118568 -0.0118179 -0.011837 -0.011837 -0.0118378 -0.0118568 -0.011837 -0.011837 -0.0118378 -0.0118568 -0.011837 -0.0118378 -0.011837 -0.011837 -0.00550709 
-0.010444 -0.0230915 -0.0230137 -0.0230534 -0.0230519 -0.0230519 -0.0230137 -0.0230916 -0.0230534 -0.0230519 -0.0230519 -0.0230534 -0.0230137 -0.0230916 -0.0230519 -0.0230916 -0.0230519 -0.0230916 -0.0230137 -0.0230519 -0.0230519 -0.0230534 -0.0230916 -0.0230519 -0.0230519 -0.0230534 -0.0230916 -0.0230519 -0.0230534 -0.0230519 -0.0230519 -0.0107385 
-0.0155208 -0.0343264 -0.0342097 -0.0342692 -0.0342669 -0.0342669 -0.0342097 -0.0343265 -0.0342692 -0.0342669 -0.0342669 -0.0342692 -0.0342097 -0.0343265 -0.0342669 -0.0343264 -0.0342669 -0.0343264 -0.0342097 -0.0342669 -0.0342669 -0.0342692 -0.0343264 -0.0342669 -0.0342669 -0.0342692 -0.0343264 -0.0342669 -0.0342692 -0.0342669 -0.0342669 -0.0159678 
-0.0205963 -0.0455605 -0.0454048 -0.0454842 -0.0454812 -0.0454812 -0.0454049 -0.0455605 -0.0454843 -0.0454812 -0.0454812 -0.0454843 -0.0454049 -0.0455606 -0.0454812 -0.0455605 -0.0454812 -0.0455605 -0.0454049 -0.0454812 -0.0454812 -0.0454842 -0.0455605 -0.0454812 -0.0454812 -0.0454842 -0.0455605 -0.0454812 -0.0454842 -0.0454811 -0.0454811 -0.0211977 
-0.0256696 -0.056789 -0.0565945 -0.0566938 -0.0566899 -0.0566899 -0.0565946 -0.0567891 -0.0566938 -0.0566899 -0.0566899 -0.0566938 -0.0565946 -0.0567892 -0.0566899 -0.0567891 -0.05669 -0.0567891 -0.0565945 -0.05669 -0.0566899 -0.0566938 -0.0567891 -0.0566899 -0.0566899 -0.0566937 -0.0567891 -0.0566899 -0.0566937 -0.0566899 -0.0566898 -0.0264247 
-0.0307457 -0.0680217 -0.0677882 -0.0679073 -0.0679027 -0.0679027 -0.0677883 -0.0680218 -0.0679074 -0.0679027 -0.0679027 -0.0679074 -0.0677883 -0.0680219 -0.0679027 -0.0680218 -0.0679027 -0.0680217 -0.0677882 -0.0679027 -0.0679027 -0.0679073 -0.0680218 -0.0679027 -0.0679027 -0.0679073 -0.0680218 -0.0679027 -0.0679073 -0.0679026 -0.0679026 -0.0316527 
-0.0358227 -0.0792556 -0.0789832 -0.0791223 -0.0791169 -0.0791169 -0.0789834 -0.0792558 -0.0791223 -0.0791169 -0.0791169 -0.0791224 -0.0789834 -0.0792559 -0.0791169 -0.0792558 -0.0791169 -0.0792557 -0.0789833 -0.0791169 -0.0791169 -0.0791222 -0.0792558 -0.0791169 -0.0791168 -0.0791222 -0.0792558 -0.0791168 -0.0791222 -0.0791167 -0.0791167 -0.036881 
-0.0408999 -0.0904912 -0.0901798 -0.0903387 -0.0903326 -0.0903326 -0.09018 -0.0904913 -0.0903388 -0.0903326 -0.0903327 -0.0903388 -0.09018 -0.0904915 -0.0903326 -0.0904913 -0.0903326 -0.0904912 -0.09018 -0.0903326 -0.0903326 -0.0903387 -0.0904913 -0.0903325 -0.0903325 -0.0903387 -0.0904913 -0.0903325 -0.0903386 -0.0903324 -0.0903323 -0.0421105 
-0.0459753 -0.101725 -0.101375 -0.101554 -0.101547 -0.101547 -0.101375 -0.101725 -0.101554 -0.101547 -0.101547 -0.101554 -0.101375 -0.101726 -0.101547 -0.101725 -0.101547 -0.101725 -0.101375 -0.101547 -0.101547 -0.101554 -0.101725 -0.101547 -0.101547 -0.101554 -0.101725 -0.101547 -0.101554 -0.101547 -0.101546 -0.0473405 
-0.0510517 -0.112959 -0.11257 -0.112768 -0.112761 -0.112761 -0.11257 -0.112959 -0.112768 -0.112761 -0.112761 -0.112768 -0.11257 -0.112959 -0.112761 -0.112959 -0.112761 -0.112959 -0.11257 -0.112761 -0.112761 -0.112768 -0.112959 -0.112761 -0.112761 -0.112768 -0.112959 -0.112761 -0.112768 -0.11276 -0.11276 -0.0525691 
-0.0561255 -0.124189 -0.123761 -0.12398 -0.123971 -0.123971 -0.123761 -0.124189 -0.12398 -0.123971 -0.123971 -0.12398 -0.123761 -0.12419 -0.123971 -0.124189 -0.123971 -0.124189 -0.123761 -0.123971 -0.123971 -0.123979 -0.124189 -0.123971 -0.123971 -0.123979 -0.124189 -0.123971 -0.123979 -0.123971 -0.12397 -0.0577972 
-0.0612013 -0.135421 -0.134954 -0.135193 -0.135183 -0.135184 -0.134954 -0.135422 -0.135193 -0.135183 -0.135184 -0.135193 -0.134954 -0.135422 -0.135183 -0.135421 -0.135183 -0.135421 -0.134954 -0.135183 -0.135183 -0.135193 -0.135422 -0.135183 -0.135183 -0.135193 -0.135421 -0.135183 -0.135192 -0.135183 -0.135183 -0.063025 
-0.0662776 -0.146656 -0.14615 -0.146408 -0.146398 -0.146398 -0.14615 -0.146656 -0.146408 -0.146398 -0.146398 -0.146408 -0.14615 -0.146656 -0.146398 -0.146656 -0.146398 -0.146656 -0.14615 -0.146398 -0.146398 -0.146408 -0.146656 -0.146398 -0.146398 -0.146408 -0.146656 -0.146398 -0.146408 -0.146398 -0.146397 -0.0682545 
-0.0713511 -0.157889 -0.157344 -0.157622 -0.157612 -0.157612 -0.157344 -0.157889 -0.157623 -0.157611 -0.157612 -0.157622 -0.157345 -0.15789 -0.157612 -0.157889 -0.157612 -0.157889 -0.157344 -0.157612 -0.157611 -0.157622 -0.15789 -0.157611 -0.157611 -0.157622 -0.157889 -0.157611 -0.157622 -0.157611 -0.157611 -0.0734859 
-0.0764264 -0.169123 -0.168539 -0.168837 -0.168825 -0.168826 -0.168539 -0.169123 -0.168837 -0.168825 -0.168825 -0.168837 -0.168539 -0.169123 -0.168825 -0.169123 -0.168825 -0.169123 -0.168539 -0.168825 -0.168825 -0.168837 -0.169123 -0.168825 -0.168825 -0.168837 -0.169123 -0.168825 -0.168836 -0.168825 -0.168824 -0.0787155 
-0.0815077 -0.180359 -0.179737 -0.180055 -0.180043 -0.180043 -0.179737 -0.18036 -0.180055 -0.180042 -0.180042 -0.180055 -0.179737 -0.18036 -0.180042 -0.18036 -0.180042 -0.18036 -0.179737 -0.180042 -0.180042 -0.180054 -0.18036 -0.180042 -0.180042 -0.180054 -0.180359 -0.180042 -0.180054 -0.180042 -0.180041 -0.0839423 
-0.0865837 -0.191595 -0.190934 -0.191271 -0.191258 -0.191258 -0.190934 -0.191596 -0.191272 -0.191258 -0.191258 -0.191271 -0.190934 -0.191596 -0.191258 -0.191595 -0.191258 -0.191596 -0.190934 -0.191258 -0.191258 -0.191271 -0.191596 -0.191258 -0.191258 -0.191271 -0.191595 -0.191258 -0.191271 -0.191257 -0.191256 -0.0891731 
-0.0916605 -0.20283 -0.202129 -0.202487 -0.202473 -0.202474 -0.20213 -0.20283 -0.202487 -0.202473 -0.202473 -0.202487 -0.20213 -0.202831 -0.202473 -0.20283 -0.202473 -0.20283 -0.20213 -0.202473 -0.202473 -0.202487 -0.20283 -0.202473 -0.202473 -0.202487 -0.20283 -0.202472 -0.202486 -0.202472 -0.202471 -0.0944025 
-0.0967369 -0.214068 -0.213329 -0.213706 -0.213692 -0.213692 -0.213329 -0.214069 -0.213707 -0.213691 -0.213692 -0.213706 -0.213329 -0.214069 -0.213691 -0.214068 -0.213692 -0.214069 -0.213329 -0.213691 -0.213691 -0.213706 -0.214069 -0.213691 -0.213691 -0.213706 -0.214068 -0.213691 -0.213705 -0.21369 -0.213689 -0.0996354 
-0.101814 -0.225305 -0.224527 -0.224924 -0.224909 -0.224909 -0.224527 -0.225306 -0.224925 -0.224908 -0.224909 -0.224924 -0.224527 -0.225306 -0.224909 -0.225305 -0.224909 -0.225306 -0.224527 -0.224909 -0.224908 -0.224924 -0.225306 -0.224908 -0.224908 -0.224924 -0.225305 -0.224908 -0.224923 -0.224907 -0.224906 -0.104866 
-0.106893 -0.236544 -0.235727 -0.236145 -0.236129 -0.236128 -0.235727 -0.236545 -0.236145 -0.236128 -0.236128 -0.236145 -0.235727 -0.236545 -0.236128 -0.236545 -0.236128 -0.236545 -0.235727 -0.236128 -0.236128 -0.236144 -0.236545 -0.236127 -0.236127 -0.236144 -0.236544 -0.236127 -0.236143 -0.236127 -0.236125 -0.110097 
-0.111974 -0.247781 -0.246925 -0.247363 -0.247346 -0.247346 -0.246926 -0.247782 -0.247363 -0.247345 -0.247346 -0.247363 -0.246926 -0.247783 -0.247346 -0.247782 -0.247346 -0.247782 -0.246925 -0.247345 -0.247345 -0.247362 -0.247782 -0.247345 -0.247345 -0.247362 -0.247781 -0.247344 -0.247362 -0.247344 -0.247343 -0.115326 
-0.117054 -0.259024 -0.258129 -0.258586 -0.258569 -0.258568 -0.258129 -0.259025 -0.258586 -0.258568 -0.258568 -0.258586 -0.258129 -0.259025 -0.258568 -0.259024 -0.258568 -0.259025 -0.258129 -0.258568 -0.258567 -0.258585 -0.259024 -0.258567 -0.258567 -0.258585 -0.259023 -0.258567 -0.258585 -0.258566 -0.258565 -0.120558 
-0.122134 -0.270264 -0.26933 -0.269807 -0.269789 -0.269789 -0.269331 -0.270265 -0.269808 -0.269788 -0.269789 -0.269807 -0.26933 -0.270265 -0.269788 -0.270265 -0.269788 -0.270265 -0.26933 -0.269788 -0.269788 -0.269806 -0.270265 -0.269787 -0.269788 -0.269806 -0.270264 -0.269787 -0.269806 -0.269787 -0.269785 -0.125789 
-0.127212 -0.281502 -0.280529 -0.281026 -0.281007 -0.281007 -0.28053 -0.281503 -0.281027 -0.281006 -0.281007 -0.281026 -0.28053 -0.281503 -0.281007 -0.281503 -0.281007 -0.281503 -0.280529 -0.281006 -0.281006 -0.281025 -0.281503 -0.281005 -0.281006 -0.281025 -0.281502 -0.281005 -0.281024 -0.281005 -0.281003 -0.131021 
-0.132292 -0.292744 -0.291733 -0.29225 -0.29223 -0.29223 -0.291733 -0.292746 -0.29225 -0.292229 -0.29223 -0.29225 -0.291733 -0.292746 -0.292229 -0.292745 -0.292229 -0.292745 -0.291733 -0.292229 -0.292229 -0.292248 -0.292745 -0.292228 -0.292228 -0.292249 -0.292744 -0.292227 -0.292248 -0.292227 -0.292225 -0.136254 
-0.137374 -0.303988 -0.302938 -0.303475 -0.303454 -0.303454 -0.302938 -0.30399 -0.303475 -0.303453 -0.303454 -0.303475 -0.302938 -0.30399 -0.303453 -0.303989 -0.303453 -0.303989 -0.302938 -0.303453 -0.303453 -0.303473 -0.303989 -0.303452 -0.303452 -0.303473 -0.303988 -0.303451 -0.303472 -0.303451 -0.303449 -0.141487 
-0.142455 -0.315234 -0.314145 -0.314701 -0.31468 -0.314679 -0.314145 -0.315235 -0.314701 -0.314679 -0.31468 -0.314701 -0.314144 -0.315235 -0.314679 -0.315235 -0.314679 -0.315235 -0.314144 -0.314679 -0.314678 -0.314699 -0.315235 -0.314677 -0.314678 -0.3147 -0.315233 -0.314677 -0.314699 -0.314676 -0.314674 -0.146722 
-0.147534 -0.326477 -0.325349 -0.325926 -0.325904 -0.325903 -0.32535 -0.326479 -0.325926 -0.325903 -0.325903 -0.325926 -0.325349 -0.326479 -0.325903 -0.326478 -0.325903 -0.326478 -0.325349 -0.325902 -0.325902 -0.325924 -0.326478 -0.325901 -0.325901 -0.325924 -0.326477 -0.3259 -0.325923 -0.3259 -0.325897 -0.151956 
-0.152615 -0.337718 -0.336552 -0.337148 -0.337125 -0.337125 -0.336552 -0.33772 -0.337148 -0.337124 -0.337125 -0.337148 -0.336551 -0.33772 -0.337124 -0.337719 -0.337124 -0.33772 -0.336551 -0.337124 -0.337123 -0.337146 -0.337719 -0.337122 -0.337123 -0.337146 -0.337718 -0.337121 -0.337145 -0.337121 -0.337118 -0.157188 
-0.157695 -0.348961 -0.347756 -0.348372 -0.348348 -0.348348 -0.347756 -0.348963 -0.348372 -0.348347 -0.348348 -0.348372 -0.347755 -0.348963 -0.348347 -0.348962 -0.348347 -0.348962 -0.347754 -0.348346 -0.348346 -0.34837 -0.348962 -0.348345 -0.348346 -0.34837 -0.34896 -0.348344 -0.348368 -0.348344 -0.34834 -0.162422 
-0.162776 -0.36021 -0.358965 -0.359601 -0.359577 -0.359577 -0.358966 -0.360212 -0.359601 -0.359576 -0.359577 -0.359601 -0.358965 -0.360211 -0.359576 -0.360211 -0.359576 -0.360211 -0.358964 -0.359575 -0.359575 -0.359599 -0.36021 -0.359574 -0.359574 -0.359599 -0.360209 -0.359573 -0.359598 -0.359572 -0.359569 -0.167659 
-0.167856 -0.371452 -0.370168 -0.370824 -0.370799 -0.370799 -0.370169 -0.371454 -0.370824 -0.370798 -0.370799 -0.370824 -0.370168 -0.371453 -0.370798 -0.371453 -0.370798 -0.371453 -0.370167 -0.370797 -0.370797 -0.370822 -0.371452 -0.370796 -0.370796 -0.370822 -0.371451 -0.370795 -0.37082 -0.370794 -0.37079 -0.172892 
-0.172938 -0.382697 -0.381375 -0.382051 -0.382025 -0.382025 -0.381376 -0.3827 -0.382051 -0.382024 -0.382025 -0.382051 -0.381375 -0.382699 -0.382024 -0.382699 -0.382024 -0.382699 -0.381374 -0.382023 -0.382023 -0.382049 -0.382698 -0.382022 -0.382022 -0.382049 -0.382696 -0.382021 -0.382047 -0.38202 -0.382016 -0.178127 
-0.178017 -0.39394 -0.392579 -0.393275 -0.393248 -0.393248 -0.39258 -0.393943 -0.393275 -0.393247 -0.393248 -0.393275 -0.392579 -0.393942 -0.393247 -0.393941 -0.393246 -0.393942 -0.392578 -0.393246 -0.393246 -0.393272 -0.393941 -0.393244 -0.393245 -0.393272 -0.393939 -0.393243 -0.39327 -0.393242 -0.393238 -0.183361 
-0.183097 -0.405185 -0.403785 -0.404501 -0.404473 -0.404473 -0.403786 -0.405188 -0.404501 -0.404472 -0.404473 -0.404501 -0.403785 -0.405187 -0.404472 -0.405186 -0.404471 -0.405187 -0.403784 -0.404471 -0.404471 -0.404498 -0.405186 -0.404469 -0.40447 -0.404498 -0.405184 -0.404468 -0.404496 -0.404467 -0.404462 -0.188596 
-0.188179 -0.416429 -0.414991 -0.415727 -0.415698 -0.415698 -0.414991 -0.416433 -0.415727 -0.415697 -0.415698 -0.415726 -0.414991 -0.416432 -0.415697 -0.416431 -0.415696 -0.416431 -0.414989 -0.415696 -0.415695 -0.415723 -0.41643 -0.415694 -0.415695 -0.415723 -0.416428 -0.415693 -0.415721 -0.415691 -0.415687 -0.19383 
-0.193263 -0.427676 -0.426199 -0.426954 -0.426925 -0.426925 -0.426199 -0.427679 -0.426954 -0.426924 -0.426925 -0.426954 -0.426198 -0.427678 -0.426924 -0.427677 -0.426923 -0.427678 -0.426197 -0.426923 -0.426922 -0.426951 -0.427677 -0.426921 -0.426921 -0.426951 -0.427675 -0.426919 -0.426949 -0.426918 -0.426913 -0.199063 
-0.198346 -0.438924 -0.437408 -0.438183 -0.438153 -0.438153 -0.437408 -0.438927 -0.438183 -0.438152 -0.438153 -0.438183 -0.437407 -0.438926 -0.438152 -0.438925 -0.438151 -0.438926 -0.437406 -0.438151 -0.43815 -0.438179 -0.438925 -0.438149 -0.438149 -0.438179 -0.438922 -0.438147 -0.438178 -0.438145 -0.43814 -0.204299 
-0.203429 -0.450169 -0.448614 -0.44941 -0.449379 -0.449378 -0.448615 -0.450173 -0.44941 -0.449378 -0.449379 -0.449409 -0.448614 -0.450172 -0.449377 -0.450171 -0.449376 -0.450171 -0.448613 -0.449376 -0.449375 -0.449406 -0.45017 -0.449374 -0.449374 -0.449406 -0.450168 -0.449373 -0.449404 -0.44937 -0.449365 -0.209531 
-0.208511 -0.461412 -0.459819 -0.460635 -0.460602 -0.460602 -0.45982 -0.461417 -0.460635 -0.460602 -0.460603 -0.460634 -0.459819 -0.461416 -0.460601 -0.461414 -0.4606 -0.461415 -0.459817 -0.4606 -0.460599 -0.46063 -0.461414 -0.460598 -0.460598 -0.46063 -0.461411 -0.460596 -0.460629 -0.460594 -0.460588 -0.214764 
-0.213594 -0.472658 -0.471026 -0.471862 -0.471829 -0.471829 -0.471027 -0.472663 -0.471862 -0.471828 -0.471829 -0.471861 -0.471026 -0.472662 -0.471827 -0.47266 -0.471826 -0.472661 -0.471024 -0.471826 -0.471825 -0.471857 -0.47266 -0.471824 -0.471824 -0.471857 -0.472657 -0.471822 -0.471855 -0.47182 -0.471814 -0.219998 
-0.218677 -0.483906 -0.482235 -0.483091 -0.483056 -0.483057 -0.482236 -0.483911 -0.48309 -0.483056 -0.483057 -0.48309 -0.482235 -0.48391 -0.483055 -0.483908 -0.483054 -0.483909 -0.482233 -0.483054 -0.483053 -0.483086 -0.483907 -0.483052 -0.483052 -0.483086 -0.483905 -0.48305 -0.483084 -0.483047 -0.483041 -0.225233 
-0.223759 -0.495153 -0.493443 -0.494319 -0.494284 -0.494284 -0.493444 -0.495158 -0.494319 -0.494283 -0.494284 -0.494318 -0.493443 -0.495157 -0.494283 -0.495155 -0.494282 -0.495157 -0.493441 -0.494281 -0.494281 -0.494314 -0.495155 -0.494279 -0.494279 -0.494314 -0.495152 -0.494277 -0.494312 -0.494274 -0.494267 -0.230469 
-0.228841 -0.506402 -0.504654 -0.50555 -0.505513 -0.505514 -0.504655 -0.506408 -0.505549 -0.505513 -0.505514 -0.505548 -0.504654 -0.506406 -0.505512 -0.506405 -0.505511 -0.506406 -0.504652 -0.505511 -0.50551 -0.505544 -0.506404 -0.505509 -0.505508 -0.505544 -0.506401 -0.505506 -0.505542 -0.505503 -0.505496 -0.235707 
-0.233923 -0.517651 -0.515864 -0.51678 -0.516743 -0.516743 -0.515865 -0.517657 -0.516779 -0.516742 -0.516743 -0.516778 -0.515864 -0.517656 -0.516741 -0.517654 -0.51674 -0.517655 -0.515862 -0.51674 -0.516739 -0.516774 -0.517653 -0.516738 -0.516737 -0.516774 -0.51765 -0.516734 -0.516771 -0.516732 -0.516725 -0.240944 
-0.239007 -0.5289 -0.527073 -0.528009 -0.527971 -0.527972 -0.527074 -0.528906 -0.528008 -0.527971 -0.527972 -0.528008 -0.527073 -0.528904 -0.52797 -0.528902 -0.527969 -0.528904 -0.527071 -0.527969 -0.527968 -0.528003 -0.528901 -0.527967 -0.527966 -0.528003 -0.528898 -0.527963 -0.528001 -0.52796 -0.527952 -0.246179 
-0.244089 -0.540153 -0.538287 -0.539244 -0.539205 -0.539205 -0.538289 -0.540159 -0.539243 -0.539204 -0.539205 -0.539242 -0.538288 -0.540158 -0.539203 -0.540156 -0.539202 -0.540157 -0.538285 -0.539202 -0.539201 -0.539237 -0.540154 -0.5392 -0.539199 -0.539237 -0.540152 -0.539196 -0.539234 -0.539193 -0.539185 -0.251421 
-0.249173 -0.551405 -0.549501 -0.550477 -0.550438 -0.550438 -0.549502 -0.551412 -0.550476 -0.550437 -0.550438 -0.550475 -0.549501 -0.55141 -0.550436 -0.551408 -0.550435 -0.55141 -0.549499 -0.550435 -0.550434 -0.55047 -0.551407 -0.550433 -0.550431 -0.55047 -0.551404 -0.550428 -0.550467 -0.550425 -0.550417 -0.256659 
-0.254257 -0.562651 -0.560707 -0.561704 -0.561664 -0.561664 -0.560709 -0.562658 -0.561703 -0.561663 -0.561664 -0.561702 -0.560708 -0.562656 -0.561662 -0.562654 -0.561661 -0.562656 -0.560705 -0.561661 -0.561659 -0.561697 -0.562652 -0.561659 -0.561657 -0.561697 -0.562649 -0.561654 -0.561694 -0.56165 -0.561642 -0.261891 
-0.259342 -0.573903 -0.571921 -0.572937 -0.572896 -0.572896 -0.571923 -0.573911 -0.572936 -0.572896 -0.572896 -0.572935 -0.571921 -0.573908 -0.572894 -0.573906 -0.572893 -0.573908 -0.571918 -0.572893 -0.572892 -0.57293 -0.573904 -0.572891 -0.572889 -0.57293 -0.573901 -0.572886 -0.572927 -0.572882 -0.572873 -0.267129 
-0.264425 -0.585154 -0.583133 -0.584169 -0.584128 -0.584128 -0.583135 -0.585162 -0.584168 -0.584127 -0.584128 -0.584167 -0.583133 -0.585159 -0.584125 -0.585157 -0.584124 -0.585159 -0.583131 -0.584124 -0.584123 -0.584162 -0.585155 -0.584122 -0.58412 -0.584162 -0.585152 -0.584117 -0.584159 -0.584113 -0.584104 -0.272367 
-0.269513 -0.59641 -0.59435 -0.595407 -0.595364 -0.595364 -0.594352 -0.596418 -0.595405 -0.595363 -0.595364 -0.595404 -0.594351 -0.596415 -0.595362 -0.596413 -0.595361 -0.596415 -0.594348 -0.595361 -0.595359 -0.595399 -0.596411 -0.595359 -0.595356 -0.595399 -0.596408 -0.595353 -0.595395 -0.595348 -0.595339 -0.277605 
-0.274599 -0.607666 -0.605567 -0.606643 -0.6066 -0.6066 -0.605569 -0.607674 -0.606641 -0.606599 -0.6066 -0.606641 -0.605567 -0.607671 -0.606597 -0.607669 -0.606596 -0.607671 -0.605564 -0.606596 -0.606595 -0.606635 -0.607667 -0.606594 -0.606592 -0.606635 -0.607664 -0.606588 -0.606632 -0.606584 -0.606574 -0.282844 
-0.279684 -0.618916 -0.616778 -0.617875 -0.617831 -0.617831 -0.616781 -0.618924 -0.617873 -0.61783 -0.617831 -0.617872 -0.616778 -0.618921 -0.617828 -0.618919 -0.617827 -0.618921 -0.616776 -0.617827 -0.617825 -0.617866 -0.618917 -0.617825 -0.617822 -0.617866 -0.618914 -0.617818 -0.617863 -0.617814 -0.617803 -0.288081 
-0.284771 -0.63017 -0.627994 -0.62911 -0.629065 -0.629065 -0.627996 -0.630179 -0.629108 -0.629065 -0.629065 -0.629108 -0.627994 -0.630176 -0.629063 -0.630174 -0.629061 -0.630175 -0.627991 -0.629061 -0.62906 -0.629102 -0.630152 -0.629059 -0.629057 -0.629101 -0.630168 -0.629053 -0.629098 -0.629048 -0.629037 -0.293318 
-0.28986 -0.641426 -0.639211 -0.640347 -0.640302 -0.640302 -0.639213 -0.641435 -0.640345 -0.640301 -0.640301 -0.640345 -0.639211 -0.641432 -0.640299 -0.64143 -0.640297 -0.641431 -0.639208 -0.640297 -0.640296 -0.640339 -0.641388 -0.640295 -0.640293 -0.640338 -0.641424 -0.640289 -0.640334 -0.640283 -0.640272 -0.298555 
-0.294948 -0.652684 -0.65043 -0.651586 -0.651539 -0.65154 -0.650432 -0.652692 -0.651584 -0.651539 -0.651539 -0.651583 -0.650429 -0.652689 -0.651537 -0.652688 -0.651535 -0.652689 -0.650427 -0.651535 -0.651534 -0.651577 -0.652626 -0.651533 -0.65153 -0.651576 -0.652681 -0.651526 -0.651572 -0.65152 -0.651509 -0.303794 
-0.300035 -0.66394 -0.661647 -0.662823 -0.662776 -0.662776 -0.661649 -0.663949 -0.662821 -0.662775 -0.662776 -0.66282 -0.661646 -0.663946 -0.662773 -0.663944 -0.662772 -0.663945 -0.661644 -0.662771 -0.66277 -0.662814 -0.663862 -0.662769 -0.662767 -0.662813 -0.663937 -0.662762 -0.662809 -0.662756 -0.662744 -0.309033 
-0.305123 -0.675196 -0.672864 -0.67406 -0.674012 -0.674012 -0.672866 -0.675205 -0.674058 -0.674011 -0.674012 -0.674057 -0.672863 -0.675202 -0.674009 -0.6752 -0.674008 -0.675201 -0.672861 -0.674007 -0.674006 -0.674051 -0.675098 -0.674005 -0.674003 -0.67405 -0.675193 -0.673998 -0.674046 -0.673992 -0.67398 -0.314271 
-0.310209 -0.686448 -0.684078 -0.685294 -0.685244 -0.685245 -0.68408 -0.686457 -0.685292 -0.685244 -0.685245 -0.685291 -0.684077 -0.686454 -0.685242 -0.686453 -0.68524 -0.686454 -0.684074 -0.68524 -0.685239 -0.685285 -0.686331 -0.685238 -0.685235 -0.685283 -0.686445 -0.68523 -0.685279 -0.685224 -0.685211 -0.319509 
-0.315296 -0.697703 -0.695294 -0.696529 -0.696479 -0.69648 -0.695296 -0.697712 -0.696528 -0.696479 -0.696479 -0.696526 -0.695292 -0.697709 -0.696477 -0.697707 -0.696475 -0.697709 -0.69529 -0.696475 -0.696473 -0.69652 -0.697566 -0.696473 -0.696469 -0.696518 -0.6977 -0.696464 -0.696513 -0.696458 -0.696445 -0.324746 
-0.320384 -0.708959 -0.706512 -0.707767 -0.707716 -0.707717 -0.706514 -0.708969 -0.707766 -0.707716 -0.707716 -0.707764 -0.70651 -0.708965 -0.707714 -0.708964 -0.707712 -0.708966 -0.706508 -0.707712 -0.70771 -0.707758 -0.708803 -0.707709 -0.707706 -0.707755 -0.708956 -0.707701 -0.707751 -0.707694 -0.707681 -0.329985 
-0.325469 -0.720215 -0.717728 -0.719004 -0.718952 -0.718953 -0.71773 -0.720224 -0.719003 -0.718952 -0.718952 -0.719001 -0.717727 -0.720221 -0.718949 -0.72022 -0.718948 -0.720221 -0.717724 -0.718948 -0.718946 -0.718994 -0.720039 -0.718945 -0.718941 -0.718992 -0.720212 -0.718936 -0.718987 -0.718929 -0.718916 -0.335226 
-0.330556 -0.73147 -0.728946 -0.730241 -0.730188 -0.730189 -0.728947 -0.73148 -0.73024 -0.730188 -0.730188 -0.730238 -0.728944 -0.731477 -0.730185 -0.731475 -0.730183 -0.731477 -0.728941 -0.730184 -0.730182 -0.730231 -0.731275 -0.730181 -0.730177 -0.730228 -0.731467 -0.730172 -0.730223 -0.730164 -0.730151 -0.340464 
-0.335649 -0.742729 -0.740166 -0.741481 -0.741427 -0.741428 -0.740168 -0.742739 -0.74148 -0.741427 -0.741428 -0.741478 -0.740164 -0.742736 -0.741425 -0.742735 -0.741423 -0.742737 -0.740161 -0.741423 -0.741421 -0.741471 -0.742514 -0.74142 -0.741416 -0.741468 -0.742726 -0.741411 -0.741462 -0.741403 -0.741389 -0.345701 
-0.340736 -0.753987 -0.751385 -0.75272 -0.752666 -0.752666 -0.751387 -0.753997 -0.752719 -0.752665 -0.752665 -0.752716 -0.751383 -0.753994 -0.752663 -0.753992 -0.752661 -0.753994 -0.75138 -0.752661 -0.752659 -0.75271 -0.753752 -0.752658 -0.752653 -0.752707 -0.753984 -0.752648 -0.7527 -0.75264 -0.752626 -0.350941 
-0.345824 -0.765244 -0.762603 -0.763958 -0.763903 -0.763904 -0.762605 -0.765254 -0.763957 -0.763902 -0.763903 -0.763954 -0.7626 -0.765251 -0.7639 -0.765249 -0.763898 -0.765252 -0.762598 -0.763898 -0.763895 -0.763947 -0.764989 -0.763894 -0.76389 -0.763944 -0.765241 -0.763885 -0.763938 -0.763876 -0.763862 -0.356179 
-0.350912 -0.776504 -0.773824 -0.775199 -0.775143 -0.775144 -0.773826 -0.776514 -0.775198 -0.775143 -0.775143 -0.775195 -0.773822 -0.776511 -0.77514 -0.77651 -0.775138 -0.776512 -0.773819 -0.775138 -0.775136 -0.775188 -0.776229 -0.775134 -0.77513 -0.775185 -0.776501 -0.775125 -0.775178 -0.775116 -0.775101 -0.361421 
-0.356 -0.787762 -0.785044 -0.786439 -0.786383 -0.786384 -0.785046 -0.787773 -0.786438 -0.786382 -0.786382 -0.786435 -0.785041 -0.78777 -0.786379 -0.787768 -0.786377 -0.787771 -0.785039 -0.786377 -0.786374 -0.786428 -0.787468 -0.786373 -0.786369 -0.786424 -0.787759 -0.786364 -0.786417 -0.786354 -0.786339 -0.366662 
-0.361091 -0.799023 -0.796266 -0.797681 -0.797624 -0.797625 -0.796268 -0.799034 -0.79768 -0.797623 -0.797623 -0.797677 -0.796263 -0.799031 -0.79762 -0.799029 -0.797618 -0.799032 -0.796261 -0.797618 -0.797615 -0.79767 -0.798709 -0.797614 -0.797609 -0.797666 -0.79902 -0.797605 -0.797659 -0.797594 -0.797579 -0.371902 
-0.366183 -0.810282 -0.807486 -0.808921 -0.808863 -0.808864 -0.807488 -0.810293 -0.80892 -0.808862 -0.808862 -0.808917 -0.807483 -0.81029 -0.808859 -0.810288 -0.808856 -0.810291 -0.807481 -0.808857 -0.808854 -0.80891 -0.809948 -0.808853 -0.808848 -0.808905 -0.810279 -0.808843 -0.808898 -0.808833 -0.808816 -0.377139 
-0.371274 -0.821545 -0.818711 -0.820165 -0.820107 -0.820108 -0.818713 -0.821557 -0.820164 -0.820106 -0.820105 -0.820161 -0.818707 -0.821553 -0.820103 -0.821551 -0.8201 -0.821555 -0.818705 -0.8201 -0.820097 -0.820154 -0.821191 -0.820096 -0.820091 -0.820149 -0.821542 -0.820086 -0.820142 -0.820076 -0.820059 -0.38238 
-0.376365 -0.832806 -0.829933 -0.831408 -0.831349 -0.83135 -0.829935 -0.832818 -0.831407 -0.831348 -0.831347 -0.831404 -0.82993 -0.832815 -0.831344 -0.832812 -0.831341 -0.832816 -0.829927 -0.831342 -0.831338 -0.831396 -0.832432 -0.831337 -0.831333 -0.831391 -0.832803 -0.831327 -0.831383 -0.831316 -0.831299 -0.38762 
-0.381454 -0.844065 -0.841153 -0.842648 -0.842588 -0.842589 -0.841155 -0.844077 -0.842647 -0.842587 -0.842585 -0.842644 -0.841149 -0.844074 -0.842583 -0.844071 -0.84258 -0.844075 -0.841147 -0.84258 -0.842577 -0.842635 -0.843671 -0.842576 -0.842571 -0.842631 -0.844061 -0.842566 -0.842622 -0.842554 -0.842536 -0.39286 
-0.386545 -0.855327 -0.852377 -0.853892 -0.853831 -0.853832 -0.852379 -0.85534 -0.853891 -0.85383 -0.853828 -0.853888 -0.852374 -0.855337 -0.853827 -0.855334 -0.853823 -0.855338 -0.852371 -0.853823 -0.85382 -0.853879 -0.854914 -0.853819 -0.853814 -0.853874 -0.855324 -0.853808 -0.853865 -0.853797 -0.853778 -0.398101 
-0.391637 -0.866591 -0.863602 -0.865137 -0.865075 -0.865077 -0.863604 -0.866605 -0.865136 -0.865074 -0.865073 -0.865133 -0.863599 -0.866601 -0.865071 -0.866598 -0.865068 -0.866602 -0.863596 -0.865067 -0.865064 -0.865123 -0.866158 -0.865063 -0.865058 -0.865119 -0.866587 -0.865052 -0.865109 -0.86504 -0.865021 -0.403342 
-0.396728 -0.877856 -0.874829 -0.876383 -0.876321 -0.876322 -0.87483 -0.877871 -0.876382 -0.87632 -0.876318 -0.876379 -0.874825 -0.877866 -0.876316 -0.877864 -0.876313 -0.877867 -0.874822 -0.876312 -0.876309 -0.876369 -0.877403 -0.876308 -0.876303 -0.876365 -0.877852 -0.876296 -0.876355 -0.876285 -0.876265 -0.408586 
-0.401818 -0.889119 -0.886053 -0.887627 -0.887564 -0.887566 -0.886055 -0.889134 -0.887626 -0.887563 -0.887561 -0.887623 -0.886049 -0.889129 -0.887559 -0.889127 -0.887556 -0.88913 -0.886045 -0.887555 -0.887551 -0.887613 -0.888646 -0.88755 -0.887546 -0.887608 -0.889115 -0.887539 -0.887598 -0.887527 -0.887507 -0.413828 
-0.406909 -0.900379 -0.897274 -0.898868 -0.898804 -0.898807 -0.897276 -0.900394 -0.898868 -0.898804 -0.898801 -0.898864 -0.89727 -0.90039 -0.898799 -0.900387 -0.898796 -0.90039 -0.897266 -0.898795 -0.898791 -0.898853 -0.899885 -0.89879 -0.898786 -0.898849 -0.900374 -0.898778 -0.898838 -0.898766 -0.898746 -0.419067 
-0.411998 -0.911641 -0.908497 -0.910111 -0.910046 -0.910048 -0.908498 -0.911656 -0.91011 -0.910045 -0.910043 -0.910106 -0.908493 -0.911651 -0.910041 -0.911648 -0.910037 -0.911651 -0.908488 -0.910037 -0.910032 -0.910095 -0.911126 -0.910031 -0.910027 -0.91009 -0.911635 -0.910019 -0.910079 -0.910007 -0.909986 -0.424309 
-0.417088 -0.922908 -0.919725 -0.921359 -0.921293 -0.921295 -0.919726 -0.922923 -0.921358 -0.921292 -0.92129 -0.921354 -0.91972 -0.922918 -0.921287 -0.922914 -0.921284 -0.922918 -0.919715 -0.921283 -0.921279 -0.921342 -0.922373 -0.921278 -0.921273 -0.921337 -0.922901 -0.921265 -0.921326 -0.921253 -0.921232 -0.429554 
-0.422177 -0.934167 -0.930946 -0.9326 -0.932533 -0.932535 -0.930947 -0.934182 -0.932599 -0.932532 -0.93253 -0.932594 -0.930941 -0.934177 -0.932527 -0.934174 -0.932524 -0.934177 -0.930936 -0.932523 -0.932518 -0.932583 -0.933612 -0.932517 -0.932512 -0.932577 -0.93416 -0.932504 -0.932566 -0.932491 -0.93247 -0.434794 
-0.427268 -0.94543 -0.94217 -0.943844 -0.943776 -0.943779 -0.942171 -0.945445 -0.943843 -0.943775 -0.943773 -0.943838 -0.942165 -0.94544 -0.94377 -0.945437 -0.943766 -0.945439 -0.942159 -0.943765 -0.943761 -0.943826 -0.944854 -0.943759 -0.943755 -0.943821 -0.945422 -0.943746 -0.943809 -0.943733 -0.943711 -0.440036 
-0.432356 -0.956689 -0.953391 -0.955084 -0.955015 -0.955018 -0.953391 -0.956705 -0.955083 -0.955014 -0.955012 -0.955078 -0.953385 -0.956699 -0.955008 -0.956696 -0.955005 -0.956698 -0.953379 -0.955004 -0.954999 -0.955066 -0.956092 -0.954997 -0.954993 -0.95506 -0.95668 -0.954985 -0.955048 -0.954971 -0.954949 -0.445276 
-0.437444 -0.96795 -0.964612 -0.966326 -0.966256 -0.966259 -0.964613 -0.967965 -0.966325 -0.966255 -0.966253 -0.96632 -0.964606 -0.96796 -0.966249 -0.967956 -0.966246 -0.967958 -0.9646 -0.966244 -0.96624 -0.966307 -0.967332 -0.966237 -0.966233 -0.966301 -0.96794 -0.966225 -0.966288 -0.96621 -0.966188 -0.450518 
-0.442534 -0.97921 -0.975834 -0.977567 -0.977496 -0.977499 -0.975834 -0.979225 -0.977566 -0.977495 -0.977493 -0.977561 -0.975827 -0.97922 -0.977489 -0.979216 -0.977485 -0.979218 -0.975821 -0.977484 -0.977479 -0.977547 -0.978572 -0.977477 -0.977473 -0.977541 -0.979199 -0.977464 -0.977528 -0.977449 -0.977426 -0.455758 
-0.447625 -0.990471 -0.987056 -0.98881 -0.988738 -0.98874 -0.987056 -0.990487 -0.988808 -0.988736 -0.988734 -0.988803 -0.987049 -0.990481 -0.98873 -0.990476 -0.988726 -0.990479 -0.987042 -0.988725 -0.98872 -0.988789 -0.989812 -0.988717 -0.988714 -0.988782 -0.990459 -0.988704 -0.988769 -0.988689 -0.988666 -0.460997 
-0.452715 -1.00173 -0.998279 -1.00005 -0.99998 -0.999982 -0.998279 -1.00175 -1.00005 -0.999978 -0.999976 -1.00005 -0.998272 -1.00174 -0.999971 -1.00174 -0.999968 -1.00174 -0.998264 -0.999966 -0.999961 -1.00003 -1.00105 -0.999959 -0.999955 -1.00002 -1.00172 -0.999945 -1.00001 -0.999929 -0.999906 -0.466238 
-0.457805 -1.01299 -1.0095 -1.01129 -1.01122 -1.01122 -1.0095 -1.01301 -1.01129 -1.01122 -1.01121 -1.01128 -1.00949 -1.013 -1.01121 -1.013 -1.01121 -1.013 -1.00948 -1.0112 -1.0112 -1.01127 -1.01229 -1.0112 -1.01119 -1.01126 -1.01298 -1.01118 -1.01125 -1.01117 -1.01114 -0.471476 
-0.462893 -1.02425 -1.02072 -1.02253 -1.02245 -1.02246 -1.02072 -1.02426 -1.02253 -1.02245 -1.02245 -1.02252 -1.02071 -1.02426 -1.02245 -1.02425 -1.02244 -1.02425 -1.0207 -1.02244 -1.02243 -1.02251 -1.02353 -1.02243 -1.02243 -1.0225 -1.02423 -1.02242 -1.02248 -1.0224 -1.02238 -0.476713 
-0.467982 -1.03551 -1.03194 -1.03377 -1.03369 -1.0337 -1.03193 -1.03552 -1.03377 -1.03369 -1.03369 -1.03376 -1.03193 -1.03551 -1.03368 -1.03551 -1.03368 -1.03551 -1.03192 -1.03368 -1.03367 -1.03374 -1.03476 -1.03367 -1.03367 -1.03374 -1.03549 -1.03365 -1.03372 -1.03364 -1.03361 -0.481951 
-0.47307 -1.04676 -1.04316 -1.04501 -1.04493 -1.04493 -1.04315 -1.04678 -1.04501 -1.04493 -1.04493 -1.045 -1.04315 -1.04677 -1.04492 -1.04677 -1.04492 -1.04677 -1.04314 -1.04492 -1.04491 -1.04498 -1.046 -1.04491 -1.0449 -1.04498 -1.04675 -1.04489 -1.04496 -1.04487 -1.04485 -0.487191 
-0.478157 -1.05802 -1.05437 -1.05625 -1.05617 -1.05617 -1.05437 -1.05804 -1.05624 -1.05617 -1.05616 -1.05624 -1.05436 -1.05803 -1.05616 -1.05802 -1.05615 -1.05803 -1.05436 -1.05615 -1.05615 -1.05622 -1.05724 -1.05614 -1.05614 -1.05621 -1.058 -1.05613 -1.0562 -1.05611 -1.05609 -0.49243 
-0.483244 -1.06928 -1.06559 -1.06749 -1.06741 -1.06741 -1.06559 -1.06929 -1.06748 -1.06741 -1.0674 -1.06748 -1.06558 -1.06929 -1.0674 -1.06928 -1.06739 -1.06928 -1.06557 -1.06739 -1.06738 -1.06746 -1.06848 -1.06738 -1.06738 -1.06745 -1.06926 -1.06737 -1.06743 -1.06735 -1.06732 -0.497671 
-0.488331 -1.08054 -1.07681 -1.07872 -1.07864 -1.07865 -1.07681 -1.08055 -1.07872 -1.07864 -1.07864 -1.07871 -1.0768 -1.08054 -1.07863 -1.08054 -1.07863 -1.08054 -1.07679 -1.07863 -1.07862 -1.0787 -1.07971 -1.07862 -1.07861 -1.07869 -1.08052 -1.0786 -1.07867 -1.07858 -1.07856 -0.502911 
-0.493418 -1.09179 -1.08803 -1.08996 -1.08988 -1.08988 -1.08803 -1.09181 -1.08996 -1.08988 -1.08988 -1.08995 -1.08802 -1.0918 -1.08987 -1.09179 -1.08987 -1.0918 -1.08801 -1.08986 -1.08986 -1.08993 -1.09095 -1.08985 -1.08985 -1.08992 -1.09177 -1.08984 -1.08991 -1.08982 -1.08979 -0.50815 
-0.498503 -1.10305 -1.09925 -1.1012 -1.10112 -1.10112 -1.09925 -1.10307 -1.1012 -1.10112 -1.10112 -1.10119 -1.09924 -1.10306 -1.10111 -1.10305 -1.10111 -1.10306 -1.09923 -1.1011 -1.1011 -1.10117 -1.10219 -1.10109 -1.10109 -1.10116 -1.10303 -1.10108 -1.10115 -1.10106 -1.10103 -0.513394 
-0.503594 -1.11432 -1.11048 -1.11245 -1.11237 -1.11237 -1.11048 -1.11433 -1.11245 -1.11236 -1.11236 -1.11244 -1.11046 -1.11432 -1.11235 -1.11432 -1.11235 -1.11432 -1.11045 -1.11235 -1.11234 -1.11242 -1.11343 -1.11234 -1.11233 -1.11241 -1.1143 -1.11232 -1.11239 -1.1123 -1.11227 -0.518637 
-0.50901 -1.12627 -1.12239 -1.12438 -1.1243 -1.1243 -1.12239 -1.12629 -1.12438 -1.1243 -1.1243 -1.12437 -1.12238 -1.12628 -1.12429 -1.12627 -1.12428 -1.12627 -1.12237 -1.12428 -1.12427 -1.12435 -1.12537 -1.12427 -1.12427 -1.12434 -1.12625 -1.12425 -1.12432 -1.12423 -1.12421 -0.524185 
