0 0 0 0 0 0 0 0 0 0 0 0 0 0 0 0 0 0 0 0 0 0 0 0 0 0 0 0 0 0 0 0 
3.5879e-05 5.34887e-08 1.06979e-07 1.99435e-05 1.06978e-07 1.06979e-07 -1.9783e-05 5.34892e-08 5.34893e-08 1.06979e-07 -1.9783e-05 5.34891e-08 -1.9783e-05 1.99435e-05 0.0434086 0.0622746 1.06978e-07 5.34891e-08 -1.9783e-05 1.06978e-07 1.06978e-07 5.34892e-08 1.99435e-05 1.06978e-07 1.06978e-07 5.34892e-08 1.99435e-05 1.06979e-07 1.99435e-05 1.06978e-07 -1.9783e-05 3.49643e-05 
6.99514e-05 1.06979e-07 2.13959e-07 3.98875e-05 2.13958e-07 2.13959e-07 -3.95665e-05 1.0698e-07 1.0698e-07 2.13959e-07 -3.95665e-05 1.06979e-07 -3.95665e-05 3.98875e-05 0.0881537 0.126346 2.13959e-07 1.06979e-07 -3.95665e-05 2.13959e-07 2.13958e-07 1.0698e-07 3.98875e-05 2.13959e-07 2.13958e-07 1.06979e-07 3.98875e-05 2.13959e-07 3.98875e-05 2.13959e-07 -3.95665e-05 6.80152e-05 
0.000104012 1.60471e-07 3.20942e-07 5.98319e-05 3.20942e-07 3.20943e-07 -5.93505e-05 1.60472e-07 1.60471e-07 3.20943e-07 -5.93505e-05 1.60471e-07 -5.93505e-05 5.98319e-05 0.134474 0.192521 3.20942e-07 1.60471e-07 -5.93504e-05 3.20941e-07 3.20942e-07 1.60471e-07 5.98319e-05 3.20942e-07 3.20941e-07 1.60471e-07 5.98319e-05 3.20942e-07 5.98319e-05 3.20941e-07 -5.93504e-05 0.000101079 
0.000138077 2.13964e-07 4.27928e-07 7.97768e-05 4.27927e-07 4.27929e-07 -7.91349e-05 2.13965e-07 2.13964e-07 4.27928e-07 -7.91349e-05 2.13964e-07 -7.91349e-05 7.97769e-05 0.182676 0.261074 4.27928e-07 2.13964e-07 -7.91349e-05 4.27927e-07 4.27927e-07 2.13964e-07 7.97768e-05 4.27928e-07 4.27926e-07 2.13963e-07 7.97768e-05 4.27928e-07 7.97768e-05 4.27927e-07 -7.91348e-05 0.000134134 
0.000172122 2.67458e-07 5.34916e-07 9.97222e-05 5.34916e-07 5.34917e-07 -9.89198e-05 2.67459e-07 2.67458e-07 5.34917e-07 -9.89198e-05 2.67459e-07 -9.89199e-05 9.97223e-05 0.232976 0.332161 5.34916e-07 2.67458e-07 -9.89198e-05 5.34916e-07 5.34916e-07 2.67459e-07 9.97222e-05 5.34916e-07 5.34915e-07 2.67457e-07 9.97222e-05 5.34916e-07 9.97222e-05 5.34915e-07 -9.89196e-05 0.000167175 
0.000206176 3.20954e-07 6.41906e-07 0.000119668 6.41907e-07 6.41909e-07 -0.000118705 3.20955e-07 3.20954e-07 6.41908e-07 -0.000118705 3.20954e-07 -0.000118705 0.000119668 0.285456 0.405796 6.41907e-07 3.20954e-07 -0.000118705 6.41907e-07 6.41907e-07 3.20955e-07 0.000119668 6.41907e-07 6.41906e-07 3.20953e-07 0.000119668 6.41908e-07 0.000119668 6.41906e-07 -0.000118705 0.000200233 
0.000240231 3.74451e-07 7.489e-07 0.000139615 7.48902e-07 7.48903e-07 -0.000138491 3.74452e-07 3.74451e-07 7.48903e-07 -0.000138491 3.74452e-07 -0.000138491 0.000139615 0.340029 0.481898 7.48901e-07 3.74451e-07 -0.000138491 7.48902e-07 7.48902e-07 3.74452e-07 0.000139615 7.48902e-07 7.489e-07 3.7445e-07 0.000139615 7.48902e-07 0.000139615 7.489e-07 -0.000138491 0.000233296 
0.000274295 4.27949e-07 8.55897e-07 0.000159562 8.559e-07 8.55901e-07 -0.000158278 4.27951e-07 4.2795e-07 8.559e-07 -0.000158278 4.27951e-07 -0.000158278 0.000159562 0.396437 0.560204 8.55899e-07 4.2795e-07 -0.000158278 8.55899e-07 8.559e-07 4.27951e-07 0.000159562 8.559e-07 8.55897e-07 4.27949e-07 0.000159562 8.559e-07 0.000159562 8.55897e-07 -0.000158277 0.000266362 
0.00030836 4.8145e-07 9.62897e-07 0.00017951 9.62901e-07 9.62902e-07 -0.000178065 4.81451e-07 4.81451e-07 9.62901e-07 -0.000178065 4.81451e-07 -0.000178065 0.00017951 0.454486 0.640536 9.629e-07 4.81451e-07 -0.000178065 9.62901e-07 9.62901e-07 4.81451e-07 0.00017951 9.629e-07 9.62898e-07 4.81449e-07 0.00017951 9.629e-07 0.000179509 9.62897e-07 -0.000178065 0.000299416 
0.000342419 5.34952e-07 1.0699e-06 0.000199458 1.06991e-06 1.06991e-06 -0.000197853 5.34954e-07 5.34953e-07 1.0699e-06 -0.000197853 5.34953e-07 -0.000197853 0.000199458 0.514084 0.722756 1.0699e-06 5.34954e-07 -0.000197853 1.0699e-06 1.06991e-06 5.34954e-07 0.000199458 1.06991e-06 1.0699e-06 5.34951e-07 0.000199458 1.0699e-06 0.000199458 1.0699e-06 -0.000197852 0.000332475 
0.000376473 5.88456e-07 1.17691e-06 0.000219407 1.17691e-06 1.17691e-06 -0.000217642 5.88457e-07 5.88457e-07 1.17691e-06 -0.000217642 5.88457e-07 -0.000217642 0.000219407 0.575221 0.806852 1.17691e-06 5.88458e-07 -0.000217642 1.17691e-06 1.17691e-06 5.88457e-07 0.000219407 1.17691e-06 1.17691e-06 5.88455e-07 0.000219407 1.17691e-06 0.000219407 1.17691e-06 -0.000217641 0.000365519 
0.000410526 6.41962e-07 1.28392e-06 0.000239357 1.28393e-06 1.28393e-06 -0.000237431 6.41963e-07 6.41963e-07 1.28392e-06 -0.000237431 6.41963e-07 -0.000237431 0.000239357 0.63793 0.892949 1.28392e-06 6.41964e-07 -0.000237431 1.28392e-06 1.28392e-06 6.41964e-07 0.000239357 1.28392e-06 1.28392e-06 6.41961e-07 0.000239356 1.28392e-06 0.000239356 1.28392e-06 -0.00023743 0.000398573 
0.000444591 6.95469e-07 1.39094e-06 0.000259307 1.39094e-06 1.39094e-06 -0.000257221 6.95471e-07 6.95471e-07 1.39094e-06 -0.000257221 6.95471e-07 -0.000257221 0.000259308 0.702156 0.981274 1.39094e-06 6.95472e-07 -0.000257221 1.39094e-06 1.39094e-06 6.95471e-07 0.000259308 1.39094e-06 1.39094e-06 6.95468e-07 0.000259307 1.39094e-06 0.000259307 1.39093e-06 -0.000257219 0.000431632 
0.000478665 7.48979e-07 1.49796e-06 0.000279259 1.49796e-06 1.49796e-06 -0.000277011 7.48981e-07 7.48981e-07 1.49796e-06 -0.000277012 7.4898e-07 -0.000277011 0.000279259 0.767738 1.07204 1.49796e-06 7.48982e-07 -0.000277011 1.49796e-06 1.49796e-06 7.48981e-07 0.000279259 1.49796e-06 1.49795e-06 7.48978e-07 0.000279258 1.49796e-06 0.000279258 1.49795e-06 -0.00027701 0.000464674 
0.00051273 8.0249e-07 1.60498e-06 0.00029921 1.60498e-06 1.60499e-06 -0.000296803 8.02492e-07 8.02493e-07 1.60498e-06 -0.000296803 8.02492e-07 -0.000296803 0.000299211 0.834426 1.16529 1.60498e-06 8.02493e-07 -0.000296803 1.60498e-06 1.60498e-06 8.02492e-07 0.000299211 1.60498e-06 1.60498e-06 8.0249e-07 0.00029921 1.60498e-06 0.00029921 1.60497e-06 -0.000296801 0.000497726 
0.000546781 8.56003e-07 1.71201e-06 0.000319163 1.71201e-06 1.71201e-06 -0.000316595 8.56006e-07 8.56007e-07 1.71201e-06 -0.000316595 8.56006e-07 -0.000316595 0.000319163 0.902137 1.26074 1.71201e-06 8.56007e-07 -0.000316595 1.71201e-06 1.71201e-06 8.56006e-07 0.000319163 1.71201e-06 1.712e-06 8.56003e-07 0.000319162 1.71201e-06 0.000319162 1.712e-06 -0.000316592 0.000530813 
0.000580854 9.09519e-07 1.81904e-06 0.000339117 1.81904e-06 1.81905e-06 -0.000336388 9.09521e-07 9.09523e-07 1.81904e-06 -0.000336388 9.09522e-07 -0.000336388 0.000339117 0.970904 1.35803 1.81904e-06 9.09523e-07 -0.000336387 1.81904e-06 1.81904e-06 9.09521e-07 0.000339117 1.81904e-06 1.81903e-06 9.09519e-07 0.000339116 1.81904e-06 0.000339116 1.81903e-06 -0.000336385 0.000563869 
0.00061492 9.63036e-07 1.92607e-06 0.000359071 1.92608e-06 1.92608e-06 -0.000356181 9.63039e-07 9.63041e-07 1.92607e-06 -0.000356182 9.6304e-07 -0.000356181 0.000359071 1.04087 1.45688 1.92608e-06 9.6304e-07 -0.000356181 1.92608e-06 1.92607e-06 9.63039e-07 0.000359071 1.92607e-06 1.92607e-06 9.63036e-07 0.00035907 1.92607e-06 0.00035907 1.92607e-06 -0.000356178 0.00059693 
0.000649006 1.01656e-06 2.03311e-06 0.000379026 2.03312e-06 2.03312e-06 -0.000375976 1.01656e-06 1.01656e-06 2.03311e-06 -0.000375976 1.01656e-06 -0.000375976 0.000379026 1.11211 1.55718 2.03311e-06 1.01656e-06 -0.000375975 2.03312e-06 2.03311e-06 1.01656e-06 0.000379026 2.03311e-06 2.03311e-06 1.01656e-06 0.000379024 2.03311e-06 0.000379025 2.0331e-06 -0.000375972 0.000629988 
0.000683083 1.07008e-06 2.14016e-06 0.000398982 2.14016e-06 2.14016e-06 -0.000395771 1.07008e-06 1.07008e-06 2.14016e-06 -0.000395771 1.07008e-06 -0.000395771 0.000398982 1.18464 1.65881 2.14016e-06 1.07008e-06 -0.00039577 2.14016e-06 2.14016e-06 1.07008e-06 0.000398981 2.14015e-06 2.14015e-06 1.07008e-06 0.00039898 2.14015e-06 0.00039898 2.14015e-06 -0.000395767 0.000663051 
0.000717159 1.1236e-06 2.2472e-06 0.000418939 2.24721e-06 2.24721e-06 -0.000415567 1.12361e-06 1.12361e-06 2.2472e-06 -0.000415567 1.12361e-06 -0.000415567 0.000418939 1.25843 1.76158 2.24721e-06 1.12361e-06 -0.000415566 2.24721e-06 2.2472e-06 1.1236e-06 0.000418938 2.2472e-06 2.2472e-06 1.1236e-06 0.000418936 2.2472e-06 0.000418936 2.2472e-06 -0.000415562 0.000696126 
0.00075122 1.17713e-06 2.35426e-06 0.000438896 2.35426e-06 2.35426e-06 -0.000435364 1.17713e-06 1.17714e-06 2.35426e-06 -0.000435364 1.17713e-06 -0.000435364 0.000438896 1.3334 1.86524 2.35426e-06 1.17713e-06 -0.000435363 2.35426e-06 2.35426e-06 1.17713e-06 0.000438895 2.35425e-06 2.35425e-06 1.17713e-06 0.000438894 2.35425e-06 0.000438894 2.35425e-06 -0.000435358 0.000729206 
0.000785307 1.23066e-06 2.46132e-06 0.000458854 2.46132e-06 2.46132e-06 -0.000455162 1.23066e-06 1.23066e-06 2.46131e-06 -0.000455162 1.23066e-06 -0.000455161 0.000458854 1.40939 1.96973 2.46132e-06 1.23066e-06 -0.000455161 2.46131e-06 2.46131e-06 1.23066e-06 0.000458853 2.46131e-06 2.46131e-06 1.23066e-06 0.000458852 2.4613e-06 0.000458852 2.4613e-06 -0.000455156 0.000762289 
0.000819387 1.28419e-06 2.56838e-06 0.000478813 2.56838e-06 2.56838e-06 -0.00047496 1.28419e-06 1.28419e-06 2.56838e-06 -0.000474961 1.28419e-06 -0.00047496 0.000478813 1.48632 2.0752 2.56838e-06 1.28419e-06 -0.000474959 2.56838e-06 2.56837e-06 1.28419e-06 0.000478812 2.56837e-06 2.56837e-06 1.28419e-06 0.000478811 2.56836e-06 0.00047881 2.56836e-06 -0.000474954 0.000795368 
0.00085347 1.33772e-06 2.67544e-06 0.000498773 2.67545e-06 2.67545e-06 -0.000494759 1.33773e-06 1.33773e-06 2.67544e-06 -0.00049476 1.33773e-06 -0.000494759 0.000498773 1.56413 2.1819 2.67544e-06 1.33772e-06 -0.000494758 2.67544e-06 2.67544e-06 1.33772e-06 0.000498772 2.67544e-06 2.67543e-06 1.33772e-06 0.00049877 2.67543e-06 0.00049877 2.67543e-06 -0.000494752 0.00082843 
0.000887559 1.39126e-06 2.78251e-06 0.000518734 2.78252e-06 2.78252e-06 -0.00051456 1.39126e-06 1.39126e-06 2.78251e-06 -0.00051456 1.39126e-06 -0.000514559 0.000518734 1.64276 2.28997 2.78251e-06 1.39126e-06 -0.000514558 2.78251e-06 2.78251e-06 1.39126e-06 0.000518733 2.7825e-06 2.7825e-06 1.39126e-06 0.000518731 2.7825e-06 0.00051873 2.78249e-06 -0.000514552 0.000861512 
0.000921651 1.44479e-06 2.88959e-06 0.000538696 2.8896e-06 2.8896e-06 -0.000534361 1.4448e-06 1.4448e-06 2.88959e-06 -0.000534361 1.4448e-06 -0.00053436 0.000538696 1.72208 2.39932 2.88959e-06 1.4448e-06 -0.000534359 2.88959e-06 2.88958e-06 1.44479e-06 0.000538694 2.88958e-06 2.88958e-06 1.44479e-06 0.000538692 2.88957e-06 0.000538692 2.88957e-06 -0.000534352 0.000894601 
0.000955756 1.49833e-06 2.99667e-06 0.000558658 2.99668e-06 2.99668e-06 -0.000554163 1.49834e-06 1.49834e-06 2.99667e-06 -0.000554163 1.49834e-06 -0.000554162 0.000558658 1.80191 2.50963 2.99667e-06 1.49834e-06 -0.000554161 2.99667e-06 2.99666e-06 1.49833e-06 0.000558657 2.99666e-06 2.99666e-06 1.49833e-06 0.000558654 2.99665e-06 0.000558654 2.99664e-06 -0.000554153 0.000927686 
0.000989858 1.55187e-06 3.10375e-06 0.000578622 3.10376e-06 3.10376e-06 -0.000573965 1.55188e-06 1.55188e-06 3.10375e-06 -0.000573966 1.55188e-06 -0.000573964 0.000578621 1.88211 2.62054 3.10375e-06 1.55188e-06 -0.000573963 3.10375e-06 3.10375e-06 1.55188e-06 0.00057862 3.10374e-06 3.10374e-06 1.55187e-06 0.000578617 3.10373e-06 0.000578617 3.10373e-06 -0.000573955 0.000960764 
0.00102394 1.60542e-06 3.21084e-06 0.000598586 3.21085e-06 3.21085e-06 -0.000593769 1.60543e-06 1.60543e-06 3.21084e-06 -0.000593769 1.60543e-06 -0.000593768 0.000598585 1.96265 2.73181 3.21084e-06 1.60542e-06 -0.000593767 3.21084e-06 3.21084e-06 1.60542e-06 0.000598584 3.21083e-06 3.21083e-06 1.60542e-06 0.000598581 3.21082e-06 0.00059858 3.21081e-06 -0.000593757 0.000993844 
0.00105804 1.65896e-06 3.31794e-06 0.000618551 3.31794e-06 3.31794e-06 -0.000613573 1.65897e-06 1.65898e-06 3.31793e-06 -0.000613574 1.65898e-06 -0.000613572 0.00061855 2.04357 2.84341 3.31793e-06 1.65897e-06 -0.000613571 3.31793e-06 3.31793e-06 1.65897e-06 0.000618549 3.31792e-06 3.31792e-06 1.65896e-06 0.000618546 3.31791e-06 0.000618545 3.3179e-06 -0.000613561 0.00102692 
0.00109216 1.71251e-06 3.42504e-06 0.000638517 3.42504e-06 3.42504e-06 -0.000633378 1.71252e-06 1.71253e-06 3.42503e-06 -0.000633379 1.71252e-06 -0.000633377 0.000638516 2.1249 2.95542 3.42503e-06 1.71252e-06 -0.000633376 3.42503e-06 3.42503e-06 1.71251e-06 0.000638514 3.42502e-06 3.42502e-06 1.71251e-06 0.000638511 3.425e-06 0.00063851 3.425e-06 -0.000633365 0.00106001 
0.00112626 1.76606e-06 3.53214e-06 0.000658483 3.53215e-06 3.53215e-06 -0.000653184 1.76608e-06 1.76608e-06 3.53213e-06 -0.000653185 1.76608e-06 -0.000653183 0.000658482 2.20658 3.06795 3.53213e-06 1.76607e-06 -0.000653181 3.53213e-06 3.53213e-06 1.76606e-06 0.000658481 3.53212e-06 3.53212e-06 1.76606e-06 0.000658477 3.5321e-06 0.000658477 3.5321e-06 -0.00065317 0.00109308 
0.00116036 1.81961e-06 3.63924e-06 0.000678451 3.63925e-06 3.63925e-06 -0.000672991 1.81963e-06 1.81963e-06 3.63924e-06 -0.000672992 1.81963e-06 -0.00067299 0.00067845 2.28845 3.18108 3.63924e-06 1.81962e-06 -0.000672988 3.63924e-06 3.63923e-06 1.81962e-06 0.000678448 3.63922e-06 3.63922e-06 1.81961e-06 0.000678445 3.63921e-06 0.000678444 3.6392e-06 -0.000672976 0.00112617 
0.00119446 1.87317e-06 3.74636e-06 0.00069842 3.74636e-06 3.74636e-06 -0.000692799 1.87319e-06 1.87319e-06 3.74635e-06 -0.0006928 1.87319e-06 -0.000692798 0.000698418 2.37033 3.29484 3.74635e-06 1.87318e-06 -0.000692796 3.74635e-06 3.74634e-06 1.87317e-06 0.000698416 3.74633e-06 3.74633e-06 1.87317e-06 0.000698413 3.74632e-06 0.000698412 3.74631e-06 -0.000692782 0.00115925 
0.00122857 1.92673e-06 3.85347e-06 0.000718389 3.85348e-06 3.85348e-06 -0.000712608 1.92674e-06 1.92674e-06 3.85347e-06 -0.000712609 1.92674e-06 -0.000712606 0.000718387 2.45212 3.40916 3.85346e-06 1.92674e-06 -0.000712604 3.85346e-06 3.85346e-06 1.92673e-06 0.000718385 3.85345e-06 3.85345e-06 1.92673e-06 0.000718381 3.85343e-06 0.000718381 3.85342e-06 -0.00071259 0.00119232 
0.00126267 1.98029e-06 3.96059e-06 0.000738359 3.9606e-06 3.9606e-06 -0.000732417 1.9803e-06 1.98031e-06 3.96059e-06 -0.000732418 1.9803e-06 -0.000732416 0.000738357 2.53367 3.52387 3.96058e-06 1.9803e-06 -0.000732414 3.96058e-06 3.96058e-06 1.98029e-06 0.000738355 3.96057e-06 3.96057e-06 1.98029e-06 0.000738351 3.96055e-06 0.00073835 3.96054e-06 -0.000732398 0.00122541 
0.00129677 2.03385e-06 4.06772e-06 0.000758331 4.06773e-06 4.06773e-06 -0.000752227 2.03387e-06 2.03387e-06 4.06772e-06 -0.000752229 2.03387e-06 -0.000752226 0.000758328 2.61492 3.63881 4.06771e-06 2.03386e-06 -0.000752224 4.06771e-06 4.0677e-06 2.03385e-06 0.000758326 4.06769e-06 4.06769e-06 2.03385e-06 0.000758322 4.06767e-06 0.000758321 4.06766e-06 -0.000752207 0.00125851 
0.00133088 2.08741e-06 4.17485e-06 0.000778303 4.17486e-06 4.17486e-06 -0.000772039 2.08743e-06 2.08743e-06 4.17485e-06 -0.00077204 2.08743e-06 -0.000772037 0.0007783 2.69598 3.75398 4.17484e-06 2.08743e-06 -0.000772035 4.17484e-06 4.17483e-06 2.08741e-06 0.000778297 4.17482e-06 4.17482e-06 2.08741e-06 0.000778293 4.1748e-06 0.000778293 4.17479e-06 -0.000772017 0.0012916 
0.00136497 2.14098e-06 4.28198e-06 0.000798275 4.28199e-06 4.28199e-06 -0.000791851 2.141e-06 2.141e-06 4.28198e-06 -0.000791852 2.141e-06 -0.000791849 0.000798273 2.7771 3.86948 4.28197e-06 2.14099e-06 -0.000791847 4.28197e-06 4.28196e-06 2.14098e-06 0.00079827 4.28195e-06 4.28195e-06 2.14098e-06 0.000798266 4.28193e-06 0.000798265 4.28192e-06 -0.000791827 0.0013247 
0.00139907 2.19455e-06 4.38912e-06 0.000818249 4.38913e-06 4.38913e-06 -0.000811663 2.19457e-06 2.19457e-06 4.38912e-06 -0.000811665 2.19457e-06 -0.000811662 0.000818246 2.85847 3.98552 4.38911e-06 2.19456e-06 -0.000811659 4.38911e-06 4.3891e-06 2.19455e-06 0.000818243 4.38909e-06 4.38909e-06 2.19455e-06 0.000818239 4.38907e-06 0.000818238 4.38905e-06 -0.000811639 0.00135778 
0.00143317 2.24812e-06 4.49626e-06 0.000838224 4.49627e-06 4.49628e-06 -0.000831477 2.24814e-06 2.24814e-06 4.49627e-06 -0.000831478 2.24814e-06 -0.000831475 0.000838221 2.94014 4.10221 4.49625e-06 2.24813e-06 -0.000831473 4.49625e-06 4.49624e-06 2.24812e-06 0.000838217 4.49623e-06 4.49623e-06 2.24812e-06 0.000838213 4.49621e-06 0.000838212 4.49619e-06 -0.000831451 0.00139088 
0.00146729 2.30169e-06 4.60341e-06 0.000858199 4.60342e-06 4.60342e-06 -0.000851291 2.30172e-06 2.30172e-06 4.60341e-06 -0.000851292 2.30172e-06 -0.00085129 0.000858196 3.02205 4.21948 4.6034e-06 2.30171e-06 -0.000851287 4.6034e-06 4.60339e-06 2.30169e-06 0.000858192 4.60338e-06 4.60337e-06 2.30169e-06 0.000858188 4.60335e-06 0.000858187 4.60333e-06 -0.000851264 0.00142397 
0.0015014 2.35527e-06 4.71056e-06 0.000878176 4.71057e-06 4.71058e-06 -0.000871107 2.35529e-06 2.35529e-06 4.71057e-06 -0.000871108 2.35529e-06 -0.000871105 0.000878172 3.10426 4.33715 4.71055e-06 2.35528e-06 -0.000871102 4.71055e-06 4.71054e-06 2.35527e-06 0.000878168 4.71053e-06 4.71052e-06 2.35527e-06 0.000878164 4.7105e-06 0.000878163 4.71048e-06 -0.000871078 0.00145706 
0.00153553 2.40884e-06 4.81772e-06 0.000898153 4.81773e-06 4.81773e-06 -0.000890923 2.40887e-06 2.40887e-06 4.81772e-06 -0.000890924 2.40887e-06 -0.000890921 0.000898149 3.18687 4.45507 4.81771e-06 2.40886e-06 -0.000890918 4.81771e-06 4.8177e-06 2.40885e-06 0.000898144 4.81769e-06 4.81768e-06 2.40885e-06 0.00089814 4.81766e-06 0.000898139 4.81763e-06 -0.000890893 0.00149014 
0.00156965 2.46242e-06 4.92488e-06 0.000918131 4.92489e-06 4.9249e-06 -0.00091074 2.46245e-06 2.46245e-06 4.92489e-06 -0.000910741 2.46245e-06 -0.000910738 0.000918127 3.26985 4.57308 4.92487e-06 2.46244e-06 -0.000910735 4.92487e-06 4.92486e-06 2.46243e-06 0.000918122 4.92485e-06 4.92484e-06 2.46243e-06 0.000918117 4.92481e-06 0.000918116 4.92479e-06 -0.000910708 0.00152323 
0.00160377 2.516e-06 5.03205e-06 0.000938109 5.03205e-06 5.03206e-06 -0.000930558 2.51604e-06 2.51604e-06 5.03205e-06 -0.000930559 2.51603e-06 -0.000930556 0.000938105 3.35297 4.69114 5.03203e-06 2.51603e-06 -0.000930552 5.03203e-06 5.03202e-06 2.51601e-06 0.0009381 5.03201e-06 5.032e-06 2.51601e-06 0.000938095 5.03197e-06 0.000938094 5.03195e-06 -0.000930525 0.00155633 
0.00163792 2.56959e-06 5.13922e-06 0.000958089 5.13923e-06 5.13923e-06 -0.000950377 2.56963e-06 2.56962e-06 5.13922e-06 -0.000950377 2.56962e-06 -0.000950375 0.000958085 3.43592 4.80926 5.1392e-06 2.56961e-06 -0.000950371 5.1392e-06 5.13919e-06 2.5696e-06 0.000958079 5.13918e-06 5.13917e-06 2.56959e-06 0.000958074 5.13914e-06 0.000958073 5.13911e-06 -0.000950342 0.00158942 
0.00167205 2.62318e-06 5.24639e-06 0.000978069 5.2464e-06 5.24641e-06 -0.000970196 2.62321e-06 2.62321e-06 5.2464e-06 -0.000970197 2.62321e-06 -0.000970194 0.000978065 3.5186 4.9276 5.24638e-06 2.6232e-06 -0.00097019 5.24638e-06 5.24637e-06 2.62318e-06 0.000978059 5.24636e-06 5.24634e-06 2.62318e-06 0.000978054 5.24631e-06 0.000978052 5.24628e-06 -0.00097016 0.00162252 
0.00170615 2.67677e-06 5.35357e-06 0.00099805 5.35358e-06 5.35359e-06 -0.000990017 2.6768e-06 2.6768e-06 5.35358e-06 -0.000990017 2.6768e-06 -0.000990014 0.000998046 3.60114 5.04642 5.35356e-06 2.67679e-06 -0.00099001 5.35356e-06 5.35354e-06 2.67677e-06 0.000998039 5.35354e-06 5.35352e-06 2.67677e-06 0.000998035 5.35349e-06 0.000998033 5.35345e-06 -0.000989978 0.00165561 
0.00174028 2.73036e-06 5.46075e-06 0.00101803 5.46077e-06 5.46077e-06 -0.00100984 2.7304e-06 2.73039e-06 5.46076e-06 -0.00100984 2.73039e-06 -0.00100984 0.00101803 3.68382 5.16584 5.46074e-06 2.73038e-06 -0.00100983 5.46074e-06 5.46073e-06 2.73036e-06 0.00101802 5.46072e-06 5.4607e-06 2.73036e-06 0.00101802 5.46067e-06 0.00101801 5.46063e-06 -0.0010098 0.00168872 
0.00177441 2.78395e-06 5.56794e-06 0.00103802 5.56796e-06 5.56796e-06 -0.00102966 2.78399e-06 2.78399e-06 5.56795e-06 -0.00102966 2.78398e-06 -0.00102966 0.00103801 3.76688 5.28583 5.56793e-06 2.78398e-06 -0.00102965 5.56793e-06 5.56792e-06 2.78396e-06 0.001038 5.56791e-06 5.56789e-06 2.78395e-06 0.001038 5.56785e-06 0.001038 5.56782e-06 -0.00102962 0.00172181 
0.00180855 2.83755e-06 5.67513e-06 0.001058 5.67515e-06 5.67516e-06 -0.00104948 2.83759e-06 2.83758e-06 5.67515e-06 -0.00104948 2.83758e-06 -0.00104948 0.00105799 3.85045 5.40628 5.67512e-06 2.83757e-06 -0.00104947 5.67512e-06 5.67511e-06 2.83755e-06 0.00105799 5.6751e-06 5.67508e-06 2.83755e-06 0.00105798 5.67504e-06 0.00105798 5.675e-06 -0.00104944 0.00175493 
0.00184269 2.89114e-06 5.78233e-06 0.00107798 5.78235e-06 5.78236e-06 -0.00106931 2.89119e-06 2.89118e-06 5.78235e-06 -0.00106931 2.89118e-06 -0.0010693 0.00107798 3.93452 5.52699 5.78231e-06 2.89117e-06 -0.0010693 5.78232e-06 5.7823e-06 2.89115e-06 0.00107797 5.7823e-06 5.78227e-06 2.89115e-06 0.00107796 5.78224e-06 0.00107796 5.7822e-06 -0.00106926 0.00178804 
0.00187681 2.94475e-06 5.88953e-06 0.00109797 5.88955e-06 5.88956e-06 -0.00108913 2.94479e-06 2.94478e-06 5.88955e-06 -0.00108913 2.94478e-06 -0.00108913 0.00109796 3.9369 5.62009 5.88952e-06 2.94477e-06 -0.00108912 5.88952e-06 5.8895e-06 2.94475e-06 0.00109796 5.8895e-06 5.88947e-06 2.94475e-06 0.00109795 5.88944e-06 0.00109795 5.88939e-06 -0.00108908 0.00182114 
0.00191094 2.99835e-06 5.99674e-06 0.00111796 5.99676e-06 5.99677e-06 -0.00110896 2.99839e-06 2.99838e-06 5.99675e-06 -0.00110896 2.99838e-06 -0.00110895 0.00111795 3.93846 5.62313 5.99672e-06 2.99837e-06 -0.00110895 5.99672e-06 5.99671e-06 2.99835e-06 0.00109809 5.99671e-06 5.99668e-06 2.99835e-06 0.00111794 5.99664e-06 0.00111793 5.99659e-06 -0.00110891 0.00185426 
0.00194507 3.05195e-06 6.10395e-06 0.00113794 6.10397e-06 6.10398e-06 -0.00112878 3.052e-06 3.05199e-06 6.10397e-06 -0.00112878 3.05199e-06 -0.00112878 0.00113794 3.93999 5.62617 6.10393e-06 3.05198e-06 -0.00112877 6.10393e-06 6.10392e-06 3.05196e-06 0.00109822 6.10392e-06 6.10389e-06 3.05195e-06 0.00113792 6.10385e-06 0.00113792 6.1038e-06 -0.00112873 0.00188738 
0.00197921 3.10556e-06 6.21116e-06 0.00115793 6.21118e-06 6.21119e-06 -0.00114861 3.1056e-06 3.1056e-06 6.21118e-06 -0.00114861 3.10559e-06 -0.0011486 0.00115792 3.94151 5.6292 6.21115e-06 3.10559e-06 -0.0011486 6.21115e-06 6.21113e-06 3.10557e-06 0.00109835 6.21113e-06 6.2111e-06 3.10556e-06 0.00115791 6.21106e-06 0.00115791 6.21101e-06 -0.00114856 0.00192051 
0.00201336 3.15917e-06 6.31838e-06 0.00117792 6.3184e-06 6.31841e-06 -0.00116844 3.15921e-06 3.15921e-06 6.3184e-06 -0.00116844 3.1592e-06 -0.00116843 0.00117791 3.94303 5.63222 6.31836e-06 3.1592e-06 -0.00116843 6.31836e-06 6.31835e-06 3.15917e-06 0.00109847 6.31835e-06 6.31832e-06 3.15917e-06 0.0011779 6.31828e-06 0.00117789 6.31822e-06 -0.00116838 0.00195362 
0.00204749 3.21278e-06 6.42561e-06 0.00119791 6.42562e-06 6.42563e-06 -0.00118827 3.21283e-06 3.21282e-06 6.42562e-06 -0.00118827 3.21282e-06 -0.00118826 0.0011979 3.94454 5.63521 6.42559e-06 3.21281e-06 -0.00118826 6.42559e-06 6.42557e-06 3.21279e-06 0.0010986 6.42557e-06 6.42554e-06 3.21278e-06 0.00119789 6.4255e-06 0.00119788 6.42543e-06 -0.00118821 0.00198674 
0.00208163 3.26639e-06 6.53284e-06 0.0012179 6.53285e-06 6.53286e-06 -0.00120809 3.26644e-06 3.26643e-06 6.53285e-06 -0.00120809 3.26643e-06 -0.00120809 0.00121789 3.94603 5.63819 6.53281e-06 3.26642e-06 -0.00120808 6.53281e-06 6.5328e-06 3.2664e-06 0.00109873 6.53279e-06 6.53276e-06 3.26639e-06 0.00121787 6.53272e-06 0.00121787 6.53265e-06 -0.00120804 0.00201984 
0.00211576 3.32001e-06 6.64007e-06 0.00123789 6.64008e-06 6.64009e-06 -0.00122792 3.32006e-06 3.32005e-06 6.64008e-06 -0.00122792 3.32005e-06 -0.00122792 0.00123788 3.94752 5.64114 6.64004e-06 3.32004e-06 -0.00122791 6.64004e-06 6.64003e-06 3.32002e-06 0.00109886 6.64002e-06 6.63999e-06 3.32e-06 0.00123786 6.63994e-06 0.00123786 6.63988e-06 -0.00122786 0.00205296 
0.0021499 3.37362e-06 6.74731e-06 0.00125788 6.74732e-06 6.74733e-06 -0.00124775 3.37367e-06 3.37367e-06 6.74732e-06 -0.00124775 3.37366e-06 -0.00124775 0.00125787 3.949 5.64408 6.74728e-06 3.37365e-06 -0.00124774 6.74728e-06 6.74726e-06 3.37363e-06 0.00109899 6.74726e-06 6.74722e-06 3.37362e-06 0.00125786 6.74717e-06 0.00125785 6.74711e-06 -0.00124769 0.00208608 
0.00218405 3.42724e-06 6.85455e-06 0.00127787 6.85455e-06 6.85457e-06 -0.00126759 3.42729e-06 3.42729e-06 6.85456e-06 -0.00126759 3.42728e-06 -0.00126758 0.00127786 3.95048 5.64701 6.85451e-06 3.42727e-06 -0.00126758 6.85452e-06 6.8545e-06 3.42725e-06 0.00109912 6.85449e-06 6.85445e-06 3.42724e-06 0.00127785 6.85441e-06 0.00127784 6.85434e-06 -0.00126752 0.00211918 
0.0022182 3.48086e-06 6.96179e-06 0.00129787 6.9618e-06 6.96181e-06 -0.00128742 3.48091e-06 3.48091e-06 6.9618e-06 -0.00128742 3.48091e-06 -0.00128741 0.00129786 3.95196 5.64994 6.96176e-06 3.4809e-06 -0.00128741 6.96176e-06 6.96174e-06 3.48087e-06 0.00109925 6.96173e-06 6.96169e-06 3.48086e-06 0.00129784 6.96165e-06 0.00129783 6.96157e-06 -0.00128735 0.00215229 
0.00225233 3.53448e-06 7.06904e-06 0.00131786 7.06904e-06 7.06906e-06 -0.00130725 3.53454e-06 3.53454e-06 7.06905e-06 -0.00130725 3.53453e-06 -0.00130724 0.00131785 3.95343 5.65287 7.069e-06 3.53452e-06 -0.00130724 7.06901e-06 7.06898e-06 3.53449e-06 0.00109938 7.06898e-06 7.06893e-06 3.53448e-06 0.00131783 7.06889e-06 0.00131783 7.06881e-06 -0.00130718 0.00218544 
0.00228648 3.58811e-06 7.17629e-06 0.00133785 7.1763e-06 7.17631e-06 -0.00132708 3.58816e-06 3.58816e-06 7.1763e-06 -0.00132708 3.58815e-06 -0.00132708 0.00133784 3.95489 5.6558 7.17625e-06 3.58814e-06 -0.00132707 7.17625e-06 7.17623e-06 3.58812e-06 0.00109951 7.17622e-06 7.17618e-06 3.5881e-06 0.00133783 7.17613e-06 0.00133782 7.17605e-06 -0.00132701 0.00221855 
0.00232062 3.64173e-06 7.28354e-06 0.00135785 7.28355e-06 7.28356e-06 -0.00134692 3.64179e-06 3.64179e-06 7.28355e-06 -0.00134692 3.64178e-06 -0.00134691 0.00135784 3.95634 5.65871 7.2835e-06 3.64177e-06 -0.00134691 7.2835e-06 7.28348e-06 3.64174e-06 0.00109964 7.28347e-06 7.28343e-06 3.64173e-06 0.00135782 7.28338e-06 0.00135781 7.2833e-06 -0.00134685 0.00225167 
0.00235478 3.69536e-06 7.3908e-06 0.00137784 7.39081e-06 7.39082e-06 -0.00136675 3.69541e-06 3.69542e-06 7.3908e-06 -0.00136675 3.69541e-06 -0.00136674 0.00137783 3.95777 5.66161 7.39076e-06 3.6954e-06 -0.00136674 7.39076e-06 7.39073e-06 3.69537e-06 0.00109977 7.39072e-06 7.39068e-06 3.69535e-06 0.00137782 7.39064e-06 0.00137781 7.39055e-06 -0.00136668 0.00228479 
0.00238894 3.74899e-06 7.49806e-06 0.00139784 7.49807e-06 7.49808e-06 -0.00138659 3.74904e-06 3.74905e-06 7.49806e-06 -0.00138659 3.74904e-06 -0.00138658 0.00139783 3.9592 5.66448 7.49801e-06 3.74903e-06 -0.00138658 7.49802e-06 7.49799e-06 3.749e-06 0.0010999 7.49798e-06 7.49793e-06 3.74898e-06 0.00139781 7.49789e-06 0.0013978 7.4978e-06 -0.00138651 0.00231791 
0.00242309 3.80262e-06 7.60532e-06 0.00141784 7.60533e-06 7.60534e-06 -0.00140642 3.80267e-06 3.80268e-06 7.60533e-06 -0.00140642 3.80267e-06 -0.00140641 0.00141782 3.96061 5.66734 7.60527e-06 3.80266e-06 -0.00140641 7.60528e-06 7.60525e-06 3.80263e-06 0.00110002 7.60524e-06 7.60519e-06 3.80261e-06 0.00141781 7.60515e-06 0.0014178 7.60505e-06 -0.00140634 0.00235105 
0.00245723 3.85625e-06 7.71258e-06 0.00143783 7.7126e-06 7.71261e-06 -0.00142626 3.85631e-06 3.85631e-06 7.71259e-06 -0.00142626 3.8563e-06 -0.00142625 0.00143782 3.96202 5.67017 7.71253e-06 3.85629e-06 -0.00142625 7.71254e-06 7.71251e-06 3.85626e-06 0.00110015 7.7125e-06 7.71245e-06 3.85624e-06 0.0014378 7.71241e-06 0.00143779 7.71231e-06 -0.00142618 0.00238418 
0.00249139 3.90988e-06 7.81985e-06 0.00145783 7.81987e-06 7.81988e-06 -0.0014461 3.90994e-06 3.90995e-06 7.81986e-06 -0.00144609 3.90993e-06 -0.00144609 0.00145782 3.9634 5.67298 7.8198e-06 3.90993e-06 -0.00144608 7.8198e-06 7.81977e-06 3.9099e-06 0.00110028 7.81976e-06 7.81972e-06 3.90987e-06 0.0014578 7.81967e-06 0.00145779 7.81957e-06 -0.00144601 0.00241732 
0.00252555 3.96351e-06 7.92712e-06 0.00147783 7.92714e-06 7.92715e-06 -0.00146593 3.96357e-06 3.96358e-06 7.92713e-06 -0.00146593 3.96357e-06 -0.00146592 0.00147782 3.96477 5.67575 7.92707e-06 3.96356e-06 -0.00146592 7.92707e-06 7.92704e-06 3.96353e-06 0.00110041 7.92703e-06 7.92698e-06 3.96351e-06 0.0014778 7.92693e-06 0.00147778 7.92683e-06 -0.00146585 0.00245046 
0.0025597 4.01715e-06 8.03439e-06 0.00149783 8.03441e-06 8.03442e-06 -0.00148577 4.01721e-06 4.01722e-06 8.0344e-06 -0.00148577 4.0172e-06 -0.00148576 0.00149782 3.96612 5.67848 8.03434e-06 4.01719e-06 -0.00148576 8.03434e-06 8.0343e-06 4.01716e-06 0.00110053 8.0343e-06 8.03425e-06 4.01714e-06 0.00149779 8.0342e-06 0.00149778 8.03409e-06 -0.00148568 0.00248357 
0.00259386 4.07078e-06 8.14166e-06 0.00151782 8.14168e-06 8.1417e-06 -0.00150561 4.07085e-06 4.07085e-06 8.14168e-06 -0.0015056 4.07084e-06 -0.0015056 0.00151781 3.96743 5.68114 8.14161e-06 4.07083e-06 -0.00150559 8.14161e-06 8.14157e-06 4.0708e-06 0.00110066 8.14157e-06 8.14152e-06 4.07077e-06 0.00151779 8.14146e-06 0.00151778 8.14136e-06 -0.00150552 0.00251671 
0.00262803 4.12442e-06 8.24894e-06 0.00153782 8.24895e-06 8.24897e-06 -0.00152544 4.12449e-06 4.12449e-06 8.24895e-06 -0.00152544 4.12448e-06 -0.00152544 0.00153781 3.96873 5.68375 8.24888e-06 4.12447e-06 -0.00152543 8.24888e-06 8.24884e-06 4.12443e-06 0.00110079 8.24884e-06 8.24879e-06 4.12441e-06 0.00153779 8.24873e-06 0.00153778 8.24862e-06 -0.00152535 0.00254985 
0.0026622 4.17805e-06 8.35621e-06 0.00155782 8.35623e-06 8.35625e-06 -0.00154528 4.17813e-06 4.17813e-06 8.35623e-06 -0.00154528 4.17811e-06 -0.00154527 0.00155781 3.97 5.6863 8.35615e-06 4.1781e-06 -0.00154527 8.35615e-06 8.35611e-06 4.17807e-06 0.00110091 8.35611e-06 8.35606e-06 4.17804e-06 0.00155779 8.356e-06 0.00155777 8.35589e-06 -0.00154519 0.00258299 
0.00269637 4.23169e-06 8.46349e-06 0.00157782 8.4635e-06 8.46353e-06 -0.00156512 4.23176e-06 4.23177e-06 8.4635e-06 -0.00156512 4.23175e-06 -0.00156511 0.00157781 3.97124 5.68882 8.46343e-06 4.23174e-06 -0.0015651 8.46343e-06 8.46339e-06 4.2317e-06 0.00110104 8.46338e-06 8.46333e-06 4.23168e-06 0.00157778 8.46327e-06 0.00157777 8.46315e-06 -0.00156502 0.00261612 
0.00273052 4.28533e-06 8.57077e-06 0.00159782 8.57078e-06 8.57081e-06 -0.00158496 4.2854e-06 4.28541e-06 8.57078e-06 -0.00158495 4.28539e-06 -0.00158495 0.00159781 3.97247 5.69129 8.5707e-06 4.28538e-06 -0.00158494 8.5707e-06 8.57066e-06 4.28534e-06 0.00110116 8.57065e-06 8.57061e-06 4.28532e-06 0.00159778 8.57054e-06 0.00159777 8.57042e-06 -0.00158486 0.00264925 
0.00276469 4.33897e-06 8.67805e-06 0.00161782 8.67806e-06 8.67808e-06 -0.0016048 4.33904e-06 4.33905e-06 8.67805e-06 -0.00160479 4.33903e-06 -0.00160479 0.00161781 3.97367 5.69371 8.67798e-06 4.33902e-06 -0.00160478 8.67797e-06 8.67793e-06 4.33898e-06 0.00110129 8.67792e-06 8.67788e-06 4.33895e-06 0.00161778 8.6778e-06 0.00161776 8.67769e-06 -0.00160469 0.00268237 
0.00279887 4.3926e-06 8.78532e-06 0.00163782 8.78533e-06 8.78536e-06 -0.00162464 4.39268e-06 4.39269e-06 8.78533e-06 -0.00162463 4.39267e-06 -0.00162463 0.00163781 3.97484 5.69609 8.78525e-06 4.39265e-06 -0.00162462 8.78525e-06 8.7852e-06 4.39261e-06 0.00110141 8.78519e-06 8.78515e-06 4.39259e-06 0.00163778 8.78507e-06 0.00163776 8.78495e-06 -0.00162453 0.00271551 
0.00283303 4.44624e-06 8.8926e-06 0.00165782 8.89261e-06 8.89264e-06 -0.00164447 4.44632e-06 4.44633e-06 8.89261e-06 -0.00164447 4.4463e-06 -0.00164446 0.00165781 3.97598 5.69839 8.89252e-06 4.44629e-06 -0.00164445 8.89252e-06 8.89247e-06 4.44625e-06 0.00110153 8.89246e-06 8.89242e-06 4.44622e-06 0.00165777 8.89234e-06 0.00165776 8.89222e-06 -0.00164436 0.00274863 
0.00286719 4.49988e-06 8.99988e-06 0.00167782 8.99989e-06 8.99992e-06 -0.00166431 4.49996e-06 4.49996e-06 8.99988e-06 -0.00166431 4.49994e-06 -0.0016643 0.0016778 3.97707 5.70061 8.9998e-06 4.49993e-06 -0.00166429 8.99979e-06 8.99974e-06 4.49988e-06 0.00110166 8.99973e-06 8.99969e-06 4.49986e-06 0.00167777 8.99961e-06 0.00167776 8.99948e-06 -0.0016642 0.00278176 
0.00290135 4.55352e-06 9.10716e-06 0.00169782 9.10716e-06 9.10719e-06 -0.00168415 4.55359e-06 4.5536e-06 9.10716e-06 -0.00168414 4.55358e-06 -0.00168414 0.0016978 3.97813 5.70275 9.10707e-06 4.55356e-06 -0.00168413 9.10706e-06 9.10701e-06 4.55352e-06 0.00110178 9.107e-06 9.10695e-06 4.55349e-06 0.00169777 9.10688e-06 0.00169775 9.10674e-06 -0.00168403 0.00281488 
0.00293551 4.60715e-06 9.21443e-06 0.00171782 9.21444e-06 9.21447e-06 -0.00170399 4.60723e-06 4.60724e-06 9.21443e-06 -0.00170398 4.60721e-06 -0.00170398 0.0017178 3.97916 5.70481 9.21434e-06 4.60719e-06 -0.00170397 9.21433e-06 9.21428e-06 4.60715e-06 0.0011019 9.21426e-06 9.21422e-06 4.60712e-06 0.00171777 9.21414e-06 0.00171775 9.214e-06 -0.00170387 0.002848 
0.00296967 4.66079e-06 9.32171e-06 0.00173782 9.32171e-06 9.32174e-06 -0.00172382 4.66087e-06 4.66088e-06 9.3217e-06 -0.00172382 4.66085e-06 -0.00172381 0.0017378 3.98015 5.7068 9.3216e-06 4.66083e-06 -0.0017238 9.3216e-06 9.32155e-06 4.66079e-06 0.00110202 9.32153e-06 9.32149e-06 4.66076e-06 0.00173776 9.3214e-06 0.00173775 9.32126e-06 -0.0017237 0.00288113 
0.00300382 4.71442e-06 9.42898e-06 0.00175781 9.42898e-06 9.42901e-06 -0.00174366 4.7145e-06 4.71451e-06 9.42897e-06 -0.00174366 4.71448e-06 -0.00174365 0.0017578 3.98111 5.70872 9.42887e-06 4.71446e-06 -0.00174364 9.42886e-06 9.42881e-06 4.71442e-06 0.00110214 9.42879e-06 9.42875e-06 4.71439e-06 0.00175776 9.42866e-06 0.00175774 9.42852e-06 -0.00174354 0.00291426 
0.00303798 4.76806e-06 9.53625e-06 0.00177781 9.53625e-06 9.53628e-06 -0.0017635 4.76814e-06 4.76815e-06 9.53624e-06 -0.00176349 4.76812e-06 -0.00176349 0.00177779 3.98203 5.71055 9.53613e-06 4.76809e-06 -0.00176347 9.53612e-06 9.53607e-06 4.76805e-06 0.00110227 9.53605e-06 9.53601e-06 4.76802e-06 0.00177775 9.53592e-06 0.00177774 9.53577e-06 -0.00176337 0.00294739 
0.00307212 4.82169e-06 9.64352e-06 0.00179781 9.64351e-06 9.64354e-06 -0.00178333 4.82177e-06 4.82178e-06 9.64351e-06 -0.00178333 4.82175e-06 -0.00178332 0.00179779 3.98291 5.71231 9.6434e-06 4.82172e-06 -0.00178331 9.64338e-06 9.64333e-06 4.82168e-06 0.00110239 9.64331e-06 9.64327e-06 4.82165e-06 0.00179775 9.64318e-06 0.00179773 9.64302e-06 -0.0017832 0.00298052 
0.00310626 4.87532e-06 9.75078e-06 0.00181781 9.75078e-06 9.75081e-06 -0.00180317 4.8754e-06 4.87541e-06 9.75077e-06 -0.00180316 4.87538e-06 -0.00180316 0.00181779 3.98374 5.71399 9.75066e-06 4.87535e-06 -0.00180314 9.75064e-06 9.75058e-06 4.87531e-06 0.0011025 9.75057e-06 9.75053e-06 4.87527e-06 0.00181774 9.75043e-06 0.00181773 9.75027e-06 -0.00180303 0.00301364 
0.0031404 4.92895e-06 9.85804e-06 0.0018378 9.85804e-06 9.85807e-06 -0.00182301 4.92903e-06 4.92904e-06 9.85803e-06 -0.001823 4.92901e-06 -0.00182299 0.00183778 3.98454 5.71559 9.85791e-06 4.92898e-06 -0.00182298 9.8579e-06 9.85784e-06 4.92894e-06 0.00110262 9.85782e-06 9.85778e-06 4.9289e-06 0.00183774 9.85768e-06 0.00183772 9.85751e-06 -0.00182287 0.00304676 
0.00317455 4.98258e-06 9.9653e-06 0.0018578 9.96529e-06 9.96533e-06 -0.00184284 4.98266e-06 4.98267e-06 9.96528e-06 -0.00184283 4.98264e-06 -0.00184283 0.00185778 3.98529 5.71711 9.96517e-06 4.98261e-06 -0.00184281 9.96515e-06 9.96509e-06 4.98256e-06 0.00110274 9.96507e-06 9.96503e-06 4.98252e-06 0.00185773 9.96492e-06 0.00185771 9.96476e-06 -0.0018427 0.00307988 
0.0032087 5.03621e-06 1.00726e-05 0.00187779 1.00725e-05 1.00726e-05 -0.00186267 5.03628e-06 5.0363e-06 1.00725e-05 -0.00186267 5.03627e-06 -0.00186266 0.00187777 3.986 5.71855 1.00724e-05 5.03623e-06 -0.00186264 1.00724e-05 1.00723e-05 5.03619e-06 0.00110286 1.00723e-05 1.00723e-05 5.03615e-06 0.00187772 1.00722e-05 0.00187771 1.0072e-05 -0.00186253 0.00311299 
0.00324286 5.08983e-06 1.01798e-05 0.00189779 1.01798e-05 1.01798e-05 -0.00188251 5.08991e-06 5.08992e-06 1.01798e-05 -0.0018825 5.08989e-06 -0.00188249 0.00189776 3.98668 5.71991 1.01797e-05 5.08985e-06 -0.00188248 1.01796e-05 1.01796e-05 5.08981e-06 0.00110298 1.01796e-05 1.01795e-05 5.08977e-06 0.00189772 1.01794e-05 0.0018977 1.01792e-05 -0.00188236 0.0031461 
0.00327701 5.14346e-06 1.02871e-05 0.00191778 1.0287e-05 1.02871e-05 -0.00190234 5.14353e-06 5.14354e-06 1.0287e-05 -0.00190233 5.14351e-06 -0.00190232 0.00191776 3.98731 5.72121 1.02869e-05 5.14348e-06 -0.00190231 1.02869e-05 1.02868e-05 5.14343e-06 0.00110309 1.02868e-05 1.02868e-05 5.14339e-06 0.00191771 1.02866e-05 0.00191769 1.02865e-05 -0.00190219 0.00317921 
0.00331115 5.19708e-06 1.03943e-05 0.00193778 1.03943e-05 1.03943e-05 -0.00192217 5.19715e-06 5.19716e-06 1.03943e-05 -0.00192217 5.19713e-06 -0.00192216 0.00193775 3.98791 5.72243 1.03941e-05 5.19709e-06 -0.00192214 1.03941e-05 1.03941e-05 5.19704e-06 0.00110321 1.0394e-05 1.0394e-05 5.19701e-06 0.0019377 1.03939e-05 0.00193768 1.03937e-05 -0.00192202 0.00321232 
0.00334533 5.2507e-06 1.05015e-05 0.00195777 1.05015e-05 1.05016e-05 -0.00194201 5.25078e-06 5.25079e-06 1.05015e-05 -0.001942 5.25075e-06 -0.00194199 0.00195774 3.98848 5.7236 1.05014e-05 5.25071e-06 -0.00194197 1.05014e-05 1.05013e-05 5.25066e-06 0.00110332 1.05013e-05 1.05012e-05 5.25062e-06 0.00195769 1.05011e-05 0.00195767 1.05009e-05 -0.00194185 0.00324543 
0.0033795 5.30432e-06 1.06088e-05 0.00197776 1.06088e-05 1.06088e-05 -0.00196184 5.3044e-06 5.30441e-06 1.06088e-05 -0.00196183 5.30437e-06 -0.00196182 0.00197773 3.98902 5.72472 1.06086e-05 5.30433e-06 -0.0019618 1.06086e-05 1.06085e-05 5.30428e-06 0.00110344 1.06085e-05 1.06084e-05 5.30424e-06 0.00197768 1.06083e-05 0.00197766 1.06081e-05 -0.00196167 0.00327856 
0.00341567 5.35794e-06 1.0716e-05 0.00199775 1.0716e-05 1.0716e-05 -0.00198167 5.35802e-06 5.35802e-06 1.0716e-05 -0.00198166 5.35799e-06 -0.00198165 0.00199772 3.98952 5.72578 1.07158e-05 5.35795e-06 -0.00198163 1.07158e-05 1.07158e-05 5.35789e-06 0.00110355 1.07157e-05 1.07157e-05 5.35785e-06 0.00199767 1.07156e-05 0.00199765 1.07154e-05 -0.0019815 0.00331381 
