773.072 773.072 773.072 773.072 773.072 773.072 773.072 773.072 773.072 773.072 773.072 773.072 773.072 773.072 773.072 773.072 773.072 773.072 773.072 773.072 773.072 773.072 773.072 773.072 773.072 773.072 773.072 773.072 773.072 773.072 773.072 773.072 
773.187 773.174 773.175 773.177 773.175 773.177 773.176 773.178 773.178 773.177 773.177 773.18 773.178 773.179 773.176 773.177 773.179 773.175 773.175 773.179 773.177 773.177 773.177 773.177 773.177 773.175 773.177 773.177 773.178 773.174 773.173 773.163 
773.307 773.279 773.28 773.285 773.282 773.285 773.284 773.287 773.287 773.285 773.285 773.291 773.287 773.29 773.283 773.285 773.288 773.282 773.282 773.288 773.285 773.285 773.285 773.284 773.285 773.283 773.285 773.285 773.286 773.28 773.278 773.258 
773.43 773.388 773.39 773.398 773.393 773.396 773.397 773.4 773.4 773.396 773.397 773.406 773.4 773.404 773.395 773.397 773.401 773.392 773.393 773.401 773.397 773.397 773.398 773.396 773.396 773.395 773.398 773.396 773.398 773.389 773.386 773.356 
773.559 773.501 773.504 773.515 773.51 773.513 773.513 773.516 773.518 773.512 773.514 773.524 773.517 773.523 773.51 773.513 773.516 773.507 773.509 773.517 773.512 773.514 773.514 773.511 773.51 773.511 773.514 773.511 773.513 773.502 773.499 773.457 
773.692 773.62 773.622 773.637 773.631 773.634 773.634 773.636 773.641 773.632 773.635 773.647 773.638 773.646 773.632 773.633 773.636 773.627 773.629 773.637 773.632 773.635 773.635 773.63 773.629 773.633 773.636 773.63 773.632 773.619 773.615 773.563 
773.83 773.745 773.745 773.762 773.758 773.759 773.759 773.76 773.768 773.757 773.762 773.774 773.763 773.774 773.758 773.758 773.76 773.752 773.755 773.762 773.756 773.761 773.761 773.755 773.752 773.76 773.761 773.753 773.754 773.741 773.735 773.673 
773.973 773.874 773.873 773.893 773.889 773.89 773.889 773.889 773.899 773.886 773.894 773.904 773.893 773.906 773.889 773.888 773.888 773.883 773.885 773.891 773.885 773.89 773.892 773.884 773.88 773.89 773.891 773.88 773.881 773.868 773.859 773.787 
774.121 774.009 774.006 774.027 774.025 774.025 774.022 774.023 774.034 774.02 774.03 774.039 774.027 774.041 774.023 774.022 774.021 774.018 774.02 774.025 774.019 774.024 774.028 774.018 774.012 774.024 774.023 774.012 774.012 773.999 773.988 773.905 
774.274 774.147 774.143 774.166 774.164 774.164 774.16 774.162 774.174 774.158 774.171 774.176 774.164 774.18 774.162 774.159 774.16 774.157 774.159 774.163 774.156 774.161 774.169 774.156 774.149 774.162 774.159 774.147 774.148 774.135 774.12 774.027 
774.431 774.289 774.284 774.308 774.307 774.308 774.302 774.305 774.317 774.299 774.314 774.317 774.306 774.322 774.304 774.3 774.303 774.301 774.301 774.306 774.298 774.303 774.313 774.299 774.29 774.303 774.298 774.287 774.289 774.275 774.257 774.153 
774.593 774.435 774.43 774.454 774.453 774.456 774.448 774.452 774.464 774.445 774.46 774.462 774.451 774.467 774.449 774.445 774.45 774.449 774.447 774.452 774.442 774.448 774.46 774.444 774.434 774.447 774.44 774.431 774.434 774.419 774.397 774.282 
774.759 774.584 774.58 774.604 774.604 774.608 774.598 774.602 774.616 774.593 774.609 774.611 774.6 774.616 774.598 774.593 774.601 774.601 774.596 774.601 774.591 774.597 774.611 774.593 774.582 774.596 774.587 774.578 774.583 774.567 774.541 774.414 
774.93 774.735 774.734 774.758 774.758 774.763 774.751 774.755 774.77 774.744 774.761 774.764 774.753 774.768 774.751 774.744 774.755 774.756 774.749 774.754 774.742 774.749 774.765 774.745 774.733 774.749 774.738 774.73 774.736 774.717 774.69 774.551 
775.105 774.891 774.891 774.915 774.916 774.922 774.907 774.912 774.928 774.899 774.917 774.92 774.908 774.925 774.908 774.9 774.912 774.915 774.904 774.91 774.897 774.904 774.921 774.899 774.887 774.905 774.893 774.885 774.893 774.871 774.841 774.69 
775.284 775.049 775.052 775.076 775.077 775.084 775.066 775.072 775.089 775.057 775.075 775.08 775.067 775.085 775.068 775.059 775.071 775.075 775.063 775.07 775.055 775.062 775.08 775.056 775.045 775.064 775.051 775.043 775.052 775.028 774.995 774.833 
775.466 775.21 775.216 775.24 775.241 775.248 775.228 775.236 775.253 775.218 775.237 775.244 775.229 775.249 775.231 775.222 775.234 775.239 775.225 775.232 775.216 775.223 775.241 775.216 775.207 775.226 775.212 775.204 775.213 775.189 775.152 774.978 
775.651 775.374 775.383 775.408 775.408 775.414 775.394 775.403 775.42 775.384 775.403 775.41 775.394 775.416 775.397 775.388 775.399 775.404 775.389 775.397 775.38 775.386 775.405 775.379 775.372 775.391 775.376 775.366 775.377 775.352 775.311 775.125 
775.84 775.542 775.552 775.579 775.577 775.582 775.563 775.572 775.59 775.552 775.571 775.58 775.563 775.586 775.565 775.558 775.567 775.573 775.556 775.564 775.547 775.553 775.571 775.544 775.54 775.559 775.542 775.531 775.544 775.518 775.473 775.275 
776.033 775.711 775.723 775.752 775.75 775.752 775.735 775.745 775.763 775.723 775.743 775.752 775.734 775.758 775.736 775.73 775.738 775.744 775.725 775.734 775.717 775.722 775.741 775.712 775.71 775.73 775.711 775.698 775.712 775.686 775.637 775.427 
776.228 775.884 775.897 775.928 775.925 775.924 775.911 775.92 775.938 775.897 775.919 775.926 775.908 775.933 775.909 775.905 775.911 775.917 775.897 775.905 775.891 775.894 775.913 775.884 775.883 775.903 775.881 775.867 775.883 775.857 775.803 775.582 
776.425 776.059 776.073 776.106 776.103 776.099 776.088 776.097 776.115 776.074 776.097 776.103 776.084 776.11 776.085 776.082 776.086 776.093 776.071 776.08 776.066 776.069 776.088 776.057 776.058 776.079 776.055 776.04 776.057 776.029 775.973 775.738 
776.626 776.237 776.252 776.285 776.283 776.276 776.268 776.276 776.294 776.253 776.277 776.283 776.263 776.288 776.264 776.261 776.264 776.271 776.249 776.256 776.244 776.245 776.265 776.233 776.235 776.257 776.232 776.214 776.232 776.204 776.145 775.895 
776.828 776.418 776.433 776.466 776.464 776.457 776.45 776.457 776.475 776.434 776.459 776.464 776.443 776.468 776.445 776.441 776.444 776.45 776.428 776.436 776.424 776.425 776.445 776.411 776.414 776.436 776.41 776.391 776.409 776.38 776.32 776.054 
777.033 776.601 776.617 776.649 776.648 776.639 776.633 776.641 776.658 776.617 776.643 776.648 776.625 776.65 776.629 776.623 776.627 776.632 776.61 776.618 776.605 776.606 776.626 776.591 776.595 776.617 776.591 776.57 776.588 776.558 776.496 776.215 
777.24 776.787 776.804 776.833 776.833 776.824 776.819 776.827 776.844 776.802 776.828 776.835 776.809 776.834 776.815 776.807 776.811 776.815 776.794 776.802 776.789 776.789 776.81 776.772 776.777 776.8 776.774 776.751 776.769 776.738 776.675 776.378 
777.449 776.974 776.992 777.019 777.019 777.01 777.007 777.015 777.031 776.988 777.015 777.024 776.994 777.019 777.002 776.993 776.997 777.001 776.979 776.987 776.974 776.975 776.996 776.955 776.961 776.984 776.958 776.934 776.95 776.921 776.854 776.543 
777.659 777.162 777.183 777.207 777.207 777.199 777.196 777.205 777.219 777.177 777.204 777.214 777.18 777.206 777.191 777.181 777.185 777.188 777.166 777.175 777.16 777.161 777.184 777.14 777.147 777.169 777.143 777.118 777.134 777.105 777.035 776.71 
777.871 777.351 777.374 777.397 777.397 777.389 777.387 777.396 777.409 777.367 777.394 777.406 777.368 777.393 777.381 777.372 777.374 777.378 777.354 777.363 777.348 777.35 777.372 777.327 777.335 777.356 777.329 777.304 777.318 777.29 777.216 776.878 
778.084 777.54 777.567 777.589 777.588 777.581 777.579 777.589 777.599 777.558 777.586 777.598 777.558 777.582 777.572 777.563 777.564 777.569 777.543 777.553 777.538 777.539 777.562 777.515 777.525 777.544 777.516 777.49 777.505 777.476 777.397 777.048 
778.299 777.729 777.76 777.781 777.781 777.774 777.771 777.782 777.79 777.749 777.779 777.79 777.75 777.771 777.764 777.755 777.755 777.761 777.733 777.743 777.729 777.73 777.751 777.705 777.716 777.733 777.705 777.678 777.693 777.664 777.58 777.219 
778.515 777.919 777.954 777.975 777.975 777.968 777.963 777.977 777.983 777.942 777.973 777.982 777.944 777.961 777.958 777.947 777.946 777.954 777.923 777.935 777.922 777.921 777.942 777.895 777.908 777.923 777.894 777.867 777.882 777.852 777.763 777.391 
778.734 778.109 778.148 778.169 778.17 778.163 778.157 778.172 778.176 778.135 778.167 778.175 778.138 778.153 778.152 778.14 778.138 778.148 778.115 778.127 778.115 778.114 778.132 778.086 778.101 778.114 778.084 778.057 778.073 778.041 777.947 777.564 
778.953 778.3 778.343 778.364 778.366 778.358 778.352 778.368 778.371 778.329 778.363 778.37 778.334 778.347 778.347 778.333 778.33 778.342 778.307 778.321 778.309 778.306 778.324 778.279 778.294 778.307 778.276 778.249 778.264 778.23 778.132 777.738 
779.173 778.493 778.539 778.561 778.563 778.554 778.548 778.564 778.568 778.525 778.56 778.565 778.529 778.542 778.543 778.527 778.523 778.537 778.502 778.516 778.504 778.499 778.518 778.473 778.487 778.5 778.468 778.442 778.457 778.42 778.318 777.912 
779.393 778.687 778.736 778.759 778.76 778.75 778.745 778.762 778.765 778.723 778.758 778.762 778.726 778.738 778.738 778.721 778.716 778.732 778.698 778.712 778.698 778.693 778.712 778.667 778.681 778.694 778.662 778.636 778.65 778.61 778.505 778.087 
779.614 778.882 778.934 778.959 778.957 778.946 778.942 778.96 778.964 778.922 778.957 778.96 778.923 778.935 778.934 778.917 778.91 778.929 778.896 778.908 778.893 778.887 778.908 778.863 778.875 778.888 778.856 778.831 778.844 778.801 778.693 778.263 
779.835 779.078 779.133 779.159 779.155 779.144 779.141 779.159 779.163 779.123 779.156 779.158 779.121 779.134 779.129 779.113 779.105 779.127 779.094 779.105 779.088 779.082 779.104 779.058 779.07 779.084 779.051 779.026 779.04 778.992 778.882 778.439 
780.057 779.275 779.331 779.361 779.352 779.343 779.34 779.358 779.363 779.324 779.356 779.357 779.319 779.333 779.324 779.309 779.302 779.325 779.293 779.302 779.285 779.278 779.301 779.254 779.265 779.279 779.248 779.223 779.237 779.185 779.071 778.616 
780.28 779.472 779.53 779.563 779.55 779.543 779.54 779.558 779.564 779.526 779.555 779.556 779.518 779.533 779.52 779.507 779.499 779.525 779.492 779.5 779.482 779.474 779.498 779.452 779.461 779.476 779.446 779.419 779.436 779.378 779.261 778.792 
780.502 779.668 779.729 779.764 779.747 779.743 779.74 779.759 779.765 779.726 779.755 779.755 779.718 779.733 779.718 779.704 779.698 779.725 779.692 779.698 779.681 779.672 779.696 779.65 779.656 779.672 779.644 779.616 779.636 779.571 779.451 778.968 
780.725 779.865 779.927 779.967 779.945 779.945 779.94 779.96 779.965 779.927 779.954 779.954 779.918 779.932 779.917 779.903 779.898 779.926 779.891 779.897 779.879 779.871 779.894 779.85 779.853 779.87 779.843 779.812 779.836 779.766 779.642 779.145 
780.949 780.062 780.127 780.169 780.144 780.146 780.141 780.161 780.166 780.127 780.154 780.154 780.119 780.133 780.117 780.102 780.098 780.127 780.091 780.096 780.078 780.07 780.092 780.05 780.05 780.068 780.043 780.008 780.036 779.96 779.834 779.321 
781.173 780.26 780.326 780.373 780.343 780.348 780.342 780.363 780.366 780.328 780.353 780.354 780.32 780.334 780.317 780.303 780.298 780.329 780.291 780.296 780.278 780.27 780.291 780.251 780.248 780.267 780.243 780.204 780.235 780.154 780.026 779.498 
781.397 780.458 780.527 780.576 780.543 780.55 780.543 780.564 780.566 780.53 780.553 780.554 780.522 780.535 780.518 780.504 780.498 780.531 780.491 780.496 780.478 780.471 780.489 780.451 780.446 780.467 780.442 780.399 780.433 780.349 780.218 779.675 
781.623 780.658 780.727 780.78 780.743 780.752 780.745 780.767 780.766 780.732 780.753 780.755 780.724 780.738 780.719 780.705 780.699 780.732 780.691 780.697 780.678 780.672 780.688 780.653 780.644 780.666 780.641 780.595 780.63 780.543 780.41 779.853 
781.849 780.859 780.927 780.982 780.945 780.953 780.947 780.97 780.966 780.935 780.954 780.955 780.927 780.94 780.921 780.907 780.901 780.934 780.891 780.898 780.878 780.873 780.886 780.855 780.843 780.867 780.839 780.79 780.827 780.738 780.603 780.03 
782.077 781.06 781.127 781.185 781.147 781.155 781.15 781.174 781.167 781.139 781.156 781.156 781.129 781.143 781.122 781.108 781.103 781.137 781.09 781.099 781.079 781.073 781.086 781.058 781.041 781.067 781.038 780.986 781.024 780.933 780.796 780.209 
782.304 781.261 781.327 781.387 781.35 781.357 781.353 781.378 781.368 781.342 781.358 781.358 781.331 781.345 781.323 781.309 781.304 781.339 781.29 781.301 781.28 781.273 781.285 781.262 781.24 781.268 781.237 781.183 781.221 781.128 780.99 780.388 
782.531 781.461 781.526 781.589 781.554 781.558 781.557 781.583 781.569 781.545 781.561 781.559 781.533 781.548 781.524 781.509 781.506 781.542 781.489 781.503 781.482 781.473 781.485 781.465 781.44 781.469 781.437 781.38 781.419 781.324 781.184 780.567 
782.759 781.662 781.727 781.792 781.759 781.761 781.76 781.789 781.771 781.747 781.763 781.76 781.735 781.75 781.725 781.71 781.707 781.744 781.689 781.706 781.683 781.672 781.685 781.669 781.64 781.67 781.636 781.579 781.618 781.52 781.377 780.747 
782.986 781.863 781.928 781.996 781.963 781.964 781.963 781.994 781.972 781.95 781.965 781.962 781.937 781.952 781.925 781.912 781.908 781.946 781.89 781.908 781.885 781.872 781.886 781.873 781.841 781.871 781.836 781.779 781.818 781.716 781.57 780.926 
783.213 782.063 782.13 782.2 782.168 782.167 782.166 782.198 782.174 782.154 782.168 782.165 782.139 782.153 782.127 782.115 782.109 782.146 782.091 782.11 782.087 782.072 782.086 782.076 782.042 782.072 782.036 781.98 782.019 781.913 781.762 781.106 
783.44 782.264 782.333 782.404 782.372 782.371 782.369 782.401 782.375 782.357 782.371 782.367 782.341 782.354 782.329 782.319 782.31 782.346 782.294 782.312 782.289 782.273 782.287 782.279 782.243 782.272 782.236 782.181 782.22 782.111 781.954 781.285 
783.666 782.466 782.535 782.608 782.575 782.575 782.573 782.603 782.577 782.561 782.574 782.57 782.541 782.555 782.532 782.523 782.511 782.546 782.496 782.514 782.491 782.475 782.489 782.482 782.444 782.472 782.435 782.383 782.42 782.308 782.147 781.464 
783.893 782.668 782.738 782.811 782.778 782.779 782.777 782.803 782.779 782.765 782.777 782.772 782.741 782.756 782.735 782.727 782.714 782.747 782.698 782.716 782.694 782.678 782.691 782.685 782.646 782.671 782.635 782.584 782.619 782.506 782.34 781.643 
784.12 782.87 782.941 783.014 782.98 782.982 782.98 783.003 782.982 782.968 782.979 782.973 782.942 782.958 782.938 782.931 782.916 782.948 782.9 782.917 782.897 782.88 782.893 782.887 782.847 782.871 782.835 782.785 782.818 782.703 782.534 781.821 
784.348 783.073 783.144 783.216 783.182 783.185 783.184 783.203 783.185 783.17 783.181 783.175 783.142 783.159 783.141 783.134 783.118 783.15 783.102 783.118 783.099 783.083 783.096 783.089 783.049 783.07 783.036 782.985 783.016 782.901 782.729 782 
784.576 783.275 783.347 783.417 783.383 783.386 783.386 783.403 783.388 783.373 783.382 783.375 783.343 783.36 783.344 783.336 783.32 783.352 783.303 783.319 783.301 783.286 783.298 783.29 783.25 783.269 783.237 783.185 783.214 783.098 782.924 782.179 
784.804 783.477 783.55 783.619 783.584 783.588 783.587 783.604 783.591 783.575 783.583 783.576 783.543 783.561 783.546 783.538 783.522 783.555 783.505 783.519 783.502 783.488 783.501 783.49 783.45 783.468 783.437 783.384 783.412 783.295 783.119 782.358 
785.031 783.677 783.753 783.82 783.784 783.789 783.788 783.804 783.794 783.777 783.785 783.777 783.744 783.761 783.747 783.739 783.723 783.758 783.706 783.72 783.703 783.69 783.703 783.691 783.65 783.667 783.637 783.583 783.609 783.49 783.314 782.537 
785.258 783.877 783.957 784.021 783.983 783.99 783.988 784.004 783.997 783.978 783.985 783.978 783.943 783.961 783.947 783.939 783.924 783.96 783.906 783.92 783.903 783.891 783.905 783.891 783.848 783.865 783.835 783.78 783.805 783.685 783.508 782.716 
785.483 784.075 784.159 784.221 784.181 784.191 784.187 784.203 784.2 784.179 784.186 784.179 784.142 784.159 784.147 784.138 784.123 784.161 784.106 784.12 784.102 784.092 784.106 784.09 784.044 784.063 784.033 783.975 784.001 783.878 783.701 782.895 
785.708 784.272 784.36 784.422 784.379 784.391 784.387 784.402 784.403 784.379 784.385 784.38 784.34 784.356 784.346 784.336 784.321 784.361 784.305 784.32 784.301 784.292 784.306 784.289 784.239 784.26 784.231 784.17 784.194 784.072 783.893 783.072 
785.932 784.468 784.56 784.621 784.577 784.59 784.586 784.6 784.605 784.578 784.583 784.579 784.538 784.553 784.544 784.534 784.519 784.559 784.503 784.518 784.498 784.49 784.506 784.485 784.433 784.456 784.428 784.364 784.387 784.265 784.085 783.249 
786.154 784.663 784.759 784.819 784.776 784.789 784.784 784.796 784.806 784.776 784.78 784.776 784.734 784.749 784.741 784.732 784.716 784.757 784.7 784.716 784.693 784.687 784.704 784.681 784.626 784.651 784.624 784.558 784.578 784.457 784.275 783.425 
786.375 784.858 784.957 785.016 784.974 784.986 784.982 784.991 785.005 784.972 784.975 784.972 784.93 784.945 784.938 784.928 784.912 784.954 784.896 784.912 784.888 784.883 784.9 784.874 784.818 784.846 784.819 784.752 784.769 784.648 784.465 783.599 
786.593 785.051 785.153 785.212 785.171 785.183 785.178 785.185 785.202 785.167 785.17 785.167 785.124 785.139 785.133 785.124 785.106 785.15 785.092 785.107 785.08 785.078 785.094 785.067 785.009 785.039 785.013 784.946 784.959 784.838 784.653 783.772 
786.81 785.243 785.348 785.405 785.367 785.379 785.372 785.379 785.397 785.36 785.362 785.361 785.317 785.333 785.326 785.317 785.299 785.345 785.286 785.3 785.272 785.272 785.288 785.258 785.2 785.231 785.205 785.14 785.148 785.026 784.839 783.943 
787.026 785.434 785.542 785.597 785.562 785.573 785.565 785.57 785.589 785.553 785.553 785.553 785.508 785.524 785.518 785.509 785.49 785.538 785.479 785.491 785.461 785.464 785.479 785.447 785.389 785.421 785.396 785.332 785.335 785.212 785.024 784.113 
787.241 785.624 785.734 785.788 785.755 785.766 785.757 785.76 785.779 785.744 785.743 785.744 785.697 785.714 785.708 785.698 785.679 785.73 785.669 785.681 785.649 785.655 785.669 785.635 785.578 785.609 785.586 785.522 785.522 785.397 785.206 784.28 
787.456 785.811 785.923 785.977 785.947 785.957 785.946 785.948 785.968 785.933 785.931 785.933 785.884 785.903 785.897 785.885 785.867 785.92 785.858 785.869 785.834 785.844 785.856 785.821 785.765 785.795 785.773 785.709 785.706 785.581 785.387 784.446 
787.669 785.996 786.11 786.165 786.136 786.146 786.134 786.135 786.155 786.122 786.116 786.12 786.07 786.09 786.084 786.07 786.053 786.107 786.045 786.055 786.018 786.03 786.041 786.006 785.95 785.979 785.959 785.893 785.889 785.763 785.565 784.61 
787.88 786.179 786.295 786.351 786.322 786.332 786.319 786.319 786.341 786.308 786.299 786.305 786.253 786.276 786.27 786.253 786.237 786.292 786.229 786.239 786.2 786.214 786.224 786.188 786.134 786.161 786.141 786.074 786.068 785.943 785.741 784.771 
788.088 786.359 786.478 786.535 786.505 786.516 786.501 786.502 786.524 786.492 786.48 786.489 786.436 786.461 786.454 786.434 786.419 786.475 786.411 786.42 786.38 786.394 786.403 786.369 786.315 786.341 786.321 786.252 786.245 786.121 785.915 784.93 
788.294 786.536 786.659 786.716 786.685 786.698 786.68 786.683 786.705 786.674 786.658 786.67 786.617 786.642 786.635 786.614 786.598 786.654 786.59 786.599 786.558 786.571 786.58 786.546 786.495 786.519 786.497 786.427 786.419 786.297 786.087 785.086 
788.496 786.711 786.837 786.894 786.862 786.878 786.857 786.863 786.883 786.853 786.834 786.848 786.796 786.821 786.812 786.791 786.775 786.831 786.766 786.774 786.733 786.745 786.755 786.722 786.672 786.693 786.671 786.6 786.59 786.47 786.257 785.239 
788.694 786.883 787.013 787.069 787.036 787.054 787.031 787.04 787.059 787.028 787.007 787.023 786.971 786.996 786.986 786.966 786.95 787.004 786.938 786.946 786.904 786.916 786.925 786.894 786.845 786.864 786.841 786.769 786.758 786.64 786.424 785.389 
788.887 787.054 787.186 787.241 787.207 787.228 787.203 787.214 787.231 787.2 787.178 787.195 787.144 787.167 787.157 787.137 787.121 787.174 787.106 787.114 787.073 787.083 787.093 787.062 787.014 787.033 787.008 786.935 786.922 786.806 786.588 785.536 
789.076 787.223 787.356 787.41 787.375 787.398 787.372 787.384 787.4 787.368 787.345 787.363 787.312 787.335 787.323 787.304 787.288 787.34 787.27 787.28 787.238 787.248 787.256 787.227 787.179 787.197 787.171 787.098 787.083 786.968 786.749 785.681 
789.26 787.388 787.521 787.575 787.539 787.565 787.538 787.55 787.566 787.532 787.509 787.527 787.477 787.499 787.486 787.467 787.451 787.502 787.43 787.442 787.4 787.409 787.415 787.388 787.339 787.358 787.33 787.257 787.241 787.125 786.906 785.823 
789.439 787.55 787.684 787.737 787.699 787.727 787.699 787.711 787.728 787.693 787.67 787.687 787.637 787.66 787.645 787.626 787.61 787.66 787.586 787.601 787.557 787.566 787.571 787.544 787.495 787.515 787.485 787.412 787.395 787.279 787.059 785.961 
789.613 787.707 787.842 787.895 787.856 787.885 787.856 787.868 787.887 787.849 787.826 787.843 787.793 787.816 787.8 787.781 787.764 787.814 787.739 787.756 787.71 787.72 787.721 787.696 787.647 787.667 787.636 787.563 787.545 787.429 787.207 786.096 
789.782 787.861 787.997 788.05 788.009 788.039 788.009 788.02 788.041 788.001 787.978 787.995 787.944 787.968 787.949 787.932 787.915 787.963 787.888 787.906 787.859 787.87 787.867 787.843 787.795 787.815 787.782 787.71 787.691 787.574 787.35 786.226 
789.946 788.01 788.147 788.2 788.158 788.188 788.157 788.168 788.19 788.149 788.126 788.142 788.091 788.115 788.094 788.078 788.06 788.107 788.033 788.051 788.003 788.015 788.009 787.984 787.939 787.958 787.923 787.852 787.833 787.714 787.488 786.353 
790.106 788.155 788.293 788.345 788.302 788.333 788.299 788.312 788.334 788.292 788.269 788.285 788.234 788.257 788.234 788.22 788.201 788.246 788.173 788.191 788.141 788.156 788.145 788.121 788.078 788.097 788.059 787.99 787.97 787.849 787.622 786.475 
790.26 788.295 788.434 788.486 788.442 788.472 788.437 788.451 788.474 788.431 788.407 788.423 788.372 788.395 788.369 788.356 788.337 788.381 788.309 788.325 788.275 788.292 788.277 788.254 788.213 788.231 788.191 788.123 788.101 787.979 787.75 786.593 
790.408 788.43 788.57 788.622 788.576 788.606 788.571 788.585 788.608 788.565 788.541 788.557 788.505 788.527 788.5 788.487 788.468 788.511 788.439 788.454 788.404 788.423 788.405 788.382 788.343 788.359 788.317 788.252 788.228 788.104 787.873 786.706 
790.551 788.56 788.701 788.753 788.706 788.735 788.699 788.714 788.737 788.694 788.67 788.686 788.633 788.654 788.627 788.613 788.594 788.635 788.564 788.577 788.528 788.549 788.528 788.506 788.468 788.482 788.438 788.375 788.35 788.224 787.991 786.815 
790.687 788.686 788.827 788.879 788.83 788.859 788.823 788.837 788.862 788.818 788.793 788.809 788.755 788.775 788.749 788.733 788.715 788.755 788.684 788.696 788.647 788.669 788.647 788.625 788.587 788.601 788.553 788.493 788.466 788.339 788.105 786.918 
790.817 788.806 788.948 789 788.949 788.977 788.942 788.955 788.981 788.937 788.912 788.927 788.872 788.891 788.866 788.848 788.831 788.87 788.799 788.811 788.76 788.784 788.761 788.739 788.701 788.714 788.664 788.605 788.576 788.448 788.214 787.016 
790.94 788.921 789.064 789.116 789.063 789.091 789.056 789.068 789.094 789.051 789.026 789.039 788.983 789.002 788.977 788.958 788.942 788.98 788.908 788.92 788.868 788.893 788.871 788.847 788.81 788.821 788.77 788.711 788.681 788.551 788.318 787.109 
791.058 789.032 789.175 789.226 789.17 789.2 789.164 789.174 789.202 789.158 789.134 789.146 789.089 789.107 789.084 789.062 789.048 789.085 789.013 789.026 788.971 788.996 788.976 788.951 788.914 788.924 788.871 788.812 788.781 788.65 788.417 787.196 
791.169 789.137 789.279 789.331 789.272 789.303 789.267 789.276 789.305 789.26 789.237 789.248 789.19 789.208 789.184 789.16 789.148 789.184 789.112 789.126 789.069 789.093 789.075 789.049 789.011 789.02 788.968 788.907 788.875 788.743 788.51 787.279 
791.274 789.236 789.378 789.429 789.369 789.402 789.365 789.372 789.402 789.357 789.334 789.344 789.285 789.303 789.279 789.254 789.243 789.278 789.207 789.22 789.162 789.185 789.168 789.142 789.103 789.111 789.06 788.997 788.965 788.831 788.599 787.357 
791.372 789.33 789.471 789.521 789.461 789.495 789.458 789.463 789.493 789.448 789.426 789.434 789.376 789.392 789.368 789.343 789.332 789.367 789.295 789.31 789.25 789.271 789.255 789.229 789.189 789.198 789.148 789.083 789.048 788.915 788.682 787.43 
791.464 789.418 789.559 789.609 789.548 789.583 789.546 789.549 789.579 789.534 789.512 789.52 789.462 789.477 789.451 789.427 789.417 789.45 789.379 789.394 789.333 789.353 789.338 789.311 789.27 789.279 789.23 789.163 789.127 788.994 788.76 787.499 
791.55 789.502 789.642 789.692 789.631 789.665 789.629 789.632 789.66 789.616 789.594 789.601 789.543 789.556 789.53 789.506 789.496 789.528 789.457 789.472 789.411 789.43 789.415 789.388 789.347 789.356 789.308 789.24 789.201 789.068 788.834 787.564 
791.632 789.583 789.721 789.772 789.71 789.743 789.709 789.711 789.737 789.694 789.672 789.677 789.62 789.632 789.605 789.581 789.571 789.603 789.532 789.547 789.484 789.503 789.489 789.462 789.419 789.43 789.382 789.312 789.272 789.139 788.903 787.626 
791.711 789.66 789.797 789.848 789.786 789.817 789.785 789.787 789.812 789.769 789.747 789.75 789.694 789.703 789.676 789.654 789.643 789.675 789.603 789.618 789.555 789.574 789.56 789.533 789.489 789.5 789.453 789.381 789.339 789.206 788.969 787.684 
791.788 789.736 789.871 789.922 789.86 789.888 789.86 789.862 789.884 789.842 789.82 789.82 789.765 789.773 789.746 789.724 789.713 789.744 789.673 789.687 789.623 789.644 789.629 789.602 789.555 789.568 789.522 789.448 789.403 789.271 789.033 787.74 
