773.072 773.072 773.072 773.072 773.072 773.072 773.072 773.072 773.072 773.072 773.072 773.072 773.072 773.072 773.072 773.072 773.072 773.072 773.072 773.072 773.072 773.072 773.072 773.072 773.072 773.072 773.072 773.072 773.072 773.072 773.072 773.072 
773.182 773.162 773.163 773.165 773.163 773.165 773.165 773.166 773.166 773.165 773.165 773.168 773.166 773.167 773.164 773.165 773.167 773.163 773.164 773.167 773.165 773.165 773.165 773.165 773.165 773.164 773.165 773.165 773.166 773.162 773.161 773.158 
773.296 773.256 773.257 773.262 773.259 773.261 773.261 773.264 773.264 773.262 773.262 773.268 773.264 773.267 773.26 773.262 773.265 773.258 773.259 773.265 773.262 773.262 773.262 773.261 773.262 773.26 773.262 773.262 773.263 773.257 773.255 773.247 
773.415 773.353 773.356 773.364 773.359 773.362 773.362 773.365 773.366 773.362 773.363 773.371 773.366 773.37 773.36 773.363 773.366 773.358 773.359 773.366 773.363 773.363 773.363 773.361 773.361 773.36 773.363 773.362 773.364 773.354 773.352 773.34 
773.538 773.456 773.458 773.47 773.464 773.467 773.468 773.47 773.473 773.467 773.468 773.479 773.471 773.477 773.465 773.467 773.471 773.461 773.463 773.471 773.467 773.469 773.468 773.465 773.464 773.466 773.469 773.466 773.468 773.456 773.453 773.436 
773.666 773.563 773.565 773.58 773.574 773.577 773.577 773.579 773.584 773.575 773.578 773.59 773.581 773.589 773.575 773.577 773.579 773.57 773.573 773.58 773.576 773.578 773.578 773.574 773.572 773.577 773.579 773.573 773.575 773.563 773.558 773.537 
773.799 773.677 773.678 773.694 773.69 773.691 773.691 773.692 773.7 773.689 773.694 773.706 773.695 773.706 773.69 773.69 773.692 773.684 773.687 773.694 773.689 773.693 773.693 773.687 773.684 773.692 773.693 773.685 773.686 773.673 773.667 773.641 
773.937 773.795 773.794 773.813 773.81 773.811 773.81 773.81 773.82 773.807 773.814 773.825 773.814 773.826 773.809 773.809 773.809 773.803 773.806 773.812 773.806 773.811 773.813 773.805 773.801 773.811 773.811 773.801 773.802 773.789 773.78 773.75 
774.08 773.918 773.916 773.937 773.935 773.934 773.932 773.933 773.944 773.929 773.94 773.948 773.936 773.951 773.933 773.931 773.931 773.927 773.93 773.935 773.929 773.933 773.938 773.928 773.922 773.934 773.933 773.921 773.922 773.909 773.897 773.863 
774.228 774.045 774.041 774.064 774.063 774.062 774.059 774.061 774.072 774.056 774.069 774.075 774.063 774.078 774.06 774.058 774.058 774.055 774.057 774.062 774.055 774.06 774.067 774.055 774.048 774.06 774.057 774.046 774.047 774.033 774.019 773.98 
774.38 774.177 774.171 774.195 774.194 774.195 774.19 774.192 774.204 774.187 774.201 774.205 774.193 774.209 774.191 774.187 774.19 774.188 774.188 774.193 774.185 774.19 774.2 774.186 774.177 774.19 774.185 774.174 774.176 774.162 774.144 774.1 
774.537 774.311 774.306 774.33 774.329 774.332 774.324 774.328 774.34 774.321 774.336 774.338 774.327 774.343 774.325 774.321 774.326 774.325 774.323 774.328 774.319 774.324 774.336 774.32 774.31 774.323 774.316 774.307 774.31 774.295 774.273 774.224 
774.698 774.448 774.445 774.469 774.469 774.472 774.463 774.466 774.48 774.458 774.474 774.476 774.465 774.48 774.463 774.457 774.466 774.466 774.461 774.466 774.455 774.462 774.476 774.458 774.447 774.461 774.452 774.443 774.448 774.431 774.406 774.351 
774.864 774.589 774.587 774.611 774.611 774.617 774.604 774.609 774.624 774.598 774.615 774.617 774.607 774.622 774.605 774.598 774.609 774.61 774.603 774.608 774.596 774.603 774.618 774.598 774.586 774.602 774.591 774.583 774.59 774.571 774.543 774.482 
775.033 774.733 774.734 774.757 774.758 774.765 774.749 774.754 774.77 774.741 774.759 774.763 774.751 774.767 774.75 774.742 774.754 774.757 774.747 774.753 774.739 774.746 774.763 774.742 774.73 774.747 774.735 774.727 774.735 774.714 774.683 774.617 
775.207 774.88 774.884 774.907 774.908 774.915 774.897 774.903 774.92 774.888 774.906 774.912 774.898 774.916 774.899 774.89 774.902 774.906 774.895 774.901 774.886 774.893 774.911 774.887 774.876 774.895 774.882 774.874 774.883 774.86 774.827 774.754 
775.384 775.03 775.037 775.06 775.061 775.068 775.049 775.056 775.073 775.038 775.057 775.064 775.049 775.068 775.051 775.042 775.054 775.058 775.045 775.052 775.036 775.043 775.061 775.036 775.027 775.046 775.032 775.024 775.033 775.008 774.972 774.894 
775.565 775.183 775.192 775.217 775.216 775.223 775.203 775.211 775.229 775.192 775.211 775.219 775.203 775.224 775.205 775.197 775.208 775.213 775.198 775.206 775.188 775.195 775.214 775.187 775.181 775.199 775.184 775.175 775.186 775.16 775.12 775.036 
775.749 775.339 775.35 775.376 775.375 775.379 775.361 775.37 775.388 775.35 775.369 775.377 775.361 775.383 775.362 775.355 775.365 775.37 775.354 775.362 775.344 775.35 775.369 775.342 775.337 775.356 775.339 775.329 775.341 775.315 775.27 775.181 
775.936 775.497 775.51 775.538 775.536 775.538 775.522 775.531 775.549 775.51 775.53 775.538 775.521 775.544 775.522 775.516 775.524 775.529 775.512 775.52 775.504 775.508 775.527 775.499 775.496 775.516 775.497 775.484 775.499 775.472 775.423 775.328 
776.126 775.659 775.673 775.703 775.7 775.699 775.686 775.694 775.713 775.673 775.694 775.702 775.684 775.708 775.684 775.68 775.686 775.692 775.672 775.681 775.666 775.669 775.687 775.659 775.658 775.678 775.656 775.643 775.659 775.632 775.578 775.477 
776.318 775.822 775.837 775.87 775.867 775.863 775.853 775.86 775.879 775.838 775.86 775.867 775.849 775.873 775.849 775.846 775.85 775.856 775.836 775.844 775.83 775.832 775.851 775.821 775.821 775.843 775.819 775.803 775.821 775.793 775.737 775.627 
776.514 775.989 776.005 776.038 776.035 776.029 776.021 776.028 776.046 776.006 776.029 776.035 776.016 776.04 776.017 776.013 776.017 776.023 776.002 776.009 775.997 775.998 776.017 775.986 775.987 776.009 775.984 775.967 775.985 775.956 775.898 775.78 
776.711 776.158 776.175 776.208 776.206 776.198 776.192 776.198 776.216 776.176 776.2 776.206 776.185 776.209 776.187 776.182 776.186 776.191 776.17 776.177 776.165 776.166 776.186 776.153 776.155 776.178 776.151 776.133 776.151 776.121 776.061 775.934 
776.911 776.331 776.348 776.379 776.378 776.369 776.364 776.371 776.388 776.347 776.373 776.378 776.356 776.379 776.359 776.353 776.357 776.362 776.341 776.348 776.335 776.336 776.356 776.321 776.325 776.348 776.321 776.301 776.318 776.288 776.227 776.089 
777.113 776.505 776.523 776.552 776.552 776.543 776.538 776.546 776.563 776.521 776.547 776.554 776.528 776.552 776.534 776.525 776.53 776.534 776.513 776.521 776.508 776.508 776.529 776.491 776.496 776.519 776.492 776.47 776.487 776.457 776.394 776.247 
777.317 776.681 776.701 776.726 776.727 776.718 776.715 776.723 776.738 776.696 776.723 776.731 776.702 776.726 776.71 776.7 776.705 776.708 776.687 776.695 776.681 776.682 776.703 776.663 776.669 776.692 776.665 776.642 776.658 776.628 776.562 776.407 
777.522 776.858 776.88 776.903 776.904 776.895 776.893 776.901 776.916 776.873 776.9 776.911 776.877 776.902 776.887 776.878 776.882 776.884 776.863 776.871 776.857 776.858 776.88 776.837 776.844 776.866 776.839 776.815 776.83 776.801 776.731 776.568 
777.728 777.036 777.06 777.082 777.082 777.074 777.073 777.081 777.094 777.052 777.08 777.091 777.054 777.078 777.066 777.057 777.06 777.063 777.04 777.049 777.034 777.035 777.057 777.012 777.02 777.042 777.014 776.989 777.004 776.975 776.901 776.732 
777.936 777.214 777.241 777.263 777.262 777.255 777.253 777.262 777.273 777.232 777.26 777.272 777.233 777.255 777.246 777.237 777.238 777.242 777.218 777.227 777.212 777.213 777.235 777.189 777.199 777.219 777.19 777.164 777.179 777.151 777.072 776.896 
778.146 777.391 777.423 777.444 777.444 777.437 777.434 777.445 777.453 777.412 777.442 777.453 777.414 777.433 777.427 777.417 777.418 777.423 777.396 777.406 777.392 777.393 777.414 777.367 777.379 777.396 777.367 777.341 777.356 777.327 777.243 777.062 
778.358 777.57 777.606 777.626 777.627 777.62 777.616 777.628 777.634 777.593 777.624 777.634 777.596 777.612 777.609 777.598 777.598 777.605 777.575 777.586 777.573 777.573 777.593 777.547 777.56 777.575 777.545 777.519 777.534 777.504 777.414 777.229 
778.571 777.748 777.789 777.809 777.811 777.804 777.798 777.812 777.817 777.775 777.808 777.816 777.779 777.793 777.793 777.779 777.779 777.787 777.756 777.768 777.756 777.754 777.772 777.727 777.741 777.755 777.724 777.698 777.713 777.682 777.587 777.397 
778.785 777.929 777.973 777.993 777.995 777.988 777.982 777.996 778.001 777.958 777.992 777.999 777.963 777.975 777.976 777.961 777.96 777.97 777.937 777.95 777.939 777.935 777.953 777.908 777.923 777.936 777.904 777.878 777.893 777.86 777.761 777.565 
779 778.11 778.158 778.179 778.181 778.172 778.166 778.182 778.186 778.143 778.178 778.183 778.148 778.159 778.161 778.144 778.141 778.154 778.121 778.134 778.122 778.117 778.135 778.091 778.105 778.118 778.085 778.06 778.075 778.038 777.936 777.734 
779.215 778.293 778.344 778.366 778.367 778.356 778.352 778.368 778.372 778.329 778.365 778.369 778.333 778.344 778.345 778.327 778.323 778.338 778.306 778.318 778.305 778.299 778.318 778.274 778.288 778.3 778.268 778.243 778.257 778.217 778.112 777.904 
779.431 778.477 778.53 778.554 778.553 778.542 778.539 778.554 778.559 778.518 778.552 778.555 778.519 778.53 778.529 778.512 778.506 778.524 778.492 778.503 778.488 778.482 778.503 778.458 778.471 778.484 778.451 778.426 778.44 778.396 778.289 778.075 
779.647 778.662 778.718 778.744 778.739 778.728 778.726 778.742 778.747 778.707 778.74 778.742 778.706 778.718 778.713 778.696 778.69 778.71 778.679 778.689 778.672 778.666 778.688 778.642 778.654 778.668 778.635 778.611 778.624 778.577 778.466 778.246 
779.864 778.847 778.905 778.934 778.925 778.916 778.914 778.931 778.937 778.898 778.929 778.93 778.893 778.906 778.897 778.882 778.875 778.898 778.867 778.875 778.858 778.851 778.873 778.827 778.838 778.852 778.82 778.796 778.81 778.758 778.644 778.417 
780.081 779.033 779.093 779.124 779.112 779.105 779.102 779.12 779.126 779.087 779.117 779.118 779.081 779.094 779.082 779.068 779.061 779.086 779.055 779.062 779.044 779.036 779.059 779.014 779.022 779.037 779.007 778.981 778.998 778.939 778.823 778.588 
780.299 779.218 779.28 779.315 779.298 779.294 779.291 779.309 779.315 779.277 779.305 779.306 779.269 779.282 779.268 779.254 779.249 779.275 779.243 779.249 779.231 779.223 779.245 779.201 779.207 779.223 779.194 779.166 779.187 779.122 779.002 778.759 
780.517 779.404 779.468 779.506 779.485 779.484 779.48 779.499 779.505 779.466 779.494 779.494 779.458 779.471 779.456 779.441 779.437 779.464 779.432 779.436 779.419 779.41 779.432 779.389 779.392 779.409 779.382 779.351 779.376 779.305 779.182 778.93 
780.735 779.589 779.656 779.697 779.672 779.674 779.67 779.688 779.694 779.655 779.682 779.682 779.648 779.66 779.645 779.63 779.626 779.654 779.62 779.624 779.607 779.598 779.619 779.578 779.579 779.596 779.57 779.536 779.564 779.488 779.362 779.101 
780.954 779.776 779.844 779.89 779.86 779.865 779.86 779.879 779.883 779.845 779.87 779.871 779.838 779.85 779.834 779.819 779.815 779.845 779.809 779.813 779.795 779.787 779.807 779.768 779.765 779.784 779.759 779.72 779.752 779.671 779.542 779.273 
781.174 779.963 780.033 780.082 780.048 780.056 780.05 780.069 780.071 780.035 780.059 780.06 780.029 780.04 780.024 780.009 780.004 780.036 779.997 780.002 779.983 779.977 779.994 779.957 779.952 779.972 779.947 779.905 779.938 779.854 779.723 779.445 
781.394 780.152 780.222 780.274 780.238 780.246 780.24 780.26 780.26 780.227 780.248 780.249 780.22 780.231 780.214 780.199 780.194 780.226 780.186 780.191 780.172 780.166 780.181 780.147 780.139 780.161 780.134 780.089 780.124 780.037 779.905 779.617 
781.615 780.341 780.411 780.466 780.428 780.437 780.431 780.452 780.449 780.418 780.438 780.439 780.411 780.423 780.404 780.389 780.384 780.417 780.375 780.381 780.361 780.356 780.369 780.338 780.326 780.35 780.322 780.274 780.31 780.221 780.086 779.79 
781.838 780.531 780.6 780.657 780.619 780.627 780.623 780.645 780.639 780.611 780.628 780.628 780.602 780.614 780.594 780.579 780.575 780.608 780.563 780.571 780.551 780.545 780.557 780.53 780.513 780.539 780.509 780.458 780.496 780.405 780.269 779.963 
782.06 780.721 780.788 780.847 780.811 780.817 780.815 780.838 780.829 780.803 780.819 780.818 780.793 780.805 780.784 780.768 780.765 780.799 780.752 780.762 780.741 780.734 780.745 780.723 780.701 780.729 780.697 780.644 780.682 780.589 780.451 780.136 
782.282 780.91 780.977 781.038 781.004 781.008 781.007 781.032 781.019 780.994 781.01 781.008 780.984 780.996 780.973 780.958 780.956 780.991 780.94 780.953 780.931 780.923 780.934 780.915 780.889 780.919 780.885 780.83 780.869 780.773 780.633 780.31 
782.505 781.099 781.166 781.23 781.197 781.199 781.2 781.226 781.209 781.186 781.201 781.199 781.175 781.187 781.163 781.147 781.146 781.182 781.129 781.144 781.122 781.111 781.123 781.108 781.078 781.109 781.074 781.017 781.057 780.958 780.815 780.485 
782.727 781.289 781.356 781.423 781.39 781.391 781.392 781.42 781.4 781.377 781.392 781.389 781.366 781.378 781.353 781.338 781.335 781.372 781.318 781.335 781.312 781.299 781.312 781.3 781.268 781.298 781.262 781.206 781.246 781.143 780.997 780.659 
782.949 781.478 781.547 781.616 781.584 781.583 781.583 781.613 781.59 781.57 781.584 781.58 781.556 781.568 781.543 781.53 781.524 781.561 781.508 781.526 781.503 781.488 781.501 781.492 781.457 781.487 781.451 781.396 781.435 781.329 781.178 780.833 
783.171 781.668 781.738 781.809 781.777 781.776 781.775 781.805 781.78 781.762 781.776 781.772 781.746 781.758 781.734 781.722 781.714 781.75 781.699 781.717 781.693 781.677 781.691 781.684 781.647 781.676 781.639 781.586 781.624 781.515 781.359 781.007 
783.392 781.858 781.93 782.001 781.969 781.969 781.967 781.995 781.97 781.955 781.967 781.963 781.936 781.948 781.925 781.915 781.905 781.939 781.89 781.907 781.884 781.868 781.881 781.876 781.838 781.865 781.828 781.776 781.813 781.702 781.54 781.181 
783.613 782.049 782.121 782.193 782.16 782.161 782.16 782.184 782.161 782.147 782.159 782.154 782.125 782.137 782.117 782.108 782.096 782.128 782.081 782.098 782.076 782.06 782.072 782.067 782.028 782.054 782.016 781.966 782.001 781.888 781.722 781.355 
783.835 782.24 782.313 782.385 782.351 782.353 782.352 782.373 782.353 782.339 782.35 782.344 782.314 782.327 782.309 782.301 782.287 782.318 782.272 782.288 782.268 782.251 782.263 782.258 782.218 782.242 782.205 782.156 782.189 782.074 781.905 781.528 
784.058 782.431 782.504 782.575 782.542 782.544 782.545 782.562 782.544 782.53 782.541 782.534 782.503 782.518 782.501 782.492 782.478 782.508 782.463 782.478 782.459 782.443 782.454 782.448 782.408 782.429 782.395 782.345 782.376 782.261 782.089 781.702 
784.281 782.622 782.696 782.766 782.732 782.735 782.736 782.751 782.736 782.721 782.731 782.724 782.692 782.708 782.692 782.684 782.669 782.699 782.653 782.667 782.649 782.634 782.646 782.638 782.598 782.617 782.584 782.534 782.563 782.447 782.273 781.875 
784.504 782.813 782.888 782.956 782.921 782.925 782.926 782.94 782.928 782.912 782.921 782.913 782.882 782.897 782.883 782.874 782.859 782.891 782.843 782.857 782.839 782.825 782.837 782.828 782.788 782.805 782.773 782.722 782.749 782.632 782.457 782.049 
784.726 783.002 783.081 783.146 783.11 783.115 783.115 783.129 783.12 783.103 783.111 783.103 783.071 783.086 783.073 783.064 783.049 783.083 783.033 783.046 783.029 783.016 783.028 783.017 782.976 782.993 782.961 782.909 782.935 782.816 782.64 782.222 
784.947 783.19 783.272 783.335 783.297 783.305 783.304 783.318 783.312 783.293 783.3 783.293 783.259 783.274 783.262 783.252 783.238 783.274 783.222 783.235 783.218 783.206 783.218 783.205 783.162 783.18 783.149 783.095 783.12 782.999 782.822 782.396 
785.168 783.377 783.464 783.525 783.484 783.494 783.492 783.506 783.504 783.482 783.489 783.483 783.447 783.461 783.45 783.44 783.426 783.464 783.411 783.423 783.406 783.395 783.408 783.394 783.348 783.366 783.336 783.279 783.304 783.182 783.004 782.57 
785.388 783.563 783.654 783.714 783.671 783.683 783.68 783.693 783.695 783.671 783.677 783.672 783.634 783.647 783.638 783.628 783.613 783.652 783.599 783.612 783.593 783.584 783.598 783.581 783.531 783.552 783.522 783.462 783.487 783.364 783.185 782.743 
785.606 783.748 783.843 783.902 783.858 783.871 783.868 783.879 783.886 783.859 783.864 783.86 783.82 783.833 783.825 783.814 783.8 783.839 783.785 783.799 783.779 783.771 783.786 783.766 783.714 783.737 783.707 783.645 783.668 783.546 783.366 782.914 
785.824 783.932 784.03 784.089 784.046 784.058 784.055 784.064 784.076 784.045 784.05 784.046 784.006 784.018 784.011 784 783.985 784.025 783.971 783.986 783.963 783.957 783.972 783.951 783.895 783.921 783.892 783.828 783.848 783.727 783.545 783.085 
786.039 784.115 784.216 784.275 784.233 784.245 784.241 784.248 784.264 784.23 784.234 784.231 784.19 784.202 784.196 784.186 784.17 784.211 784.156 784.171 784.146 784.142 784.157 784.133 784.076 784.104 784.076 784.011 784.028 783.907 783.723 783.254 
786.253 784.297 784.402 784.459 784.419 784.43 784.426 784.431 784.449 784.414 784.417 784.414 784.373 784.385 784.38 784.37 784.353 784.396 784.34 784.354 784.328 784.325 784.341 784.314 784.257 784.286 784.259 784.194 784.206 784.085 783.9 783.421 
786.464 784.478 784.585 784.641 784.604 784.615 784.61 784.613 784.633 784.596 784.598 784.597 784.555 784.567 784.562 784.552 784.535 784.579 784.523 784.536 784.508 784.508 784.523 784.494 784.436 784.467 784.44 784.376 784.384 784.262 784.075 783.587 
786.675 784.658 784.768 784.822 784.787 784.798 784.791 784.794 784.814 784.777 784.778 784.778 784.734 784.748 784.743 784.732 784.715 784.762 784.705 784.716 784.686 784.689 784.703 784.672 784.614 784.645 784.62 784.557 784.56 784.437 784.248 783.751 
786.885 784.836 784.949 785.001 784.969 784.98 784.972 784.973 784.993 784.957 784.957 784.957 784.912 784.927 784.922 784.91 784.893 784.942 784.884 784.895 784.862 784.868 784.881 784.849 784.791 784.822 784.798 784.735 784.735 784.611 784.42 783.914 
787.094 785.012 785.127 785.179 785.149 785.159 785.15 785.149 785.17 785.136 785.133 785.135 785.088 785.104 785.099 785.086 785.07 785.121 785.062 785.071 785.037 785.046 785.058 785.024 784.967 784.997 784.974 784.911 784.909 784.783 784.589 784.074 
787.302 785.186 785.303 785.356 785.327 785.337 785.326 785.324 785.346 785.313 785.307 785.311 785.262 785.28 785.276 785.26 785.244 785.297 785.237 785.246 785.21 785.221 785.231 785.197 785.141 785.17 785.148 785.084 785.08 784.954 784.756 784.233 
787.508 785.357 785.476 785.531 785.502 785.512 785.5 785.498 785.52 785.488 785.479 785.485 785.435 785.455 785.45 785.432 785.417 785.471 785.41 785.419 785.38 785.393 785.402 785.368 785.313 785.341 785.32 785.254 785.248 785.123 784.921 784.389 
787.712 785.526 785.648 785.703 785.674 785.685 785.671 785.669 785.693 785.661 785.649 785.657 785.606 785.628 785.623 785.602 785.588 785.642 785.581 785.589 785.549 785.562 785.571 785.537 785.484 785.51 785.488 785.421 785.414 785.29 785.084 784.542 
787.912 785.692 785.818 785.873 785.842 785.855 785.839 785.839 785.862 785.831 785.816 785.827 785.776 785.798 785.792 785.77 785.756 785.81 785.749 785.756 785.715 785.728 785.737 785.704 785.652 785.676 785.653 785.585 785.576 785.454 785.245 784.693 
788.109 785.855 785.985 786.04 786.008 786.024 786.005 786.007 786.03 785.999 785.98 785.994 785.943 785.966 785.958 785.936 785.921 785.975 785.913 785.92 785.879 785.891 785.9 785.868 785.818 785.839 785.815 785.746 785.736 785.616 785.403 784.841 
788.302 786.017 786.15 786.204 786.171 786.189 786.168 786.173 786.194 786.163 786.142 786.158 786.108 786.129 786.121 786.099 786.085 786.137 786.074 786.081 786.039 786.051 786.059 786.028 785.98 785.999 785.974 785.904 785.893 785.775 785.559 784.986 
788.491 786.176 786.311 786.364 786.33 786.352 786.329 786.336 786.355 786.324 786.301 786.319 786.269 786.29 786.28 786.259 786.244 786.296 786.231 786.238 786.197 786.207 786.215 786.186 786.138 786.156 786.13 786.059 786.046 785.929 785.712 785.128 
788.674 786.334 786.469 786.522 786.487 786.511 786.486 786.495 786.513 786.481 786.458 786.475 786.426 786.446 786.436 786.415 786.4 786.451 786.384 786.392 786.351 786.36 786.367 786.339 786.291 786.309 786.282 786.21 786.196 786.08 785.861 785.267 
788.853 786.488 786.624 786.676 786.64 786.666 786.64 786.65 786.667 786.634 786.61 786.628 786.58 786.599 786.588 786.567 786.552 786.602 786.533 786.543 786.501 786.51 786.516 786.489 786.44 786.459 786.43 786.358 786.342 786.227 786.007 785.404 
789.027 786.638 786.775 786.827 786.789 786.817 786.791 786.799 786.818 786.783 786.759 786.777 786.729 786.748 786.735 786.715 786.7 786.749 786.678 786.691 786.647 786.656 786.66 786.634 786.585 786.605 786.574 786.502 786.485 786.369 786.149 785.537 
789.196 786.785 786.922 786.974 786.935 786.964 786.937 786.945 786.965 786.928 786.905 786.922 786.873 786.893 786.879 786.858 786.843 786.891 786.819 786.835 786.789 786.799 786.799 786.775 786.726 786.746 786.713 786.641 786.624 786.508 786.286 785.666 
789.36 786.927 787.066 787.117 787.077 787.107 787.078 787.086 787.108 787.069 787.045 787.062 787.013 787.034 787.017 786.998 786.982 787.029 786.957 786.974 786.926 786.937 786.934 786.91 786.863 786.882 786.848 786.777 786.758 786.642 786.418 785.791 
789.519 787.065 787.205 787.256 787.214 787.245 787.214 787.223 787.246 787.205 787.182 787.198 787.149 787.17 787.15 787.133 787.116 787.162 787.091 787.108 787.059 787.071 787.064 787.04 786.995 787.015 786.978 786.909 786.889 786.771 786.545 785.913 
789.673 787.198 787.34 787.39 787.347 787.378 787.346 787.355 787.379 787.337 787.314 787.33 787.281 787.301 787.279 787.263 787.246 787.29 787.22 787.236 787.186 787.201 787.189 787.166 787.123 787.142 787.103 787.035 787.014 786.894 786.667 786.029 
789.822 787.327 787.47 787.52 787.476 787.505 787.473 787.483 787.507 787.465 787.441 787.457 787.407 787.427 787.403 787.388 787.37 787.413 787.344 787.359 787.309 787.326 787.31 787.287 787.247 787.264 787.223 787.157 787.135 787.013 786.784 786.142 
789.966 787.451 787.594 787.644 787.599 787.628 787.595 787.606 787.631 787.587 787.563 787.579 787.529 787.548 787.523 787.508 787.49 787.531 787.463 787.476 787.427 787.446 787.426 787.404 787.365 787.382 787.338 787.274 787.251 787.127 786.896 786.25 
790.103 787.57 787.714 787.764 787.717 787.746 787.712 787.724 787.749 787.705 787.681 787.697 787.646 787.663 787.638 787.623 787.605 787.645 787.577 787.589 787.539 787.56 787.538 787.517 787.479 787.494 787.447 787.386 787.361 787.235 787.003 786.354 
790.234 787.684 787.829 787.879 787.83 787.859 787.825 787.836 787.862 787.818 787.793 787.809 787.757 787.773 787.749 787.732 787.715 787.754 787.686 787.696 787.647 787.669 787.646 787.625 787.587 787.601 787.551 787.493 787.466 787.339 787.105 786.452 
790.359 787.793 787.939 787.989 787.938 787.966 787.932 787.942 787.969 787.926 787.901 787.916 787.863 787.878 787.854 787.835 787.82 787.857 787.789 787.799 787.749 787.772 787.749 787.727 787.69 787.702 787.651 787.594 787.565 787.437 787.203 786.545 
790.477 787.897 788.044 788.094 788.04 788.069 788.035 788.043 788.072 788.028 788.003 788.017 787.963 787.977 787.955 787.934 787.92 787.956 787.888 787.898 787.846 787.87 787.848 787.825 787.788 787.799 787.746 787.689 787.659 787.529 787.295 786.632 
790.59 787.996 788.143 788.193 788.137 788.166 788.132 788.139 788.169 788.125 788.1 788.113 788.057 788.072 788.05 788.026 788.014 788.049 787.981 787.992 787.938 787.962 787.941 787.917 787.88 787.89 787.836 787.778 787.747 787.616 787.383 786.714 
790.696 788.09 788.236 788.286 788.227 788.258 788.224 788.229 788.26 788.215 788.192 788.203 788.147 788.161 788.139 788.114 788.103 788.138 788.069 788.081 788.025 788.048 788.029 788.004 787.966 787.975 787.921 787.862 787.831 787.698 787.465 786.792 
790.796 788.178 788.324 788.373 788.313 788.346 788.311 788.314 788.345 788.3 788.278 788.288 788.231 788.245 788.223 788.196 788.187 788.22 788.152 788.164 788.106 788.129 788.111 788.085 788.047 788.055 788.002 787.941 787.908 787.775 787.543 786.864 
790.889 788.26 788.406 788.454 788.393 788.427 788.393 788.394 788.425 788.38 788.358 788.367 788.311 788.323 788.3 788.273 788.265 788.297 788.23 788.242 788.183 788.204 788.187 788.161 788.122 788.13 788.078 788.015 787.981 787.847 787.615 786.932 
790.976 788.338 788.482 788.53 788.469 788.504 788.469 788.469 788.5 788.456 788.434 788.441 788.385 788.396 788.373 788.346 788.338 788.369 788.302 788.315 788.254 788.274 788.258 788.232 788.192 788.2 788.15 788.085 788.048 787.915 787.682 786.996 
791.057 788.41 788.554 788.602 788.541 788.575 788.541 788.54 788.57 788.526 788.504 788.511 788.455 788.464 788.44 788.414 788.406 788.437 788.369 788.383 788.321 788.34 788.324 788.299 788.257 788.266 788.216 788.15 788.112 787.978 787.744 787.056 
791.134 788.48 788.622 788.671 788.609 788.641 788.61 788.608 788.636 788.593 788.571 788.576 788.521 788.528 788.504 788.478 788.47 788.5 788.433 788.446 788.383 788.402 788.387 788.361 788.318 788.328 788.279 788.211 788.171 788.038 787.802 787.112 
791.208 788.546 788.687 788.736 788.674 788.704 788.675 788.673 788.699 788.657 788.635 788.638 788.584 788.589 788.564 788.539 788.531 788.561 788.493 788.506 788.443 788.462 788.447 788.421 788.376 788.388 788.339 788.269 788.226 788.094 787.857 787.166 
791.279 788.61 788.748 788.797 788.735 788.763 788.737 788.736 788.76 788.717 788.696 788.696 788.642 788.646 788.621 788.597 788.589 788.618 788.55 788.562 788.499 788.519 788.503 788.478 788.431 788.443 788.396 788.324 788.279 788.147 787.909 787.216 
