773.072 773.072 773.072 773.072 773.072 773.072 773.072 773.072 773.072 773.072 773.072 773.072 773.072 773.072 773.072 773.072 773.072 773.072 773.072 773.072 773.072 773.072 773.072 773.072 773.072 773.072 773.072 773.072 773.072 773.072 773.072 773.072 
773.187 773.174 773.175 773.177 773.175 773.177 773.176 773.178 773.178 773.177 773.177 773.18 773.178 773.179 773.133 773.115 773.179 773.175 773.175 773.179 773.177 773.177 773.177 773.177 773.177 773.175 773.177 773.177 773.178 773.174 773.173 773.163 
773.307 773.279 773.28 773.285 773.282 773.285 773.284 773.287 773.287 773.285 773.285 773.291 773.287 773.29 773.195 773.159 773.288 773.282 773.282 773.288 773.285 773.285 773.285 773.284 773.285 773.283 773.285 773.285 773.286 773.28 773.278 773.258 
773.43 773.388 773.39 773.398 773.393 773.396 773.397 773.4 773.4 773.396 773.397 773.406 773.4 773.404 773.26 773.204 773.401 773.392 773.393 773.401 773.397 773.397 773.398 773.396 773.396 773.395 773.397 773.396 773.398 773.389 773.386 773.356 
773.558 773.501 773.504 773.515 773.51 773.513 773.513 773.516 773.518 773.512 773.514 773.524 773.517 773.522 773.328 773.252 773.516 773.507 773.509 773.517 773.512 773.514 773.514 773.511 773.51 773.511 773.514 773.511 773.513 773.502 773.499 773.457 
773.692 773.62 773.622 773.636 773.631 773.634 773.634 773.636 773.641 773.632 773.635 773.647 773.638 773.646 773.399 773.301 773.636 773.627 773.629 773.637 773.632 773.635 773.635 773.63 773.629 773.633 773.636 773.63 773.632 773.619 773.615 773.563 
773.83 773.745 773.745 773.762 773.758 773.759 773.759 773.76 773.768 773.757 773.762 773.774 773.763 773.774 773.472 773.353 773.76 773.752 773.755 773.762 773.756 773.761 773.761 773.755 773.752 773.76 773.761 773.753 773.754 773.741 773.735 773.673 
773.973 773.874 773.873 773.892 773.889 773.89 773.889 773.889 773.899 773.886 773.894 773.904 773.893 773.906 773.548 773.406 773.888 773.883 773.885 773.891 773.885 773.89 773.892 773.884 773.88 773.89 773.891 773.88 773.881 773.868 773.86 773.787 
774.121 774.009 774.006 774.027 774.025 774.025 774.022 774.023 774.034 774.02 774.03 774.039 774.027 774.041 773.627 773.462 774.021 774.018 774.02 774.025 774.019 774.024 774.028 774.018 774.012 774.024 774.023 774.012 774.012 773.999 773.988 773.905 
774.274 774.147 774.143 774.165 774.164 774.164 774.16 774.162 774.174 774.158 774.171 774.176 774.164 774.18 773.707 773.519 774.16 774.157 774.159 774.163 774.156 774.161 774.169 774.156 774.149 774.162 774.159 774.147 774.148 774.135 774.12 774.027 
774.431 774.289 774.284 774.308 774.307 774.308 774.302 774.305 774.317 774.299 774.314 774.317 774.306 774.322 773.79 773.578 774.303 774.301 774.301 774.306 774.298 774.303 774.313 774.299 774.29 774.303 774.297 774.287 774.289 774.275 774.257 774.152 
774.592 774.435 774.43 774.454 774.453 774.456 774.448 774.452 774.464 774.445 774.461 774.462 774.451 774.467 773.874 773.638 774.45 774.449 774.447 774.452 774.442 774.448 774.46 774.444 774.434 774.447 774.44 774.431 774.434 774.419 774.397 774.281 
774.759 774.584 774.58 774.604 774.604 774.608 774.598 774.602 774.616 774.593 774.61 774.611 774.6 774.615 773.96 773.7 774.601 774.601 774.596 774.601 774.591 774.597 774.611 774.593 774.582 774.596 774.587 774.578 774.583 774.567 774.542 774.414 
774.929 774.735 774.734 774.757 774.758 774.763 774.751 774.755 774.77 774.744 774.762 774.764 774.753 774.768 774.049 773.763 774.755 774.756 774.749 774.754 774.742 774.749 774.764 774.745 774.733 774.749 774.738 774.73 774.736 774.717 774.69 774.55 
775.104 774.891 774.891 774.915 774.916 774.922 774.907 774.912 774.928 774.899 774.917 774.92 774.908 774.924 774.14 773.828 774.912 774.915 774.905 774.91 774.897 774.904 774.921 774.899 774.887 774.905 774.892 774.885 774.892 774.871 774.841 774.69 
775.283 775.049 775.052 775.076 775.077 775.084 775.066 775.072 775.089 775.057 775.076 775.08 775.067 775.085 774.234 773.894 775.071 775.075 775.063 775.07 775.055 775.062 775.08 775.056 775.045 775.064 775.05 775.043 775.052 775.028 774.996 774.832 
775.465 775.21 775.216 775.24 775.241 775.248 775.229 775.236 775.253 775.218 775.238 775.244 775.229 775.248 774.329 773.961 775.234 775.239 775.225 775.232 775.216 775.223 775.241 775.216 775.207 775.226 775.212 775.204 775.213 775.189 775.152 774.977 
775.651 775.374 775.383 775.408 775.408 775.414 775.395 775.403 775.42 775.384 775.403 775.41 775.394 775.415 774.426 774.03 775.399 775.404 775.389 775.397 775.38 775.386 775.405 775.379 775.372 775.391 775.376 775.366 775.377 775.352 775.311 775.125 
775.84 775.542 775.552 775.578 775.577 775.582 775.564 775.572 775.59 775.552 775.572 775.58 775.563 775.585 774.524 774.101 775.567 775.573 775.556 775.564 775.547 775.553 775.571 775.544 775.54 775.559 775.542 775.531 775.543 775.518 775.473 775.275 
776.032 775.711 775.723 775.752 775.75 775.752 775.736 775.745 775.763 775.723 775.744 775.752 775.735 775.758 774.623 774.173 775.738 775.744 775.726 775.734 775.717 775.722 775.74 775.712 775.71 775.73 775.71 775.698 775.712 775.686 775.637 775.427 
776.227 775.884 775.897 775.928 775.925 775.924 775.911 775.92 775.938 775.897 775.919 775.926 775.909 775.933 774.724 774.246 775.911 775.917 775.897 775.905 775.891 775.894 775.912 775.884 775.883 775.903 775.881 775.867 775.883 775.857 775.804 775.581 
776.425 776.059 776.073 776.105 776.103 776.099 776.089 776.097 776.115 776.074 776.097 776.103 776.085 776.109 774.827 774.321 776.086 776.093 776.072 776.08 776.066 776.069 776.087 776.057 776.058 776.079 776.055 776.04 776.056 776.029 775.973 775.737 
776.625 776.237 776.252 776.285 776.283 776.276 776.268 776.276 776.294 776.253 776.277 776.283 776.263 776.287 774.931 774.396 776.264 776.271 776.249 776.256 776.244 776.245 776.264 776.233 776.235 776.257 776.231 776.214 776.231 776.204 776.146 775.894 
776.827 776.418 776.433 776.466 776.464 776.457 776.45 776.457 776.475 776.434 776.459 776.464 776.444 776.467 775.036 774.471 776.444 776.45 776.429 776.436 776.424 776.425 776.444 776.411 776.414 776.436 776.41 776.391 776.409 776.38 776.32 776.054 
777.032 776.601 776.617 776.648 776.648 776.639 776.634 776.641 776.658 776.617 776.643 776.648 776.626 776.649 775.143 774.548 776.627 776.632 776.61 776.618 776.605 776.606 776.626 776.591 776.595 776.617 776.591 776.57 776.588 776.558 776.497 776.214 
777.24 776.787 776.804 776.832 776.833 776.824 776.819 776.827 776.844 776.802 776.828 776.835 776.809 776.833 775.251 774.625 776.811 776.815 776.794 776.802 776.789 776.789 776.81 776.772 776.777 776.8 776.773 776.751 776.768 776.738 776.675 776.377 
777.448 776.974 776.992 777.018 777.019 777.01 777.007 777.015 777.031 776.988 777.015 777.024 776.994 777.018 775.359 774.703 776.997 777.001 776.98 776.987 776.974 776.975 776.996 776.955 776.961 776.984 776.957 776.934 776.95 776.921 776.855 776.542 
777.658 777.162 777.183 777.206 777.207 777.199 777.197 777.205 777.219 777.177 777.204 777.214 777.18 777.205 775.469 774.782 777.185 777.188 777.167 777.175 777.16 777.161 777.183 777.14 777.147 777.169 777.142 777.118 777.133 777.105 777.035 776.709 
777.87 777.351 777.374 777.396 777.397 777.389 777.388 777.396 777.409 777.367 777.395 777.406 777.369 777.393 775.579 774.862 777.374 777.378 777.355 777.363 777.348 777.35 777.372 777.327 777.335 777.356 777.328 777.304 777.318 777.29 777.216 776.877 
778.083 777.54 777.567 777.588 777.588 777.581 777.579 777.589 777.599 777.558 777.587 777.598 777.559 777.581 775.69 774.943 777.564 777.569 777.544 777.553 777.538 777.539 777.561 777.515 777.525 777.544 777.516 777.49 777.504 777.476 777.398 777.047 
778.298 777.729 777.76 777.781 777.781 777.774 777.771 777.782 777.79 777.749 777.779 777.79 777.751 777.77 775.802 775.023 777.755 777.761 777.733 777.743 777.729 777.73 777.751 777.705 777.716 777.733 777.704 777.678 777.692 777.664 777.58 777.218 
778.514 777.919 777.954 777.974 777.975 777.968 777.964 777.977 777.983 777.942 777.973 777.982 777.944 777.96 775.914 775.104 777.946 777.954 777.924 777.935 777.922 777.921 777.941 777.895 777.908 777.923 777.893 777.867 777.882 777.852 777.763 777.39 
778.733 778.109 778.148 778.168 778.17 778.163 778.158 778.172 778.176 778.135 778.168 778.175 778.139 778.152 776.027 775.184 778.138 778.148 778.115 778.127 778.115 778.114 778.132 778.086 778.101 778.114 778.084 778.057 778.072 778.041 777.947 777.563 
778.952 778.3 778.343 778.363 778.366 778.358 778.352 778.368 778.371 778.329 778.364 778.37 778.334 778.346 776.141 775.265 778.33 778.342 778.308 778.321 778.309 778.306 778.324 778.279 778.294 778.307 778.275 778.249 778.264 778.23 778.132 777.737 
779.171 778.493 778.539 778.56 778.563 778.554 778.548 778.564 778.568 778.525 778.561 778.565 778.53 778.541 776.254 775.346 778.523 778.537 778.503 778.516 778.504 778.499 778.517 778.473 778.487 778.5 778.467 778.442 778.456 778.42 778.319 777.911 
779.392 778.687 778.736 778.758 778.76 778.75 778.745 778.762 778.765 778.723 778.759 778.762 778.726 778.737 776.368 775.426 778.716 778.732 778.699 778.712 778.698 778.693 778.712 778.667 778.681 778.694 778.661 778.636 778.649 778.61 778.506 778.086 
779.612 778.882 778.934 778.958 778.957 778.946 778.943 778.96 778.964 778.922 778.958 778.96 778.923 778.935 776.481 775.508 778.91 778.929 778.897 778.908 778.893 778.887 778.907 778.863 778.875 778.888 778.855 778.831 778.844 778.801 778.694 778.262 
779.834 779.078 779.133 779.159 779.155 779.144 779.142 779.159 779.163 779.123 779.157 779.158 779.121 779.133 776.595 775.589 779.105 779.127 779.095 779.105 779.088 779.082 779.103 779.058 779.07 779.084 779.051 779.026 779.039 778.992 778.882 778.438 
780.056 779.275 779.331 779.36 779.352 779.343 779.341 779.358 779.363 779.324 779.356 779.357 779.32 779.332 776.709 775.671 779.302 779.325 779.294 779.302 779.285 779.278 779.3 779.254 779.265 779.279 779.247 779.223 779.237 779.185 779.072 778.615 
780.278 779.472 779.53 779.562 779.55 779.543 779.54 779.558 779.564 779.526 779.556 779.556 779.519 779.532 776.824 775.753 779.499 779.525 779.493 779.5 779.482 779.474 779.497 779.452 779.461 779.476 779.445 779.419 779.436 779.378 779.262 778.791 
780.501 779.668 779.729 779.764 779.747 779.743 779.74 779.759 779.765 779.726 779.756 779.755 779.719 779.732 776.941 775.835 779.698 779.725 779.693 779.698 779.681 779.672 779.695 779.65 779.656 779.672 779.643 779.616 779.636 779.571 779.452 778.967 
780.724 779.865 779.927 779.966 779.945 779.945 779.941 779.96 779.965 779.927 779.955 779.954 779.919 779.932 777.058 775.917 779.898 779.926 779.892 779.897 779.879 779.871 779.893 779.85 779.853 779.87 779.843 779.812 779.836 779.766 779.643 779.144 
780.947 780.062 780.127 780.168 780.144 780.146 780.142 780.161 780.166 780.127 780.155 780.154 780.119 780.132 777.176 776 780.098 780.127 780.092 780.096 780.078 780.07 780.091 780.05 780.05 780.068 780.042 780.008 780.035 779.96 779.835 779.32 
781.171 780.26 780.326 780.372 780.343 780.348 780.343 780.363 780.366 780.328 780.354 780.354 780.321 780.333 777.295 776.083 780.298 780.329 780.292 780.296 780.278 780.27 780.29 780.251 780.248 780.267 780.242 780.204 780.234 780.154 780.026 779.497 
781.396 780.458 780.527 780.575 780.543 780.55 780.544 780.564 780.566 780.53 780.554 780.554 780.523 780.535 777.414 776.167 780.498 780.531 780.492 780.496 780.478 780.471 780.488 780.451 780.446 780.467 780.441 780.399 780.432 780.349 780.218 779.674 
781.621 780.658 780.727 780.779 780.743 780.752 780.746 780.767 780.766 780.732 780.754 780.755 780.725 780.737 777.532 776.25 780.699 780.732 780.692 780.697 780.678 780.672 780.687 780.653 780.644 780.666 780.64 780.595 780.629 780.543 780.411 779.851 
781.848 780.859 780.927 780.982 780.945 780.953 780.948 780.97 780.966 780.935 780.955 780.955 780.928 780.939 777.651 776.334 780.901 780.934 780.892 780.898 780.878 780.873 780.886 780.855 780.843 780.867 780.839 780.79 780.826 780.738 780.604 780.029 
782.075 781.06 781.127 781.184 781.147 781.155 781.151 781.174 781.167 781.139 781.157 781.156 781.13 781.142 777.769 776.417 781.103 781.137 781.091 781.099 781.079 781.073 781.085 781.058 781.041 781.067 781.037 780.986 781.023 780.933 780.797 780.207 
782.302 781.261 781.327 781.386 781.35 781.357 781.354 781.378 781.368 781.342 781.359 781.358 781.332 781.344 777.887 776.499 781.304 781.339 781.291 781.301 781.28 781.273 781.284 781.262 781.24 781.268 781.236 781.183 781.22 781.128 780.991 780.386 
782.53 781.461 781.526 781.588 781.554 781.558 781.558 781.583 781.569 781.545 781.562 781.559 781.534 781.547 778.005 776.582 781.506 781.542 781.49 781.503 781.482 781.473 781.484 781.465 781.44 781.469 781.436 781.38 781.418 781.324 781.185 780.565 
782.757 781.662 781.727 781.791 781.759 781.761 781.761 781.789 781.771 781.747 781.764 781.76 781.736 781.749 778.123 776.664 781.707 781.744 781.69 781.706 781.683 781.672 781.684 781.669 781.64 781.67 781.635 781.579 781.617 781.52 781.378 780.745 
782.985 781.863 781.928 781.995 781.963 781.964 781.964 781.994 781.972 781.95 781.966 781.962 781.938 781.951 778.242 776.746 781.908 781.946 781.891 781.908 781.885 781.872 781.885 781.873 781.841 781.871 781.835 781.779 781.817 781.716 781.571 780.924 
783.212 782.063 782.13 782.199 782.168 782.167 782.167 782.198 782.174 782.154 782.169 782.165 782.14 782.152 778.36 776.829 782.109 782.146 782.092 782.11 782.087 782.072 782.085 782.076 782.042 782.072 782.035 781.98 782.018 781.913 781.763 781.104 
783.438 782.264 782.332 782.403 782.372 782.371 782.37 782.401 782.375 782.357 782.372 782.367 782.342 782.353 778.478 776.913 782.31 782.346 782.295 782.312 782.289 782.273 782.286 782.279 782.243 782.272 782.235 782.181 782.218 782.111 781.955 781.283 
783.665 782.466 782.535 782.607 782.575 782.575 782.574 782.603 782.577 782.561 782.575 782.57 782.542 782.554 778.597 776.996 782.511 782.546 782.497 782.514 782.491 782.475 782.488 782.482 782.444 782.472 782.434 782.383 782.418 782.308 782.148 781.462 
783.891 782.668 782.738 782.81 782.778 782.779 782.778 782.803 782.779 782.765 782.778 782.772 782.742 782.755 778.798 777.107 782.714 782.747 782.699 782.716 782.694 782.678 782.69 782.685 782.646 782.671 782.634 782.584 782.618 782.506 782.341 781.641 
784.118 782.87 782.941 783.013 782.98 782.982 782.982 783.003 782.982 782.968 782.98 782.973 782.943 782.957 778.999 777.308 782.916 782.948 782.901 782.917 782.897 782.88 782.892 782.887 782.847 782.871 782.834 782.785 782.817 782.703 782.535 781.82 
784.346 783.073 783.144 783.215 783.182 783.185 783.185 783.203 783.185 783.17 783.182 783.175 783.143 783.158 779.201 777.508 783.118 783.15 783.103 783.118 783.099 783.083 783.094 783.089 783.049 783.07 783.035 782.985 783.015 782.901 782.73 781.998 
784.574 783.275 783.347 783.416 783.383 783.386 783.387 783.403 783.388 783.373 783.383 783.375 783.344 783.359 779.402 777.707 783.32 783.352 783.305 783.319 783.301 783.286 783.297 783.29 783.25 783.269 783.235 783.185 783.213 783.098 782.925 782.177 
784.802 783.477 783.55 783.617 783.584 783.588 783.589 783.604 783.591 783.575 783.585 783.576 783.545 783.56 779.603 777.906 783.522 783.555 783.506 783.519 783.502 783.488 783.5 783.49 783.45 783.468 783.436 783.384 783.411 783.295 783.12 782.356 
785.029 783.677 783.753 783.819 783.784 783.789 783.789 783.804 783.794 783.777 783.786 783.777 783.745 783.76 779.802 778.104 783.723 783.758 783.707 783.72 783.703 783.69 783.702 783.691 783.65 783.667 783.635 783.583 783.608 783.49 783.315 782.535 
785.255 783.877 783.957 784.02 783.983 783.99 783.989 784.004 783.997 783.978 783.987 783.978 783.944 783.959 780.001 778.301 783.924 783.96 783.908 783.92 783.903 783.891 783.904 783.891 783.848 783.865 783.834 783.78 783.804 783.685 783.509 782.714 
785.481 784.075 784.159 784.22 784.181 784.191 784.189 784.203 784.2 784.179 784.187 784.179 784.143 784.158 780.199 778.497 784.123 784.161 784.107 784.12 784.102 784.092 784.105 784.09 784.044 784.063 784.032 783.975 783.999 783.878 783.702 782.892 
785.706 784.272 784.36 784.42 784.379 784.391 784.388 784.402 784.403 784.379 784.386 784.38 784.342 784.355 780.397 778.692 784.321 784.361 784.306 784.32 784.301 784.292 784.305 784.288 784.239 784.26 784.229 784.17 784.193 784.072 783.894 783.07 
785.93 784.468 784.56 784.62 784.577 784.59 784.587 784.6 784.605 784.578 784.584 784.579 784.539 784.552 780.593 778.887 784.519 784.559 784.504 784.518 784.498 784.49 784.505 784.485 784.433 784.456 784.426 784.364 784.386 784.265 784.086 783.247 
786.152 784.663 784.759 784.818 784.776 784.789 784.786 784.796 784.806 784.776 784.781 784.776 784.736 784.748 780.789 779.082 784.716 784.757 784.701 784.716 784.693 784.687 784.703 784.681 784.626 784.651 784.622 784.558 784.577 784.457 784.277 783.423 
786.372 784.858 784.957 785.015 784.974 784.986 784.983 784.991 785.005 784.972 784.977 784.972 784.931 784.943 780.984 779.275 784.912 784.954 784.898 784.912 784.888 784.883 784.899 784.874 784.818 784.846 784.817 784.752 784.768 784.648 784.466 783.597 
786.591 785.051 785.153 785.21 785.171 785.183 785.179 785.185 785.202 785.167 785.171 785.167 785.126 785.138 781.178 779.468 785.106 785.15 785.093 785.107 785.08 785.078 785.093 785.067 785.009 785.039 785.011 784.946 784.957 784.838 784.654 783.77 
786.808 785.243 785.348 785.404 785.367 785.379 785.373 785.379 785.397 785.36 785.364 785.361 785.319 785.331 781.37 779.659 785.299 785.345 785.287 785.3 785.272 785.272 785.286 785.258 785.2 785.231 785.204 785.14 785.146 785.026 784.84 783.941 
787.024 785.434 785.542 785.596 785.562 785.573 785.567 785.57 785.589 785.553 785.555 785.553 785.51 785.523 781.56 779.847 785.49 785.538 785.48 785.491 785.461 785.464 785.478 785.447 785.389 785.421 785.395 785.332 785.334 785.212 785.025 784.11 
787.239 785.624 785.734 785.786 785.755 785.766 785.758 785.76 785.779 785.744 785.744 785.744 785.699 785.713 781.749 780.034 785.679 785.73 785.671 785.681 785.649 785.655 785.668 785.635 785.578 785.609 785.584 785.522 785.52 785.397 785.208 784.278 
787.453 785.811 785.923 785.976 785.947 785.957 785.948 785.948 785.968 785.933 785.932 785.933 785.886 785.902 781.936 780.218 785.867 785.92 785.859 785.869 785.834 785.844 785.855 785.821 785.765 785.795 785.772 785.709 785.705 785.581 785.388 784.444 
787.666 785.996 786.11 786.163 786.136 786.146 786.135 786.135 786.155 786.122 786.118 786.12 786.071 786.089 782.122 780.4 786.053 786.107 786.046 786.055 786.018 786.03 786.04 786.006 785.95 785.979 785.957 785.893 785.887 785.763 785.566 784.607 
787.877 786.179 786.295 786.349 786.322 786.332 786.32 786.319 786.341 786.308 786.301 786.305 786.255 786.275 782.307 780.58 786.237 786.292 786.23 786.239 786.2 786.214 786.222 786.188 786.134 786.161 786.14 786.074 786.067 785.943 785.742 784.769 
788.086 786.359 786.478 786.533 786.505 786.516 786.502 786.502 786.524 786.492 786.482 786.489 786.437 786.459 782.489 780.759 786.419 786.475 786.412 786.42 786.38 786.394 786.402 786.369 786.315 786.341 786.319 786.252 786.244 786.121 785.916 784.927 
788.291 786.536 786.659 786.714 786.685 786.698 786.682 786.683 786.705 786.674 786.66 786.67 786.618 786.641 782.669 780.935 786.598 786.654 786.591 786.599 786.558 786.571 786.579 786.546 786.495 786.519 786.496 786.427 786.418 786.297 786.089 785.083 
788.493 786.711 786.837 786.892 786.862 786.878 786.859 786.863 786.883 786.853 786.835 786.848 786.797 786.819 782.845 781.11 786.775 786.831 786.767 786.774 786.733 786.745 786.753 786.722 786.672 786.693 786.669 786.6 786.588 786.47 786.259 785.236 
788.691 786.883 787.013 787.067 787.036 787.054 787.033 787.04 787.059 787.028 787.009 787.023 786.973 786.994 783.017 781.282 786.95 787.004 786.939 786.946 786.904 786.916 786.924 786.893 786.845 786.864 786.839 786.769 786.756 786.64 786.426 785.386 
788.885 787.054 787.186 787.239 787.207 787.228 787.205 787.214 787.231 787.2 787.179 787.195 787.145 787.166 783.187 781.45 787.121 787.174 787.108 787.114 787.073 787.083 787.091 787.062 787.014 787.033 787.006 786.935 786.921 786.806 786.59 785.534 
789.073 787.223 787.356 787.408 787.375 787.398 787.374 787.384 787.4 787.368 787.347 787.363 787.314 787.334 783.352 781.615 787.288 787.34 787.272 787.28 787.238 787.248 787.255 787.227 787.179 787.197 787.169 787.098 787.082 786.968 786.75 785.679 
789.257 787.388 787.521 787.573 787.539 787.565 787.539 787.55 787.566 787.532 787.511 787.527 787.478 787.498 783.514 781.776 787.451 787.502 787.431 787.442 787.4 787.409 787.414 787.388 787.339 787.358 787.328 787.257 787.239 787.125 786.907 785.82 
789.436 787.55 787.684 787.735 787.699 787.727 787.701 787.711 787.728 787.693 787.671 787.687 787.639 787.658 783.672 781.933 787.61 787.66 787.588 787.601 787.557 787.566 787.57 787.544 787.495 787.515 787.484 787.412 787.393 787.279 787.06 785.959 
789.61 787.707 787.842 787.894 787.856 787.885 787.858 787.868 787.887 787.849 787.827 787.843 787.795 787.814 783.825 782.085 787.764 787.814 787.74 787.756 787.71 787.72 787.72 787.696 787.647 787.667 787.634 787.563 787.543 787.429 787.208 786.093 
789.779 787.861 787.997 788.048 788.009 788.039 788.01 788.02 788.041 788.001 787.98 787.995 787.946 787.966 783.974 782.234 787.915 787.963 787.889 787.906 787.859 787.87 787.866 787.843 787.795 787.815 787.78 787.71 787.689 787.574 787.352 786.224 
789.943 788.01 788.147 788.198 788.158 788.188 788.158 788.168 788.19 788.149 788.127 788.142 788.093 788.113 784.117 782.378 788.06 788.107 788.034 788.051 788.003 788.015 788.008 787.984 787.939 787.958 787.921 787.852 787.831 787.714 787.49 786.35 
790.103 788.155 788.293 788.343 788.302 788.333 788.301 788.312 788.334 788.292 788.271 788.285 788.236 788.256 784.256 782.517 788.201 788.246 788.175 788.191 788.141 788.156 788.144 788.121 788.078 788.097 788.058 787.99 787.968 787.849 787.623 786.472 
790.257 788.295 788.434 788.484 788.442 788.472 788.439 788.451 788.474 788.431 788.409 788.423 788.374 788.393 784.39 782.651 788.337 788.381 788.31 788.325 788.275 788.292 788.276 788.254 788.213 788.231 788.189 788.123 788.1 787.979 787.752 786.59 
790.405 788.43 788.57 788.62 788.576 788.606 788.573 788.585 788.608 788.565 788.543 788.557 788.507 788.525 784.52 782.781 788.468 788.511 788.441 788.454 788.404 788.423 788.404 788.382 788.343 788.359 788.315 788.252 788.226 788.104 787.875 786.703 
790.548 788.56 788.701 788.751 788.706 788.735 788.701 788.714 788.737 788.694 788.671 788.686 788.634 788.652 784.646 782.904 788.594 788.635 788.566 788.577 788.528 788.549 788.527 788.506 788.468 788.482 788.436 788.375 788.348 788.224 787.993 786.812 
790.684 788.686 788.827 788.877 788.83 788.859 788.825 788.837 788.862 788.818 788.795 788.809 788.757 788.773 784.767 783.023 788.715 788.755 788.686 788.696 788.647 788.669 788.646 788.625 788.587 788.601 788.551 788.492 788.464 788.339 788.107 786.915 
790.814 788.806 788.948 788.999 788.949 788.977 788.944 788.955 788.981 788.937 788.914 788.927 788.874 788.889 784.883 783.136 788.831 788.87 788.8 788.811 788.76 788.784 788.76 788.739 788.701 788.714 788.662 788.605 788.574 788.448 788.216 787.013 
790.937 788.921 789.064 789.114 789.063 789.091 789.057 789.068 789.094 789.051 789.028 789.039 788.985 789 784.994 783.244 788.942 788.98 788.91 788.92 788.868 788.893 788.87 788.847 788.81 788.821 788.768 788.711 788.68 788.551 788.319 787.106 
791.055 789.032 789.175 789.225 789.17 789.2 789.166 789.174 789.202 789.158 789.136 789.146 789.091 789.105 785.099 783.346 789.048 789.085 789.015 789.026 788.971 788.996 788.975 788.951 788.914 788.924 788.869 788.812 788.779 788.65 788.418 787.193 
791.166 789.137 789.279 789.329 789.272 789.303 789.269 789.276 789.305 789.26 789.239 789.248 789.192 789.206 785.199 783.443 789.148 789.184 789.114 789.126 789.069 789.093 789.074 789.049 789.011 789.02 788.966 788.907 788.874 788.743 788.512 787.276 
791.271 789.236 789.378 789.427 789.369 789.402 789.367 789.372 789.402 789.357 789.336 789.344 789.287 789.301 785.293 783.535 789.243 789.278 789.209 789.22 789.162 789.185 789.167 789.142 789.103 789.111 789.058 788.997 788.963 788.831 788.601 787.354 
791.369 789.33 789.471 789.52 789.461 789.495 789.46 789.463 789.493 789.448 789.428 789.434 789.378 789.39 785.381 783.623 789.332 789.367 789.297 789.31 789.25 789.271 789.254 789.229 789.189 789.198 789.146 789.083 789.046 788.915 788.684 787.427 
791.461 789.418 789.559 789.607 789.548 789.583 789.548 789.549 789.579 789.534 789.514 789.52 789.464 789.475 785.464 783.705 789.417 789.45 789.381 789.393 789.333 789.353 789.336 789.311 789.27 789.279 789.228 789.163 789.125 788.993 788.762 787.496 
791.547 789.502 789.642 789.69 789.631 789.665 789.631 789.632 789.66 789.616 789.596 789.601 789.545 789.554 785.542 783.783 789.496 789.528 789.459 789.472 789.411 789.43 789.414 789.388 789.347 789.356 789.306 789.24 789.2 789.068 788.836 787.561 
791.629 789.583 789.721 789.77 789.71 789.743 789.711 789.711 789.737 789.694 789.674 789.677 789.622 789.63 785.616 783.858 789.571 789.603 789.534 789.547 789.484 789.503 789.488 789.462 789.419 789.43 789.38 789.312 789.27 789.139 788.905 787.622 
791.708 789.66 789.797 789.846 789.786 789.817 789.787 789.787 789.812 789.769 789.749 789.75 789.696 789.701 785.687 783.929 789.643 789.675 789.605 789.618 789.555 789.574 789.559 789.533 789.489 789.5 789.451 789.381 789.337 789.206 788.971 787.681 
791.784 789.736 789.871 789.92 789.86 789.888 789.862 789.862 789.884 789.842 789.822 789.82 789.767 789.771 785.756 783.998 789.713 789.744 789.675 789.687 789.623 789.644 789.628 789.602 789.555 789.568 789.52 789.448 789.401 789.271 789.035 787.737 
