0 0 0 0 0 0 0 0 0 0 0 0 0 0 0 0 0 0 0 0 0 0 0 0 0 0 0 0 0 0 0 0 
-0.00645859 -0.0138971 -0.0138552 -0.0138552 -0.0138758 -0.0138758 -0.0138971 -0.0138552 -0.0138552 -0.0138758 -0.0138758 -0.0138552 -0.0138971 -0.0138758 -0.0138758 -0.0138552 -0.0138971 -0.0138552 -0.0138552 -0.0138758 -0.0138552 -0.0138764 -0.0138971 -0.0138552 -0.0138758 -0.0138971 -0.0138764 -0.0138758 -0.0138552 -0.0138758 -0.0138971 -0.00661733 
-0.0125631 -0.0270648 -0.0269811 -0.0269811 -0.0270224 -0.0270224 -0.0270648 -0.0269811 -0.0269811 -0.0270224 -0.0270224 -0.0269811 -0.0270648 -0.0270224 -0.0270224 -0.0269811 -0.0270648 -0.0269811 -0.0269811 -0.0270224 -0.0269811 -0.0270235 -0.0270648 -0.0269811 -0.0270224 -0.0270648 -0.0270235 -0.0270224 -0.0269811 -0.0270224 -0.0270648 -0.0129026 
-0.0186701 -0.0402327 -0.0401071 -0.0401071 -0.040169 -0.040169 -0.0402327 -0.0401071 -0.0401071 -0.040169 -0.040169 -0.0401071 -0.0402327 -0.040169 -0.040169 -0.0401071 -0.0402327 -0.0401071 -0.0401071 -0.040169 -0.0401071 -0.0401708 -0.0402327 -0.0401071 -0.040169 -0.0402327 -0.0401708 -0.040169 -0.0401071 -0.040169 -0.0402327 -0.0191855 
-0.0247755 -0.0533995 -0.0532321 -0.0532321 -0.0533147 -0.0533147 -0.0533996 -0.0532321 -0.0532321 -0.0533147 -0.0533147 -0.0532321 -0.0533996 -0.0533147 -0.0533147 -0.0532321 -0.0533996 -0.0532321 -0.0532321 -0.0533147 -0.0532321 -0.0533171 -0.0533996 -0.0532321 -0.0533147 -0.0533996 -0.0533171 -0.0533147 -0.0532321 -0.0533147 -0.0533996 -0.025469 
-0.0308783 -0.0665599 -0.0663506 -0.0663506 -0.0664539 -0.0664539 -0.06656 -0.0663506 -0.0663506 -0.0664539 -0.0664539 -0.0663506 -0.06656 -0.0664538 -0.0664539 -0.0663506 -0.06656 -0.0663507 -0.0663507 -0.0664539 -0.0663507 -0.0664568 -0.0665601 -0.0663507 -0.0664539 -0.0665601 -0.0664568 -0.0664539 -0.0663506 -0.0664539 -0.06656 -0.0317491 
-0.0369844 -0.0797249 -0.0794738 -0.0794738 -0.0795977 -0.0795977 -0.079725 -0.0794738 -0.0794738 -0.0795977 -0.0795977 -0.0794738 -0.0797251 -0.0795977 -0.0795978 -0.0794738 -0.0797251 -0.0794739 -0.0794739 -0.0795977 -0.0794738 -0.0796013 -0.0797252 -0.0794739 -0.0795978 -0.0797251 -0.0796013 -0.0795977 -0.0794738 -0.0795977 -0.079725 -0.0380303 
-0.0430915 -0.0928915 -0.0925985 -0.0925985 -0.0927431 -0.0927431 -0.0928916 -0.0925985 -0.0925986 -0.0927431 -0.0927431 -0.0925986 -0.0928917 -0.092743 -0.0927432 -0.0925985 -0.0928917 -0.0925987 -0.0925986 -0.0927431 -0.0925986 -0.0927472 -0.0928918 -0.0925986 -0.0927432 -0.0928918 -0.0927473 -0.0927431 -0.0925985 -0.0927431 -0.0928916 -0.044312 
-0.0491987 -0.10606 -0.105725 -0.105725 -0.10589 -0.10589 -0.10606 -0.105725 -0.105725 -0.10589 -0.10589 -0.105725 -0.10606 -0.10589 -0.10589 -0.105725 -0.10606 -0.105725 -0.105725 -0.10589 -0.105725 -0.105895 -0.10606 -0.105725 -0.10589 -0.10606 -0.105895 -0.10589 -0.105725 -0.10589 -0.10606 -0.0505951 
-0.0553039 -0.119226 -0.11885 -0.11885 -0.119036 -0.119035 -0.119226 -0.11885 -0.11885 -0.119035 -0.119035 -0.11885 -0.119227 -0.119035 -0.119036 -0.11885 -0.119227 -0.11885 -0.11885 -0.119036 -0.11885 -0.119041 -0.119227 -0.11885 -0.119036 -0.119227 -0.119041 -0.119035 -0.11885 -0.119035 -0.119226 -0.0568786 
-0.0614102 -0.132392 -0.131974 -0.131974 -0.13218 -0.13218 -0.132392 -0.131974 -0.131974 -0.13218 -0.13218 -0.131974 -0.132393 -0.13218 -0.13218 -0.131974 -0.132393 -0.131974 -0.131974 -0.13218 -0.131974 -0.132186 -0.132393 -0.131974 -0.13218 -0.132393 -0.132186 -0.13218 -0.131974 -0.13218 -0.132392 -0.0631605 
-0.0675133 -0.145554 -0.145094 -0.145094 -0.145321 -0.145321 -0.145554 -0.145094 -0.145094 -0.145321 -0.145321 -0.145094 -0.145555 -0.145321 -0.145321 -0.145094 -0.145555 -0.145094 -0.145094 -0.145321 -0.145094 -0.145328 -0.145555 -0.145094 -0.145321 -0.145555 -0.145328 -0.145321 -0.145094 -0.145321 -0.145554 -0.0694418 
-0.0736186 -0.158718 -0.158216 -0.158216 -0.158464 -0.158464 -0.158718 -0.158216 -0.158216 -0.158464 -0.158464 -0.158216 -0.158719 -0.158464 -0.158464 -0.158216 -0.158719 -0.158216 -0.158216 -0.158464 -0.158216 -0.158471 -0.158719 -0.158216 -0.158464 -0.158719 -0.158471 -0.158464 -0.158216 -0.158464 -0.158718 -0.0757227 
-0.0797246 -0.171884 -0.17134 -0.171341 -0.171609 -0.171609 -0.171885 -0.171341 -0.171341 -0.171609 -0.171609 -0.171341 -0.171885 -0.171609 -0.171609 -0.171341 -0.171885 -0.171341 -0.171341 -0.171609 -0.171341 -0.171617 -0.171885 -0.171341 -0.171609 -0.171885 -0.171617 -0.171609 -0.171341 -0.171609 -0.171885 -0.0820056 
-0.0858272 -0.18505 -0.184464 -0.184464 -0.184753 -0.184753 -0.18505 -0.184464 -0.184464 -0.184753 -0.184753 -0.184464 -0.18505 -0.184753 -0.184753 -0.184464 -0.185051 -0.184464 -0.184464 -0.184753 -0.184464 -0.184762 -0.185051 -0.184464 -0.184753 -0.185051 -0.184762 -0.184753 -0.184464 -0.184753 -0.18505 -0.0882906 
-0.0919319 -0.198215 -0.197587 -0.197588 -0.197897 -0.197897 -0.198216 -0.197588 -0.197588 -0.197897 -0.197897 -0.197588 -0.198216 -0.197897 -0.197897 -0.197587 -0.198216 -0.197588 -0.197588 -0.197898 -0.197588 -0.197906 -0.198216 -0.197588 -0.197897 -0.198216 -0.197906 -0.197897 -0.197587 -0.197897 -0.198215 -0.0945735 
-0.0980434 -0.211384 -0.210715 -0.210715 -0.211045 -0.211045 -0.211385 -0.210715 -0.210715 -0.211045 -0.211045 -0.210715 -0.211385 -0.211045 -0.211045 -0.210715 -0.211385 -0.210715 -0.210715 -0.211046 -0.210715 -0.211055 -0.211385 -0.210715 -0.211045 -0.211385 -0.211055 -0.211045 -0.210715 -0.211045 -0.211384 -0.100853 
-0.104149 -0.224551 -0.22384 -0.22384 -0.224192 -0.224192 -0.224552 -0.223841 -0.223841 -0.224191 -0.224191 -0.223841 -0.224553 -0.224191 -0.224192 -0.22384 -0.224553 -0.223841 -0.223841 -0.224192 -0.223841 -0.224202 -0.224553 -0.223841 -0.224192 -0.224553 -0.224202 -0.224191 -0.22384 -0.224191 -0.224552 -0.107138 
-0.110255 -0.237718 -0.236965 -0.236965 -0.237337 -0.237337 -0.237719 -0.236965 -0.236965 -0.237337 -0.237337 -0.236966 -0.237719 -0.237337 -0.237337 -0.236965 -0.23772 -0.236966 -0.236966 -0.237337 -0.236965 -0.237348 -0.237719 -0.236966 -0.237337 -0.237719 -0.237348 -0.237337 -0.236965 -0.237337 -0.237718 -0.11342 
-0.116361 -0.250888 -0.250093 -0.250094 -0.250486 -0.250486 -0.250889 -0.250094 -0.250094 -0.250486 -0.250486 -0.250094 -0.25089 -0.250486 -0.250486 -0.250094 -0.25089 -0.250094 -0.250094 -0.250486 -0.250094 -0.250498 -0.25089 -0.250094 -0.250486 -0.25089 -0.250498 -0.250486 -0.250094 -0.250486 -0.250888 -0.119707 
-0.122467 -0.264057 -0.26322 -0.263221 -0.263634 -0.263634 -0.264058 -0.263221 -0.263221 -0.263634 -0.263634 -0.263221 -0.264058 -0.263634 -0.263634 -0.263221 -0.264059 -0.263221 -0.263221 -0.263634 -0.263221 -0.263646 -0.264059 -0.263221 -0.263634 -0.264059 -0.263646 -0.263634 -0.263221 -0.263634 -0.264057 -0.125991 
-0.128576 -0.277228 -0.27635 -0.27635 -0.276784 -0.276784 -0.27723 -0.27635 -0.27635 -0.276784 -0.276784 -0.276351 -0.27723 -0.276784 -0.276784 -0.27635 -0.27723 -0.276351 -0.276351 -0.276784 -0.27635 -0.276797 -0.27723 -0.276351 -0.276784 -0.27723 -0.276797 -0.276784 -0.27635 -0.276784 -0.277228 -0.132276 
-0.134686 -0.290397 -0.289477 -0.289478 -0.289932 -0.289932 -0.290399 -0.289477 -0.289477 -0.289932 -0.289932 -0.289478 -0.290399 -0.289931 -0.289932 -0.289477 -0.290399 -0.289478 -0.289478 -0.289932 -0.289478 -0.289945 -0.290399 -0.289478 -0.289932 -0.290399 -0.289945 -0.289932 -0.289477 -0.289931 -0.290397 -0.138557 
-0.140797 -0.303572 -0.302609 -0.30261 -0.303086 -0.303085 -0.303573 -0.30261 -0.30261 -0.303085 -0.303085 -0.302611 -0.303574 -0.303085 -0.303085 -0.30261 -0.303574 -0.302611 -0.302611 -0.303086 -0.30261 -0.303099 -0.303574 -0.30261 -0.303085 -0.303574 -0.303099 -0.303085 -0.30261 -0.303085 -0.303572 -0.144843 
-0.146906 -0.316744 -0.31574 -0.315741 -0.316237 -0.316236 -0.316746 -0.315741 -0.315741 -0.316236 -0.316236 -0.315741 -0.316746 -0.316236 -0.316236 -0.31574 -0.316746 -0.315742 -0.315741 -0.316237 -0.315741 -0.316251 -0.316746 -0.315741 -0.316236 -0.316746 -0.31625 -0.316236 -0.31574 -0.316236 -0.316743 -0.151128 
-0.153013 -0.329913 -0.328867 -0.328868 -0.329385 -0.329385 -0.329915 -0.328868 -0.328868 -0.329384 -0.329385 -0.328869 -0.329915 -0.329384 -0.329385 -0.328868 -0.329916 -0.328869 -0.328869 -0.329385 -0.328868 -0.3294 -0.329915 -0.328868 -0.329385 -0.329915 -0.329399 -0.329384 -0.328868 -0.329384 -0.329913 -0.157413 
-0.159123 -0.343088 -0.342 -0.342001 -0.342538 -0.342538 -0.34309 -0.342001 -0.342001 -0.342538 -0.342538 -0.342002 -0.34309 -0.342537 -0.342538 -0.342001 -0.34309 -0.342002 -0.342001 -0.342539 -0.342001 -0.342554 -0.34309 -0.342001 -0.342538 -0.34309 -0.342553 -0.342538 -0.342 -0.342537 -0.343087 -0.163699 
-0.165234 -0.356264 -0.355134 -0.355135 -0.355693 -0.355693 -0.356266 -0.355135 -0.355135 -0.355693 -0.355693 -0.355136 -0.356266 -0.355692 -0.355693 -0.355135 -0.356266 -0.355136 -0.355136 -0.355694 -0.355135 -0.355709 -0.356266 -0.355135 -0.355693 -0.356266 -0.355709 -0.355692 -0.355134 -0.355692 -0.356263 -0.169986 
-0.171345 -0.369441 -0.36827 -0.368271 -0.36885 -0.36885 -0.369444 -0.368271 -0.368271 -0.368849 -0.36885 -0.368272 -0.369444 -0.368849 -0.36885 -0.368271 -0.369444 -0.368272 -0.368272 -0.36885 -0.368271 -0.368867 -0.369444 -0.368271 -0.368849 -0.369444 -0.368866 -0.368849 -0.36827 -0.368848 -0.36944 -0.176275 
-0.177454 -0.382617 -0.381404 -0.381405 -0.382004 -0.382004 -0.382619 -0.381405 -0.381405 -0.382004 -0.382004 -0.381406 -0.38262 -0.382003 -0.382004 -0.381405 -0.38262 -0.381406 -0.381405 -0.382005 -0.381405 -0.382022 -0.382619 -0.381405 -0.382004 -0.38262 -0.382021 -0.382003 -0.381404 -0.382003 -0.382616 -0.182563 
-0.183563 -0.395789 -0.394534 -0.394535 -0.395156 -0.395155 -0.395792 -0.394535 -0.394536 -0.395155 -0.395155 -0.394536 -0.395792 -0.395154 -0.395155 -0.394535 -0.395792 -0.394537 -0.394536 -0.395156 -0.394535 -0.395173 -0.395792 -0.394535 -0.395155 -0.395792 -0.395173 -0.395154 -0.394534 -0.395154 -0.395788 -0.188848 
-0.189672 -0.408963 -0.407667 -0.407668 -0.408309 -0.408308 -0.408966 -0.407668 -0.407668 -0.408308 -0.408308 -0.407669 -0.408966 -0.408307 -0.408308 -0.407668 -0.408967 -0.407669 -0.407668 -0.408309 -0.407668 -0.408327 -0.408966 -0.407668 -0.408308 -0.408966 -0.408326 -0.408307 -0.407666 -0.408307 -0.408962 -0.195135 
-0.195783 -0.422144 -0.420806 -0.420807 -0.421469 -0.421468 -0.422147 -0.420807 -0.420807 -0.421468 -0.421468 -0.420808 -0.422148 -0.421467 -0.421468 -0.420807 -0.422148 -0.420808 -0.420808 -0.421469 -0.420807 -0.421488 -0.422147 -0.420807 -0.421468 -0.422147 -0.421487 -0.421467 -0.420806 -0.421466 -0.422142 -0.201427 
-0.201892 -0.435317 -0.433937 -0.433938 -0.434621 -0.43462 -0.43532 -0.433939 -0.433939 -0.43462 -0.43462 -0.433939 -0.435321 -0.434619 -0.43462 -0.433938 -0.435321 -0.43394 -0.433939 -0.434621 -0.433938 -0.43464 -0.43532 -0.433938 -0.43462 -0.43532 -0.434639 -0.434619 -0.433937 -0.434618 -0.435315 -0.207714 
-0.208003 -0.448494 -0.447072 -0.447074 -0.447777 -0.447777 -0.448498 -0.447074 -0.447075 -0.447776 -0.447777 -0.447075 -0.448498 -0.447776 -0.447777 -0.447074 -0.448499 -0.447075 -0.447074 -0.447777 -0.447074 -0.447797 -0.448498 -0.447074 -0.447776 -0.448498 -0.447796 -0.447775 -0.447072 -0.447774 -0.448493 -0.214002 
-0.214111 -0.461668 -0.460204 -0.460205 -0.46093 -0.460929 -0.461672 -0.460206 -0.460206 -0.460929 -0.460929 -0.460207 -0.461672 -0.460928 -0.460929 -0.460206 -0.461672 -0.460207 -0.460206 -0.46093 -0.460206 -0.46095 -0.461672 -0.460205 -0.460928 -0.461672 -0.460949 -0.460928 -0.460204 -0.460926 -0.461666 -0.220289 
-0.22022 -0.474843 -0.473338 -0.473339 -0.474084 -0.474084 -0.474848 -0.47334 -0.473341 -0.474084 -0.474084 -0.473341 -0.474848 -0.474083 -0.474084 -0.47334 -0.474849 -0.473341 -0.47334 -0.474085 -0.47334 -0.474106 -0.474848 -0.473339 -0.474083 -0.474848 -0.474105 -0.474082 -0.473338 -0.474081 -0.474841 -0.226579 
-0.226331 -0.488019 -0.486472 -0.486473 -0.487239 -0.487239 -0.488024 -0.486474 -0.486475 -0.487238 -0.487239 -0.486475 -0.488024 -0.487238 -0.487238 -0.486474 -0.488024 -0.486475 -0.486474 -0.487239 -0.486474 -0.487261 -0.488024 -0.486473 -0.487238 -0.488024 -0.48726 -0.487237 -0.486472 -0.487235 -0.488017 -0.232866 
-0.232444 -0.501197 -0.499608 -0.499609 -0.500396 -0.500396 -0.501202 -0.49961 -0.499611 -0.500395 -0.500395 -0.499612 -0.501202 -0.500395 -0.500395 -0.49961 -0.501203 -0.499611 -0.49961 -0.500396 -0.49961 -0.500419 -0.501201 -0.499609 -0.500394 -0.501202 -0.500417 -0.500393 -0.499608 -0.500392 -0.501194 -0.239152 
-0.238556 -0.514376 -0.512745 -0.512747 -0.513554 -0.513554 -0.514381 -0.512748 -0.512748 -0.513553 -0.513554 -0.512749 -0.514381 -0.513553 -0.513553 -0.512748 -0.514382 -0.512749 -0.512747 -0.513554 -0.512747 -0.513577 -0.514381 -0.512746 -0.513552 -0.514381 -0.513576 -0.513551 -0.512745 -0.51355 -0.514373 -0.245442 
-0.244669 -0.527552 -0.525879 -0.525881 -0.526709 -0.526709 -0.527558 -0.525882 -0.525882 -0.526708 -0.526709 -0.525883 -0.527558 -0.526708 -0.526708 -0.525882 -0.527558 -0.525883 -0.525882 -0.526709 -0.525882 -0.526733 -0.527557 -0.525881 -0.526707 -0.527557 -0.526731 -0.526706 -0.525879 -0.526705 -0.527549 -0.251727 
-0.250779 -0.540726 -0.539012 -0.539013 -0.539862 -0.539862 -0.540732 -0.539015 -0.539014 -0.539861 -0.539862 -0.539016 -0.540732 -0.539861 -0.539861 -0.539015 -0.540733 -0.539015 -0.539014 -0.539862 -0.539014 -0.539887 -0.540731 -0.539013 -0.53986 -0.540732 -0.539885 -0.539859 -0.539011 -0.539857 -0.540723 -0.258013 
-0.256891 -0.553902 -0.552146 -0.552148 -0.553017 -0.553018 -0.553909 -0.55215 -0.552149 -0.553017 -0.553017 -0.552151 -0.553909 -0.553017 -0.553016 -0.55215 -0.55391 -0.55215 -0.552149 -0.553018 -0.552149 -0.553043 -0.553908 -0.552148 -0.553015 -0.553909 -0.553041 -0.553014 -0.552146 -0.553013 -0.553899 -0.2643 
-0.263002 -0.567081 -0.565283 -0.565285 -0.566175 -0.566175 -0.567087 -0.565286 -0.565286 -0.566175 -0.566175 -0.565288 -0.567087 -0.566174 -0.566174 -0.565287 -0.567088 -0.565287 -0.565285 -0.566175 -0.565286 -0.566201 -0.567087 -0.565285 -0.566173 -0.567087 -0.566199 -0.566171 -0.565282 -0.56617 -0.567077 -0.270589 
-0.269113 -0.580258 -0.578419 -0.57842 -0.579331 -0.579332 -0.580265 -0.578422 -0.578422 -0.579331 -0.579332 -0.578424 -0.580265 -0.579331 -0.57933 -0.578423 -0.580266 -0.578423 -0.578421 -0.579332 -0.578422 -0.579358 -0.580264 -0.578421 -0.579329 -0.580265 -0.579356 -0.579328 -0.578418 -0.579326 -0.580255 -0.276878 
-0.275224 -0.593438 -0.591557 -0.591559 -0.59249 -0.592491 -0.593446 -0.591561 -0.59156 -0.59249 -0.592491 -0.591562 -0.593446 -0.59249 -0.59249 -0.591561 -0.593447 -0.591562 -0.59156 -0.592491 -0.59156 -0.592518 -0.593445 -0.591559 -0.592488 -0.593446 -0.592516 -0.592487 -0.591556 -0.592485 -0.593434 -0.283169 
-0.281335 -0.606617 -0.604695 -0.604697 -0.605649 -0.60565 -0.606625 -0.604699 -0.604698 -0.605649 -0.605649 -0.6047 -0.606625 -0.605648 -0.605648 -0.604699 -0.606627 -0.604699 -0.604698 -0.60565 -0.604698 -0.605677 -0.606624 -0.604697 -0.605646 -0.606626 -0.605675 -0.605645 -0.604694 -0.605643 -0.606614 -0.28946 
-0.287447 -0.619796 -0.617832 -0.617834 -0.618807 -0.618808 -0.619805 -0.617836 -0.617835 -0.618807 -0.618807 -0.617837 -0.619804 -0.618806 -0.618806 -0.617836 -0.619806 -0.617837 -0.617835 -0.618807 -0.617835 -0.618835 -0.619803 -0.617834 -0.618804 -0.619805 -0.618833 -0.618802 -0.617831 -0.6188 -0.619792 -0.295749 
-0.293557 -0.63298 -0.630974 -0.630976 -0.63197 -0.631971 -0.632989 -0.630979 -0.630978 -0.63197 -0.631971 -0.63098 -0.632989 -0.63197 -0.631969 -0.630979 -0.63299 -0.630979 -0.630978 -0.631971 -0.630978 -0.631999 -0.632988 -0.630977 -0.631968 -0.632989 -0.631997 -0.631966 -0.630973 -0.631963 -0.632976 -0.302045 
-0.29967 -0.646163 -0.644116 -0.644117 -0.645132 -0.645133 -0.646173 -0.64412 -0.644119 -0.645132 -0.645133 -0.644121 -0.646172 -0.645132 -0.645131 -0.644121 -0.646173 -0.644121 -0.644119 -0.645133 -0.644119 -0.645162 -0.646171 -0.644118 -0.64513 -0.646173 -0.645159 -0.645127 -0.644115 -0.645125 -0.646159 -0.308337 
-0.305783 -0.659338 -0.657249 -0.657251 -0.658286 -0.658287 -0.659348 -0.657254 -0.657253 -0.658286 -0.658287 -0.657255 -0.659348 -0.658286 -0.658286 -0.657254 -0.659349 -0.657255 -0.657253 -0.658287 -0.657253 -0.658316 -0.659347 -0.657252 -0.658284 -0.659348 -0.658314 -0.658282 -0.657248 -0.658279 -0.659334 -0.314622 
-0.311896 -0.67252 -0.67039 -0.670392 -0.671448 -0.671449 -0.672531 -0.670395 -0.670394 -0.671448 -0.671449 -0.670396 -0.672531 -0.671448 -0.671447 -0.670395 -0.672532 -0.670396 -0.670394 -0.671449 -0.670394 -0.671479 -0.672529 -0.670393 -0.671446 -0.672531 -0.671476 -0.671443 -0.670389 -0.671441 -0.672516 -0.320913 
-0.318007 -0.685701 -0.68353 -0.683531 -0.684608 -0.684609 -0.685712 -0.683534 -0.683533 -0.684608 -0.684609 -0.683535 -0.685712 -0.684608 -0.684607 -0.683535 -0.685713 -0.683536 -0.683534 -0.684609 -0.683533 -0.684639 -0.685711 -0.683532 -0.684606 -0.685713 -0.684637 -0.684603 -0.683528 -0.684601 -0.685696 -0.327205 
-0.324124 -0.698888 -0.696675 -0.696676 -0.697774 -0.697775 -0.6989 -0.69668 -0.696679 -0.697774 -0.697775 -0.69668 -0.6989 -0.697774 -0.697774 -0.69668 -0.698901 -0.696681 -0.696679 -0.697775 -0.696678 -0.697806 -0.698898 -0.696677 -0.697772 -0.6989 -0.697803 -0.697769 -0.696673 -0.697766 -0.698883 -0.333497 
-0.33024 -0.712074 -0.70982 -0.709821 -0.71094 -0.71094 -0.712086 -0.709825 -0.709824 -0.71094 -0.71094 -0.709825 -0.712086 -0.710939 -0.710939 -0.709825 -0.712087 -0.709826 -0.709824 -0.710941 -0.709823 -0.710972 -0.712084 -0.709822 -0.710937 -0.712086 -0.710969 -0.710934 -0.709817 -0.710931 -0.712069 -0.33979 
-0.336353 -0.725254 -0.722958 -0.722959 -0.724098 -0.724099 -0.725267 -0.722963 -0.722962 -0.724098 -0.724099 -0.722963 -0.725267 -0.724098 -0.724098 -0.722963 -0.725267 -0.722964 -0.722962 -0.7241 -0.722961 -0.724131 -0.725264 -0.72296 -0.724096 -0.725267 -0.724129 -0.724093 -0.722955 -0.72409 -0.725248 -0.346079 
-0.342469 -0.738438 -0.736101 -0.736102 -0.737262 -0.737263 -0.738452 -0.736106 -0.736105 -0.737262 -0.737263 -0.736106 -0.738452 -0.737261 -0.737261 -0.736106 -0.738452 -0.736107 -0.736105 -0.737263 -0.736104 -0.737296 -0.738449 -0.736103 -0.737259 -0.738452 -0.737293 -0.737257 -0.736098 -0.737253 -0.738432 -0.35237 
-0.348586 -0.751624 -0.749245 -0.749246 -0.750428 -0.750428 -0.751638 -0.74925 -0.74925 -0.750427 -0.750428 -0.74925 -0.751638 -0.750427 -0.750427 -0.749251 -0.751639 -0.749252 -0.749249 -0.750429 -0.749249 -0.750462 -0.751635 -0.749247 -0.750424 -0.751638 -0.750459 -0.750422 -0.749242 -0.750418 -0.751618 -0.358661 
-0.354703 -0.764812 -0.762392 -0.762393 -0.763595 -0.763596 -0.764827 -0.762397 -0.762396 -0.763594 -0.763595 -0.762397 -0.764827 -0.763594 -0.763594 -0.762397 -0.764828 -0.762398 -0.762396 -0.763596 -0.762395 -0.76363 -0.764824 -0.762394 -0.763591 -0.764826 -0.763626 -0.763589 -0.762389 -0.763585 -0.764805 -0.364953 
-0.360819 -0.777998 -0.775536 -0.775537 -0.77676 -0.776761 -0.778014 -0.775542 -0.775541 -0.77676 -0.776761 -0.775541 -0.778014 -0.776759 -0.776759 -0.775542 -0.778014 -0.775543 -0.775541 -0.776761 -0.77554 -0.776796 -0.77801 -0.775538 -0.776757 -0.778013 -0.776792 -0.776754 -0.775533 -0.77675 -0.777991 -0.371246 
-0.366935 -0.791184 -0.78868 -0.788682 -0.789925 -0.789926 -0.7912 -0.788686 -0.788686 -0.789925 -0.789926 -0.788686 -0.7912 -0.789924 -0.789924 -0.788686 -0.791201 -0.788688 -0.788685 -0.789926 -0.788684 -0.789961 -0.791196 -0.788683 -0.789921 -0.791199 -0.789958 -0.789919 -0.788677 -0.789914 -0.791177 -0.377538 
-0.373048 -0.804365 -0.80182 -0.801822 -0.803086 -0.803087 -0.804382 -0.801826 -0.801826 -0.803086 -0.803087 -0.801826 -0.804382 -0.803085 -0.803085 -0.801826 -0.804383 -0.801828 -0.801825 -0.803087 -0.801825 -0.803123 -0.804378 -0.801823 -0.803082 -0.804381 -0.803119 -0.803079 -0.801817 -0.803075 -0.804358 -0.383828 
-0.379164 -0.817549 -0.814962 -0.814964 -0.816249 -0.81625 -0.817566 -0.814968 -0.814968 -0.816249 -0.81625 -0.814968 -0.817566 -0.816248 -0.816248 -0.814968 -0.817567 -0.81497 -0.814967 -0.81625 -0.814967 -0.816287 -0.817562 -0.814965 -0.816245 -0.817565 -0.816282 -0.816242 -0.814959 -0.816238 -0.817541 -0.390119 
-0.38528 -0.830736 -0.828107 -0.828109 -0.829415 -0.829416 -0.830753 -0.828113 -0.828113 -0.829414 -0.829415 -0.828114 -0.830753 -0.829414 -0.829414 -0.828113 -0.830754 -0.828115 -0.828112 -0.829416 -0.828112 -0.829453 -0.830749 -0.82811 -0.829411 -0.830752 -0.829449 -0.829408 -0.828104 -0.829403 -0.830727 -0.396411 
-0.391393 -0.843921 -0.84125 -0.841253 -0.842579 -0.842581 -0.843939 -0.841257 -0.841257 -0.842579 -0.842579 -0.841257 -0.843939 -0.842578 -0.842579 -0.841256 -0.84394 -0.841259 -0.841256 -0.84258 -0.841255 -0.842618 -0.843935 -0.841253 -0.842575 -0.843938 -0.842613 -0.842572 -0.841247 -0.842567 -0.843912 -0.402706 
-0.397508 -0.857106 -0.854394 -0.854396 -0.855743 -0.855745 -0.857124 -0.8544 -0.8544 -0.855743 -0.855744 -0.854401 -0.857125 -0.855742 -0.855743 -0.8544 -0.857125 -0.854403 -0.854399 -0.855745 -0.854399 -0.855783 -0.85712 -0.854397 -0.855739 -0.857123 -0.855778 -0.855736 -0.854391 -0.855731 -0.857096 -0.408998 
-0.40363 -0.870295 -0.867541 -0.867544 -0.868912 -0.868913 -0.870313 -0.867548 -0.867548 -0.868911 -0.868912 -0.867549 -0.870314 -0.86891 -0.868911 -0.867547 -0.870315 -0.867551 -0.867546 -0.868913 -0.867546 -0.868952 -0.870309 -0.867544 -0.868907 -0.870312 -0.868947 -0.868904 -0.867538 -0.868898 -0.870285 -0.415288 
-0.409746 -0.883482 -0.880686 -0.880689 -0.882078 -0.88208 -0.883501 -0.880693 -0.880693 -0.882077 -0.882078 -0.880694 -0.883502 -0.882077 -0.882078 -0.880693 -0.883502 -0.880697 -0.880692 -0.882079 -0.880692 -0.882119 -0.883496 -0.88069 -0.882074 -0.8835 -0.882113 -0.88207 -0.880683 -0.882064 -0.883471 -0.421581 
-0.415862 -0.896668 -0.893831 -0.893834 -0.895243 -0.895245 -0.896687 -0.893838 -0.893838 -0.895243 -0.895244 -0.893839 -0.896688 -0.895242 -0.895243 -0.893837 -0.896689 -0.893841 -0.893836 -0.895244 -0.893836 -0.895285 -0.896683 -0.893834 -0.895239 -0.896686 -0.895279 -0.895235 -0.893828 -0.895229 -0.896657 -0.427873 
-0.421978 -0.909857 -0.906979 -0.906982 -0.908412 -0.908414 -0.909878 -0.906986 -0.906986 -0.908412 -0.908413 -0.906987 -0.909879 -0.908411 -0.908412 -0.906985 -0.909879 -0.90699 -0.906985 -0.908413 -0.906985 -0.908454 -0.909873 -0.906982 -0.908407 -0.909876 -0.908449 -0.908403 -0.906976 -0.908397 -0.909846 -0.434169 
-0.428094 -0.923046 -0.920126 -0.920128 -0.921579 -0.921582 -0.923066 -0.920133 -0.920133 -0.921579 -0.92158 -0.920134 -0.923067 -0.921578 -0.921579 -0.920132 -0.923068 -0.920137 -0.920131 -0.921581 -0.920132 -0.921622 -0.923061 -0.920129 -0.921575 -0.923065 -0.921616 -0.92157 -0.920122 -0.921564 -0.923034 -0.440463 
-0.434213 -0.936236 -0.933275 -0.933277 -0.934749 -0.934751 -0.936257 -0.933282 -0.933282 -0.934749 -0.93475 -0.933283 -0.936258 -0.934748 -0.934749 -0.93328 -0.936259 -0.933286 -0.93328 -0.93475 -0.933281 -0.934792 -0.936252 -0.933278 -0.934744 -0.936255 -0.934787 -0.934739 -0.933271 -0.934733 -0.936223 -0.446757 
-0.440333 -0.949424 -0.946422 -0.946423 -0.947916 -0.947918 -0.949445 -0.946429 -0.946428 -0.947916 -0.947917 -0.946429 -0.949446 -0.947915 -0.947916 -0.946427 -0.949447 -0.946432 -0.946426 -0.947917 -0.946427 -0.94796 -0.94944 -0.946424 -0.947911 -0.949443 -0.947954 -0.947906 -0.946417 -0.9479 -0.949411 -0.453047 
-0.446453 -0.962617 -0.959573 -0.959575 -0.961088 -0.961091 -0.962639 -0.959581 -0.95958 -0.961089 -0.961089 -0.959581 -0.96264 -0.961087 -0.961088 -0.959578 -0.962641 -0.959584 -0.959578 -0.96109 -0.959579 -0.961133 -0.962634 -0.959576 -0.961083 -0.962637 -0.961127 -0.961078 -0.959568 -0.961072 -0.962603 -0.459342 
-0.452572 -0.975807 -0.972722 -0.972724 -0.974258 -0.97426 -0.97583 -0.97273 -0.972729 -0.974258 -0.974259 -0.97273 -0.975831 -0.974257 -0.974258 -0.972727 -0.975831 -0.972733 -0.972727 -0.97426 -0.972728 -0.974303 -0.975824 -0.972724 -0.974253 -0.975828 -0.974297 -0.974247 -0.972717 -0.974241 -0.975793 -0.465635 
-0.458688 -0.988994 -0.985868 -0.98587 -0.987424 -0.987427 -0.989018 -0.985876 -0.985875 -0.987425 -0.987426 -0.985876 -0.989019 -0.987423 -0.987424 -0.985873 -0.989019 -0.985879 -0.985873 -0.987426 -0.985874 -0.98747 -0.989012 -0.98587 -0.98742 -0.989015 -0.987464 -0.987414 -0.985862 -0.987407 -0.98898 -0.471929 
-0.464808 -1.00219 -0.999019 -0.999021 -1.0006 -1.0006 -1.00221 -0.999027 -0.999026 -1.0006 -1.0006 -0.999026 -1.00221 -1.00059 -1.0006 -0.999024 -1.00221 -0.99903 -0.999023 -1.0006 -0.999024 -1.00064 -1.0022 -0.999021 -1.00059 -1.00221 -1.00064 -1.00058 -0.999013 -1.00058 -1.00217 -0.478224 
-0.470928 -1.01538 -1.01217 -1.01217 -1.01377 -1.01377 -1.0154 -1.01218 -1.01218 -1.01377 -1.01377 -1.01218 -1.01541 -1.01377 -1.01377 -1.01218 -1.01541 -1.01218 -1.01218 -1.01377 -1.01218 -1.01381 -1.0154 -1.01217 -1.01376 -1.0154 -1.01381 -1.01376 -1.01216 -1.01375 -1.01536 -0.484519 
-0.477047 -1.02857 -1.02532 -1.02533 -1.02694 -1.02695 -1.0286 -1.02533 -1.02533 -1.02694 -1.02694 -1.02533 -1.0286 -1.02694 -1.02694 -1.02533 -1.0286 -1.02534 -1.02533 -1.02694 -1.02533 -1.02699 -1.02859 -1.02533 -1.02694 -1.0286 -1.02698 -1.02693 -1.02532 -1.02692 -1.02856 -0.490816 
-0.483165 -1.04177 -1.03847 -1.03848 -1.04011 -1.04012 -1.04179 -1.03848 -1.03848 -1.04011 -1.04012 -1.03848 -1.04179 -1.04011 -1.04011 -1.03848 -1.04179 -1.03849 -1.03848 -1.04011 -1.03848 -1.04016 -1.04179 -1.03848 -1.04011 -1.04179 -1.04016 -1.0401 -1.03847 -1.04009 -1.04175 -0.497113 
-0.489283 -1.05496 -1.05162 -1.05162 -1.05328 -1.05328 -1.05498 -1.05163 -1.05163 -1.05328 -1.05328 -1.05163 -1.05498 -1.05328 -1.05328 -1.05163 -1.05498 -1.05163 -1.05163 -1.05328 -1.05163 -1.05333 -1.05497 -1.05162 -1.05328 -1.05498 -1.05332 -1.05327 -1.05161 -1.05326 -1.05494 -0.503405 
-0.4954 -1.06814 -1.06477 -1.06477 -1.06645 -1.06645 -1.06817 -1.06478 -1.06478 -1.06645 -1.06645 -1.06478 -1.06817 -1.06645 -1.06645 -1.06477 -1.06817 -1.06478 -1.06477 -1.06645 -1.06477 -1.0665 -1.06816 -1.06477 -1.06645 -1.06817 -1.06649 -1.06644 -1.06476 -1.06643 -1.06813 -0.5097 
-0.501518 -1.08134 -1.07792 -1.07793 -1.07963 -1.07963 -1.08137 -1.07793 -1.07793 -1.07963 -1.07963 -1.07793 -1.08137 -1.07962 -1.07962 -1.07793 -1.08137 -1.07794 -1.07793 -1.07963 -1.07793 -1.07967 -1.08136 -1.07793 -1.07962 -1.08136 -1.07967 -1.07961 -1.07792 -1.0796 -1.08132 -0.515999 
-0.507635 -1.09453 -1.09107 -1.09107 -1.09279 -1.0928 -1.09456 -1.09108 -1.09108 -1.09279 -1.09279 -1.09108 -1.09456 -1.09279 -1.09279 -1.09107 -1.09456 -1.09108 -1.09107 -1.09279 -1.09107 -1.09284 -1.09455 -1.09107 -1.09279 -1.09455 -1.09283 -1.09278 -1.09106 -1.09277 -1.09451 -0.522292 
-0.513753 -1.10772 -1.10422 -1.10422 -1.10596 -1.10597 -1.10775 -1.10423 -1.10423 -1.10596 -1.10597 -1.10423 -1.10775 -1.10596 -1.10596 -1.10422 -1.10775 -1.10423 -1.10422 -1.10596 -1.10422 -1.10601 -1.10774 -1.10422 -1.10596 -1.10774 -1.10601 -1.10595 -1.10421 -1.10594 -1.1077 -0.528588 
-0.519869 -1.12091 -1.11737 -1.11737 -1.11913 -1.11913 -1.12094 -1.11737 -1.11737 -1.11913 -1.11913 -1.11737 -1.12094 -1.11913 -1.11913 -1.11737 -1.12094 -1.11738 -1.11737 -1.11913 -1.11737 -1.11918 -1.12093 -1.11737 -1.11912 -1.12093 -1.11917 -1.11912 -1.11736 -1.11911 -1.12089 -0.534881 
-0.525984 -1.1341 -1.13051 -1.13051 -1.1323 -1.1323 -1.13412 -1.13052 -1.13052 -1.1323 -1.1323 -1.13052 -1.13412 -1.13229 -1.1323 -1.13052 -1.13413 -1.13053 -1.13052 -1.1323 -1.13052 -1.13235 -1.13412 -1.13051 -1.13229 -1.13412 -1.13234 -1.13228 -1.1305 -1.13227 -1.13407 -0.541176 
-0.532102 -1.14728 -1.14366 -1.14366 -1.14546 -1.14547 -1.14731 -1.14367 -1.14367 -1.14546 -1.14547 -1.14367 -1.14731 -1.14546 -1.14546 -1.14366 -1.14731 -1.14367 -1.14366 -1.14547 -1.14366 -1.14551 -1.1473 -1.14366 -1.14546 -1.14731 -1.14551 -1.14545 -1.14365 -1.14544 -1.14726 -0.547469 
-0.538221 -1.16047 -1.15681 -1.15681 -1.15863 -1.15864 -1.1605 -1.15681 -1.15681 -1.15863 -1.15863 -1.15681 -1.1605 -1.15863 -1.15863 -1.15681 -1.1605 -1.15682 -1.15681 -1.15863 -1.15681 -1.15868 -1.16049 -1.15681 -1.15863 -1.1605 -1.15868 -1.15862 -1.1568 -1.15861 -1.16045 -0.553761 
-0.544338 -1.17366 -1.16996 -1.16996 -1.1718 -1.17181 -1.17369 -1.16996 -1.16996 -1.1718 -1.1718 -1.16996 -1.17369 -1.1718 -1.1718 -1.16996 -1.17369 -1.16997 -1.16996 -1.1718 -1.16996 -1.17185 -1.17368 -1.16996 -1.1718 -1.17369 -1.17185 -1.17179 -1.16994 -1.17178 -1.17364 -0.560055 
-0.550456 -1.18685 -1.1831 -1.1831 -1.18497 -1.18497 -1.18688 -1.18311 -1.18311 -1.18497 -1.18497 -1.18311 -1.18688 -1.18496 -1.18496 -1.1831 -1.18688 -1.18311 -1.1831 -1.18497 -1.1831 -1.18502 -1.18687 -1.1831 -1.18496 -1.18687 -1.18501 -1.18495 -1.18309 -1.18494 -1.18682 -0.566345 
-0.556571 -1.20003 -1.19624 -1.19624 -1.19813 -1.19814 -1.20006 -1.19625 -1.19625 -1.19813 -1.19813 -1.19625 -1.20006 -1.19813 -1.19813 -1.19625 -1.20006 -1.19625 -1.19624 -1.19813 -1.19624 -1.19818 -1.20005 -1.19624 -1.19812 -1.20006 -1.19817 -1.19811 -1.19623 -1.1981 -1.20001 -0.572635 
-0.562688 -1.21322 -1.20939 -1.20939 -1.21129 -1.2113 -1.21325 -1.20939 -1.20939 -1.21129 -1.2113 -1.20939 -1.21325 -1.21129 -1.21129 -1.20939 -1.21325 -1.2094 -1.20939 -1.21129 -1.20939 -1.21135 -1.21324 -1.20939 -1.21129 -1.21324 -1.21134 -1.21128 -1.20937 -1.21127 -1.21319 -0.578925 
-0.568803 -1.22641 -1.22253 -1.22253 -1.22446 -1.22446 -1.22644 -1.22254 -1.22254 -1.22446 -1.22446 -1.22254 -1.22643 -1.22446 -1.22446 -1.22253 -1.22644 -1.22254 -1.22253 -1.22446 -1.22253 -1.22451 -1.22642 -1.22253 -1.22445 -1.22643 -1.2245 -1.22444 -1.22252 -1.22443 -1.22638 -0.585218 
-0.574917 -1.23959 -1.23567 -1.23568 -1.23762 -1.23763 -1.23962 -1.23568 -1.23568 -1.23762 -1.23763 -1.23568 -1.23962 -1.23762 -1.23762 -1.23568 -1.23962 -1.23568 -1.23567 -1.23762 -1.23567 -1.23767 -1.23961 -1.23567 -1.23762 -1.23961 -1.23767 -1.2376 -1.23566 -1.23759 -1.23956 -0.59151 
-0.581031 -1.25278 -1.24882 -1.24882 -1.25079 -1.25079 -1.25281 -1.24883 -1.24883 -1.25079 -1.25079 -1.24883 -1.25281 -1.25079 -1.25079 -1.24882 -1.25281 -1.24883 -1.24882 -1.25079 -1.24882 -1.25084 -1.2528 -1.24882 -1.25078 -1.2528 -1.25083 -1.25077 -1.2488 -1.25076 -1.25275 -0.597804 
-0.587145 -1.26596 -1.26196 -1.26196 -1.26395 -1.26396 -1.26599 -1.26197 -1.26197 -1.26395 -1.26396 -1.26197 -1.26599 -1.26395 -1.26395 -1.26196 -1.26599 -1.26197 -1.26196 -1.26395 -1.26196 -1.26401 -1.26598 -1.26196 -1.26395 -1.26599 -1.264 -1.26393 -1.26195 -1.26392 -1.26593 -0.604097 
-0.593259 -1.27915 -1.2751 -1.27511 -1.27712 -1.27712 -1.27918 -1.27511 -1.27511 -1.27712 -1.27712 -1.27511 -1.27918 -1.27711 -1.27711 -1.27511 -1.27918 -1.27511 -1.2751 -1.27712 -1.2751 -1.27717 -1.27916 -1.2751 -1.27711 -1.27917 -1.27716 -1.2771 -1.27509 -1.27708 -1.27911 -0.610388 
-0.599372 -1.29233 -1.28825 -1.28825 -1.29028 -1.29029 -1.29237 -1.28826 -1.28826 -1.29028 -1.29029 -1.28826 -1.29236 -1.29028 -1.29028 -1.28825 -1.29236 -1.28826 -1.28825 -1.29028 -1.28825 -1.29034 -1.29235 -1.28825 -1.29028 -1.29236 -1.29033 -1.29026 -1.28823 -1.29025 -1.2923 -0.616685 
-0.605491 -1.30553 -1.3014 -1.30141 -1.30346 -1.30346 -1.30556 -1.30141 -1.30141 -1.30346 -1.30346 -1.30141 -1.30556 -1.30345 -1.30345 -1.30141 -1.30556 -1.30141 -1.3014 -1.30346 -1.3014 -1.30351 -1.30555 -1.3014 -1.30345 -1.30555 -1.3035 -1.30344 -1.30139 -1.30342 -1.30549 -0.622982 
-0.612001 -1.31953 -1.31536 -1.31537 -1.31744 -1.31744 -1.31956 -1.31537 -1.31537 -1.31744 -1.31744 -1.31537 -1.31956 -1.31743 -1.31743 -1.31536 -1.31956 -1.31537 -1.31536 -1.31744 -1.31536 -1.31749 -1.31955 -1.31536 -1.31743 -1.31955 -1.31748 -1.31742 -1.31534 -1.3174 -1.31949 -0.629646 
