0 0 0 0 0 0 0 0 0 0 0 0 0 0 0 0 0 0 0 0 0 0 0 0 0 0 0 0 0 0 0 0 
4.66478e-05 2.13559e-05 1.27104e-07 1.27104e-07 1.27104e-07 1.27103e-07 2.13559e-05 1.27104e-07 -2.11653e-05 1.27104e-07 -2.11653e-05 -2.11653e-05 2.13559e-05 -2.11653e-05 1.27104e-07 1.27104e-07 6.35521e-08 1.27104e-07 1.27104e-07 1.27103e-07 -2.11653e-05 6.35516e-08 2.13559e-05 -2.11653e-05 1.27104e-07 6.35515e-08 2.13559e-05 -2.11653e-05 -2.11653e-05 1.27104e-07 6.3552e-08 4.54644e-05 
9.09461e-05 4.27122e-05 2.5421e-07 2.5421e-07 2.54209e-07 2.54209e-07 4.27122e-05 2.5421e-07 -4.23309e-05 2.54209e-07 -4.23309e-05 -4.23309e-05 4.27122e-05 -4.23309e-05 2.54209e-07 2.54209e-07 1.27105e-07 2.5421e-07 2.5421e-07 2.54209e-07 -4.23309e-05 1.27105e-07 4.27122e-05 -4.23309e-05 2.5421e-07 1.27104e-07 4.27122e-05 -4.23309e-05 -4.23309e-05 2.5421e-07 1.27105e-07 8.84407e-05 
0.000135229 6.40688e-05 3.81319e-07 3.81318e-07 3.81318e-07 3.81317e-07 6.40689e-05 3.81318e-07 -6.34969e-05 3.81318e-07 -6.34969e-05 -6.34969e-05 6.40689e-05 -6.34969e-05 3.81318e-07 3.81318e-07 1.90659e-07 3.81319e-07 3.81318e-07 3.81318e-07 -6.3497e-05 1.90659e-07 6.40689e-05 -6.3497e-05 3.81319e-07 1.90659e-07 6.4069e-05 -6.34969e-05 -6.34969e-05 3.81319e-07 1.9066e-07 0.000131433 
0.000179516 8.54259e-05 5.08429e-07 5.08429e-07 5.08429e-07 5.08429e-07 8.5426e-05 5.08429e-07 -8.46634e-05 5.08429e-07 -8.46634e-05 -8.46634e-05 8.54261e-05 -8.46634e-05 5.08429e-07 5.08429e-07 2.54214e-07 5.0843e-07 5.0843e-07 5.08429e-07 -8.46635e-05 2.54215e-07 8.54261e-05 -8.46635e-05 5.0843e-07 2.54214e-07 8.54261e-05 -8.46634e-05 -8.46634e-05 5.08429e-07 2.54215e-07 0.000174415 
0.000223779 0.000106783 6.35543e-07 6.35543e-07 6.35542e-07 6.35543e-07 0.000106784 6.35543e-07 -0.00010583 6.35543e-07 -0.00010583 -0.00010583 0.000106784 -0.00010583 6.35543e-07 6.35543e-07 3.17771e-07 6.35544e-07 6.35543e-07 6.35543e-07 -0.00010583 3.17772e-07 0.000106784 -0.00010583 6.35544e-07 3.17771e-07 0.000106784 -0.00010583 -0.00010583 6.35543e-07 3.17772e-07 0.000217378 
0.000268051 0.000128141 7.62659e-07 7.62659e-07 7.62659e-07 7.62659e-07 0.000128142 7.62659e-07 -0.000126998 7.6266e-07 -0.000126998 -0.000126998 0.000128142 -0.000126998 7.6266e-07 7.6266e-07 3.81329e-07 7.6266e-07 7.6266e-07 7.62659e-07 -0.000126998 3.81331e-07 0.000128142 -0.000126998 7.62661e-07 3.8133e-07 0.000128142 -0.000126998 -0.000126998 7.6266e-07 3.81329e-07 0.000260364 
0.000312327 0.0001495 8.89779e-07 8.89778e-07 8.89778e-07 8.89778e-07 0.0001495 8.89779e-07 -0.000148166 8.89779e-07 -0.000148166 -0.000148166 0.0001495 -0.000148166 8.89779e-07 8.89779e-07 4.44889e-07 8.8978e-07 8.8978e-07 8.89779e-07 -0.000148166 4.4489e-07 0.0001495 -0.000148166 8.8978e-07 4.44889e-07 0.0001495 -0.000148166 -0.000148166 8.89779e-07 4.44889e-07 0.000303356 
0.000356612 0.000170859 1.0169e-06 1.0169e-06 1.0169e-06 1.0169e-06 0.000170859 1.0169e-06 -0.000169334 1.0169e-06 -0.000169334 -0.000169334 0.000170859 -0.000169334 1.0169e-06 1.0169e-06 5.08451e-07 1.0169e-06 1.0169e-06 1.0169e-06 -0.000169334 5.08452e-07 0.00017086 -0.000169334 1.0169e-06 5.08451e-07 0.00017086 -0.000169334 -0.000169334 1.0169e-06 5.08451e-07 0.00034635 
0.000400899 0.000192218 1.14403e-06 1.14403e-06 1.14403e-06 1.14403e-06 0.000192219 1.14403e-06 -0.000190503 1.14403e-06 -0.000190503 -0.000190503 0.000192219 -0.000190503 1.14403e-06 1.14403e-06 5.72014e-07 1.14403e-06 1.14403e-06 1.14403e-06 -0.000190503 5.72015e-07 0.000192219 -0.000190503 1.14403e-06 5.72014e-07 0.000192219 -0.000190503 -0.000190503 1.14403e-06 5.72013e-07 0.00038933 
0.000445176 0.000213578 1.27116e-06 1.27116e-06 1.27116e-06 1.27115e-06 0.000213579 1.27116e-06 -0.000211673 1.27116e-06 -0.000211672 -0.000211673 0.000213579 -0.000211672 1.27116e-06 1.27116e-06 6.35579e-07 1.27116e-06 1.27116e-06 1.27116e-06 -0.000211673 6.3558e-07 0.000213579 -0.000211673 1.27116e-06 6.35579e-07 0.00021358 -0.000211672 -0.000211672 1.27116e-06 6.35578e-07 0.000432317 
0.000489448 0.000234939 1.39829e-06 1.39829e-06 1.39829e-06 1.39829e-06 0.00023494 1.39829e-06 -0.000232843 1.39829e-06 -0.000232842 -0.000232843 0.00023494 -0.000232842 1.39829e-06 1.39829e-06 6.99146e-07 1.39829e-06 1.39829e-06 1.39829e-06 -0.000232843 6.99147e-07 0.00023494 -0.000232843 1.39829e-06 6.99145e-07 0.00023494 -0.000232842 -0.000232843 1.39829e-06 6.99144e-07 0.000475282 
0.000533718 0.0002563 1.52542e-06 1.52542e-06 1.52543e-06 1.52542e-06 0.000256301 1.52542e-06 -0.000254013 1.52542e-06 -0.000254013 -0.000254014 0.000256301 -0.000254013 1.52543e-06 1.52542e-06 7.62714e-07 1.52543e-06 1.52543e-06 1.52543e-06 -0.000254013 7.62715e-07 0.000256302 -0.000254014 1.52543e-06 7.62713e-07 0.000256302 -0.000254013 -0.000254013 1.52542e-06 7.62712e-07 0.000518262 
0.000578002 0.000277662 1.65256e-06 1.65256e-06 1.65256e-06 1.65256e-06 0.000277663 1.65256e-06 -0.000275185 1.65256e-06 -0.000275184 -0.000275185 0.000277663 -0.000275184 1.65257e-06 1.65256e-06 8.26284e-07 1.65257e-06 1.65257e-06 1.65257e-06 -0.000275185 8.26286e-07 0.000277664 -0.000275185 1.65257e-06 8.26283e-07 0.000277664 -0.000275184 -0.000275184 1.65256e-06 8.26282e-07 0.000561248 
0.000622298 0.000299024 1.77971e-06 1.77971e-06 1.77971e-06 1.77971e-06 0.000299026 1.77971e-06 -0.000296357 1.77971e-06 -0.000296356 -0.000296357 0.000299026 -0.000296356 1.77971e-06 1.77971e-06 8.89856e-07 1.77971e-06 1.77971e-06 1.77971e-06 -0.000296356 8.89858e-07 0.000299026 -0.000296357 1.77971e-06 8.89855e-07 0.000299026 -0.000296356 -0.000296356 1.77971e-06 8.89852e-07 0.000604211 
0.000666582 0.000320387 1.90685e-06 1.90685e-06 1.90686e-06 1.90685e-06 0.000320389 1.90686e-06 -0.000317529 1.90685e-06 -0.000317529 -0.000317529 0.000320389 -0.000317529 1.90686e-06 1.90685e-06 9.53429e-07 1.90686e-06 1.90686e-06 1.90686e-06 -0.000317529 9.53432e-07 0.000320389 -0.000317529 1.90686e-06 9.53428e-07 0.00032039 -0.000317529 -0.000317529 1.90685e-06 9.53425e-07 0.000647187 
0.000710848 0.000341751 2.034e-06 2.03401e-06 2.03401e-06 2.034e-06 0.000341753 2.03401e-06 -0.000338702 2.03401e-06 -0.000338702 -0.000338702 0.000341753 -0.000338702 2.03401e-06 2.034e-06 1.017e-06 2.03401e-06 2.03401e-06 2.03401e-06 -0.000338702 1.01701e-06 0.000341753 -0.000338703 2.03401e-06 1.017e-06 0.000341754 -0.000338702 -0.000338702 2.034e-06 1.017e-06 0.000690207 
0.000755141 0.000363115 2.16116e-06 2.16116e-06 2.16116e-06 2.16116e-06 0.000363117 2.16116e-06 -0.000359876 2.16116e-06 -0.000359876 -0.000359876 0.000363117 -0.000359875 2.16116e-06 2.16116e-06 1.08058e-06 2.16116e-06 2.16117e-06 2.16116e-06 -0.000359876 1.08059e-06 0.000363118 -0.000359876 2.16116e-06 1.08058e-06 0.000363118 -0.000359875 -0.000359876 2.16116e-06 1.08058e-06 0.000733189 
0.000799424 0.00038448 2.28832e-06 2.28832e-06 2.28832e-06 2.28832e-06 0.000384482 2.28832e-06 -0.00038105 2.28832e-06 -0.00038105 -0.000381051 0.000384483 -0.00038105 2.28832e-06 2.28832e-06 1.14416e-06 2.28832e-06 2.28833e-06 2.28832e-06 -0.00038105 1.14416e-06 0.000384483 -0.000381051 2.28832e-06 1.14416e-06 0.000384483 -0.00038105 -0.00038105 2.28832e-06 1.14416e-06 0.000776175 
0.000843734 0.000405846 2.41548e-06 2.41548e-06 2.41548e-06 2.41548e-06 0.000405848 2.41549e-06 -0.000402225 2.41548e-06 -0.000402225 -0.000402226 0.000405848 -0.000402225 2.41549e-06 2.41548e-06 1.20774e-06 2.41549e-06 2.41549e-06 2.41549e-06 -0.000402225 1.20775e-06 0.000405848 -0.000402226 2.41548e-06 1.20774e-06 0.000405849 -0.000402225 -0.000402225 2.41548e-06 1.20774e-06 0.000819159 
0.00088803 0.000427212 2.54264e-06 2.54265e-06 2.54265e-06 2.54265e-06 0.000427215 2.54265e-06 -0.000423401 2.54265e-06 -0.000423401 -0.000423402 0.000427215 -0.000423401 2.54265e-06 2.54265e-06 1.27133e-06 2.54265e-06 2.54265e-06 2.54265e-06 -0.000423401 1.27133e-06 0.000427215 -0.000423402 2.54265e-06 1.27133e-06 0.000427216 -0.000423401 -0.000423401 2.54265e-06 1.27132e-06 0.000862148 
0.000932326 0.000448579 2.66981e-06 2.66982e-06 2.66982e-06 2.66982e-06 0.000448582 2.66982e-06 -0.000444578 2.66982e-06 -0.000444577 -0.000444578 0.000448582 -0.000444577 2.66982e-06 2.66982e-06 1.33491e-06 2.66982e-06 2.66983e-06 2.66982e-06 -0.000444578 1.33492e-06 0.000448582 -0.000444578 2.66982e-06 1.33491e-06 0.000448583 -0.000444577 -0.000444577 2.66982e-06 1.3349e-06 0.000905153 
0.000976601 0.000469947 2.79699e-06 2.79699e-06 2.797e-06 2.79699e-06 0.00046995 2.797e-06 -0.000465755 2.79699e-06 -0.000465755 -0.000465755 0.00046995 -0.000465754 2.797e-06 2.79699e-06 1.3985e-06 2.797e-06 2.797e-06 2.797e-06 -0.000465755 1.3985e-06 0.00046995 -0.000465755 2.797e-06 1.3985e-06 0.000469951 -0.000465754 -0.000465754 2.79699e-06 1.39849e-06 0.000948163 
0.00102091 0.000491315 2.92417e-06 2.92417e-06 2.92418e-06 2.92417e-06 0.000491318 2.92418e-06 -0.000486932 2.92417e-06 -0.000486932 -0.000486933 0.000491318 -0.000486932 2.92418e-06 2.92417e-06 1.46209e-06 2.92418e-06 2.92418e-06 2.92418e-06 -0.000486933 1.46209e-06 0.000491318 -0.000486933 2.92418e-06 1.46209e-06 0.000491319 -0.000486932 -0.000486932 2.92417e-06 1.46208e-06 0.000991178 
0.00106521 0.000512684 3.05135e-06 3.05136e-06 3.05136e-06 3.05136e-06 0.000512687 3.05136e-06 -0.000508111 3.05135e-06 -0.000508111 -0.000508112 0.000512688 -0.00050811 3.05136e-06 3.05135e-06 1.52568e-06 3.05136e-06 3.05136e-06 3.05136e-06 -0.000508111 1.52568e-06 0.000512687 -0.000508111 3.05136e-06 1.52568e-06 0.000512688 -0.000508111 -0.00050811 3.05135e-06 1.52567e-06 0.00103419 
0.00110951 0.000534054 3.17854e-06 3.17855e-06 3.17855e-06 3.17854e-06 0.000534057 3.17855e-06 -0.00052929 3.17854e-06 -0.00052929 -0.000529291 0.000534058 -0.000529289 3.17855e-06 3.17854e-06 1.58928e-06 3.17855e-06 3.17855e-06 3.17855e-06 -0.00052929 1.58928e-06 0.000534057 -0.00052929 3.17855e-06 1.58927e-06 0.000534058 -0.00052929 -0.000529289 3.17854e-06 1.58926e-06 0.00107717 
0.00115382 0.000555425 3.30573e-06 3.30574e-06 3.30574e-06 3.30574e-06 0.000555428 3.30574e-06 -0.00055047 3.30573e-06 -0.00055047 -0.000550471 0.000555428 -0.000550469 3.30574e-06 3.30573e-06 1.65287e-06 3.30574e-06 3.30574e-06 3.30574e-06 -0.00055047 1.65287e-06 0.000555428 -0.00055047 3.30574e-06 1.65287e-06 0.000555429 -0.000550469 -0.000550469 3.30573e-06 1.65285e-06 0.00112019 
0.00119813 0.000576796 3.43292e-06 3.43293e-06 3.43294e-06 3.43293e-06 0.000576799 3.43293e-06 -0.000571651 3.43293e-06 -0.000571651 -0.000571652 0.0005768 -0.000571649 3.43293e-06 3.43293e-06 1.71647e-06 3.43294e-06 3.43294e-06 3.43294e-06 -0.000571651 1.71647e-06 0.000576799 -0.000571651 3.43293e-06 1.71647e-06 0.0005768 -0.00057165 -0.000571649 3.43292e-06 1.71645e-06 0.00116321 
0.00124246 0.000598167 3.56012e-06 3.56013e-06 3.56014e-06 3.56013e-06 0.000598171 3.56013e-06 -0.000592832 3.56013e-06 -0.000592832 -0.000592833 0.000598172 -0.000592831 3.56013e-06 3.56013e-06 1.78007e-06 3.56014e-06 3.56014e-06 3.56014e-06 -0.000592832 1.78007e-06 0.000598171 -0.000592832 3.56013e-06 1.78007e-06 0.000598172 -0.000592831 -0.00059283 3.56012e-06 1.78005e-06 0.00120622 
0.00128679 0.00061954 3.68733e-06 3.68733e-06 3.68734e-06 3.68734e-06 0.000619544 3.68734e-06 -0.000614014 3.68733e-06 -0.000614014 -0.000614015 0.000619544 -0.000614013 3.68734e-06 3.68733e-06 1.84367e-06 3.68735e-06 3.68734e-06 3.68734e-06 -0.000614014 1.84367e-06 0.000619544 -0.000614014 3.68734e-06 1.84367e-06 0.000619545 -0.000614013 -0.000614012 3.68732e-06 1.84365e-06 0.00124923 
0.00133109 0.000640913 3.81454e-06 3.81454e-06 3.81455e-06 3.81454e-06 0.000640917 3.81455e-06 -0.000635197 3.81454e-06 -0.000635197 -0.000635198 0.000640918 -0.000635195 3.81455e-06 3.81454e-06 1.90727e-06 3.81456e-06 3.81455e-06 3.81455e-06 -0.000635197 1.90728e-06 0.000640918 -0.000635196 3.81454e-06 1.90727e-06 0.000640918 -0.000635195 -0.000635195 3.81453e-06 1.90725e-06 0.00129224 
0.00137541 0.000662287 3.94175e-06 3.94175e-06 3.94176e-06 3.94176e-06 0.000662292 3.94176e-06 -0.000656381 3.94176e-06 -0.00065638 -0.000656381 0.000662292 -0.000656379 3.94176e-06 3.94175e-06 1.97088e-06 3.94177e-06 3.94176e-06 3.94177e-06 -0.00065638 1.97089e-06 0.000662292 -0.000656379 3.94175e-06 1.97088e-06 0.000662292 -0.000656378 -0.000656378 3.94174e-06 1.97086e-06 0.00133524 
0.00141975 0.000683661 4.06896e-06 4.06897e-06 4.06898e-06 4.06897e-06 0.000683667 4.06898e-06 -0.000677565 4.06897e-06 -0.000677564 -0.000677565 0.000683667 -0.000677563 4.06898e-06 4.06897e-06 2.03449e-06 4.06898e-06 4.06898e-06 4.06898e-06 -0.000677564 2.03449e-06 0.000683667 -0.000677563 4.06897e-06 2.03449e-06 0.000683667 -0.000677562 -0.000677562 4.06895e-06 2.03446e-06 0.00137826 
0.00146407 0.000705036 4.19618e-06 4.19619e-06 4.1962e-06 4.1962e-06 0.000705042 4.1962e-06 -0.000698749 4.19619e-06 -0.000698749 -0.00069875 0.000705043 -0.000698748 4.1962e-06 4.19619e-06 2.0981e-06 4.19621e-06 4.1962e-06 4.1962e-06 -0.000698749 2.0981e-06 0.000705042 -0.000698748 4.19619e-06 2.0981e-06 0.000705043 -0.000698747 -0.000698746 4.19617e-06 2.09807e-06 0.00142126 
0.00150839 0.000726412 4.32341e-06 4.32341e-06 4.32343e-06 4.32342e-06 0.000726419 4.32342e-06 -0.000719935 4.32342e-06 -0.000719934 -0.000719936 0.000726419 -0.000719933 4.32342e-06 4.32342e-06 2.16171e-06 4.32343e-06 4.32343e-06 4.32343e-06 -0.000719934 2.16172e-06 0.000726419 -0.000719933 4.32342e-06 2.16171e-06 0.000726419 -0.000719932 -0.000719932 4.3234e-06 2.16168e-06 0.00146428 
0.00155271 0.000747789 4.45063e-06 4.45064e-06 4.45066e-06 4.45065e-06 0.000747796 4.45065e-06 -0.000741121 4.45065e-06 -0.000741121 -0.000741122 0.000747796 -0.00074112 4.45065e-06 4.45065e-06 2.22533e-06 4.45066e-06 4.45065e-06 4.45066e-06 -0.00074112 2.22533e-06 0.000747795 -0.000741119 4.45064e-06 2.22532e-06 0.000747796 -0.000741118 -0.000741118 4.45062e-06 2.2253e-06 0.00150728 
0.00159704 0.000769166 4.57787e-06 4.57788e-06 4.57789e-06 4.57789e-06 0.000769174 4.57789e-06 -0.000762308 4.57788e-06 -0.000762308 -0.000762309 0.000769174 -0.000762307 4.57788e-06 4.57788e-06 2.28894e-06 4.57789e-06 4.57789e-06 4.57789e-06 -0.000762307 2.28895e-06 0.000769173 -0.000762306 4.57788e-06 2.28894e-06 0.000769174 -0.000762305 -0.000762304 4.57786e-06 2.28891e-06 0.00155029 
0.00164136 0.000790544 4.7051e-06 4.70511e-06 4.70513e-06 4.70512e-06 0.000790552 4.70513e-06 -0.000783496 4.70512e-06 -0.000783495 -0.000783497 0.000790552 -0.000783494 4.70512e-06 4.70512e-06 2.35256e-06 4.70513e-06 4.70512e-06 4.70513e-06 -0.000783495 2.35257e-06 0.000790551 -0.000783494 4.70511e-06 2.35256e-06 0.000790553 -0.000783492 -0.000783492 4.70509e-06 2.35253e-06 0.0015933 
0.00168567 0.000811923 4.83234e-06 4.83235e-06 4.83237e-06 4.83237e-06 0.000811932 4.83237e-06 -0.000804684 4.83236e-06 -0.000804684 -0.000804686 0.000811931 -0.000804683 4.83236e-06 4.83236e-06 2.41618e-06 4.83237e-06 4.83236e-06 4.83237e-06 -0.000804683 2.41619e-06 0.000811931 -0.000804682 4.83236e-06 2.41618e-06 0.000811932 -0.000804681 -0.00080468 4.83233e-06 2.41615e-06 0.00163634 
0.00173001 0.000833302 4.95959e-06 4.9596e-06 4.95962e-06 4.95961e-06 0.000833312 4.95961e-06 -0.000825873 4.95961e-06 -0.000825873 -0.000825875 0.000833311 -0.000825872 4.95961e-06 4.95961e-06 2.47981e-06 4.95962e-06 4.95961e-06 4.95962e-06 -0.000825872 2.47981e-06 0.00083331 -0.000825871 4.9596e-06 2.47981e-06 0.000833311 -0.000825869 -0.000825868 4.95958e-06 2.47977e-06 0.00167936 
0.00177432 0.000854682 5.08684e-06 5.08685e-06 5.08687e-06 5.08687e-06 0.000854692 5.08687e-06 -0.000847062 5.08686e-06 -0.000847063 -0.000847065 0.000854692 -0.000847062 5.08686e-06 5.08686e-06 2.54343e-06 5.08687e-06 5.08686e-06 5.08687e-06 -0.000847062 2.54344e-06 0.000854691 -0.00084706 5.08685e-06 2.54343e-06 0.000854692 -0.000847059 -0.000847058 5.08682e-06 2.54339e-06 0.00172239 
0.00181863 0.000876063 5.21409e-06 5.2141e-06 5.21412e-06 5.21412e-06 0.000876073 5.21412e-06 -0.000868253 5.21412e-06 -0.000868253 -0.000868255 0.000876073 -0.000868252 5.21411e-06 5.21412e-06 2.60706e-06 5.21412e-06 5.21411e-06 5.21413e-06 -0.000868252 2.60707e-06 0.000876072 -0.000868251 5.2141e-06 2.60706e-06 0.000876073 -0.000868249 -0.000868248 5.21408e-06 2.60702e-06 0.0017654 
0.00186294 0.000897445 5.34135e-06 5.34136e-06 5.34138e-06 5.34138e-06 0.000897455 5.34138e-06 -0.000889444 5.34138e-06 -0.000889445 -0.000889446 0.000897455 -0.000889443 5.34137e-06 5.34138e-06 2.67069e-06 5.34138e-06 5.34137e-06 5.34138e-06 -0.000889443 2.6707e-06 0.000897454 -0.000889442 5.34136e-06 2.67069e-06 0.000897455 -0.000889439 -0.000889438 5.34133e-06 2.67064e-06 0.00180842 
0.00190728 0.000918827 5.46861e-06 5.46862e-06 5.46864e-06 5.46865e-06 0.000918838 5.46865e-06 -0.000910635 5.46864e-06 -0.000910637 -0.000910638 0.000918838 -0.000910635 5.46864e-06 5.46864e-06 2.73432e-06 5.46865e-06 5.46863e-06 5.46865e-06 -0.000910635 2.73433e-06 0.000918837 -0.000910634 5.46862e-06 2.73432e-06 0.000918837 -0.000910631 -0.00091063 5.46859e-06 2.73427e-06 0.00185144 
0.00195161 0.00094021 5.59588e-06 5.59589e-06 5.59591e-06 5.59591e-06 0.000940221 5.59591e-06 -0.000931828 5.59591e-06 -0.000931829 -0.000931831 0.000940221 -0.000931827 5.5959e-06 5.59591e-06 2.79796e-06 5.59592e-06 5.5959e-06 5.59592e-06 -0.000931828 2.79796e-06 0.00094022 -0.000931826 5.59589e-06 2.79795e-06 0.000940221 -0.000931823 -0.000931822 5.59585e-06 2.7979e-06 0.00189445 
0.00199596 0.000961593 5.72315e-06 5.72316e-06 5.72318e-06 5.72319e-06 0.000961605 5.72319e-06 -0.000953021 5.72318e-06 -0.000953022 -0.000953024 0.000961605 -0.000953021 5.72317e-06 5.72318e-06 2.86159e-06 5.72319e-06 5.72317e-06 5.72319e-06 -0.000953021 2.8616e-06 0.000961604 -0.000953019 5.72316e-06 2.86159e-06 0.000961605 -0.000953016 -0.000953015 5.72312e-06 2.86154e-06 0.00193747 
0.0020403 0.000982977 5.85042e-06 5.85043e-06 5.85045e-06 5.85046e-06 0.00098299 5.85046e-06 -0.000974215 5.85045e-06 -0.000974216 -0.000974218 0.00098299 -0.000974215 5.85045e-06 5.85046e-06 2.92523e-06 5.85046e-06 5.85045e-06 5.85046e-06 -0.000974215 2.92524e-06 0.000982989 -0.000974213 5.85043e-06 2.92523e-06 0.000982989 -0.000974209 -0.000974208 5.8504e-06 2.92517e-06 0.00198049 
0.00208463 0.00100436 5.9777e-06 5.97771e-06 5.97773e-06 5.97774e-06 0.00100438 5.97774e-06 -0.00099541 5.97773e-06 -0.000995411 -0.000995413 0.00100438 -0.000995409 5.97773e-06 5.97774e-06 2.98887e-06 5.97774e-06 5.97773e-06 5.97774e-06 -0.000995409 2.98888e-06 0.00100437 -0.000995408 5.97771e-06 2.98887e-06 0.00100437 -0.000995403 -0.000995403 5.97767e-06 2.98881e-06 0.00202351 
0.00212901 0.00102575 6.10499e-06 6.105e-06 6.10502e-06 6.10503e-06 0.00102576 6.10503e-06 -0.0010166 6.10502e-06 -0.00101661 -0.00101661 0.00102576 -0.0010166 6.10501e-06 6.10503e-06 3.05251e-06 6.10503e-06 6.10502e-06 6.10503e-06 -0.0010166 3.05252e-06 0.00102576 -0.0010166 6.105e-06 3.05251e-06 0.00102576 -0.0010166 -0.0010166 6.10495e-06 3.05245e-06 0.00206653 
0.00217336 0.00104713 6.23227e-06 6.23228e-06 6.23231e-06 6.23232e-06 0.00104715 6.23231e-06 -0.0010378 6.23231e-06 -0.0010378 -0.0010378 0.00104715 -0.0010378 6.2323e-06 6.23231e-06 3.11616e-06 6.23232e-06 6.2323e-06 6.23232e-06 -0.0010378 3.11616e-06 0.00104715 -0.0010378 6.23229e-06 3.11616e-06 0.00104715 -0.00103779 -0.00103779 6.23224e-06 3.11609e-06 0.00210956 
0.00221767 0.00106852 6.35956e-06 6.35958e-06 6.3596e-06 6.35961e-06 0.00106854 6.35961e-06 -0.001059 6.3596e-06 -0.001059 -0.001059 0.00106854 -0.001059 6.3596e-06 6.35961e-06 3.1798e-06 6.35961e-06 6.3596e-06 6.35961e-06 -0.001059 3.17981e-06 0.00106853 -0.001059 6.35958e-06 3.1798e-06 0.00106854 -0.00105899 -0.00105899 6.35953e-06 3.17973e-06 0.00215258 
0.00226202 0.00108991 6.48686e-06 6.48687e-06 6.4869e-06 6.4869e-06 0.00108993 6.4869e-06 -0.00108019 6.4869e-06 -0.0010802 -0.0010802 0.00108992 -0.00108019 6.48689e-06 6.4869e-06 3.24345e-06 6.48691e-06 6.48689e-06 6.48691e-06 -0.00108019 3.24346e-06 0.00108992 -0.00108019 6.48688e-06 3.24345e-06 0.00108992 -0.00108019 -0.00108019 6.48682e-06 3.24338e-06 0.00219562 
0.00230638 0.0011113 6.61416e-06 6.61417e-06 6.6142e-06 6.6142e-06 0.00111131 6.61421e-06 -0.00110139 6.6142e-06 -0.00110139 -0.0011014 0.00111131 -0.00110139 6.61419e-06 6.61421e-06 3.3071e-06 6.61421e-06 6.6142e-06 6.61421e-06 -0.00110139 3.30711e-06 0.00111131 -0.00110139 6.61418e-06 3.3071e-06 0.00111131 -0.00110139 -0.00110138 6.61412e-06 3.30702e-06 0.00223864 
0.00235073 0.00113268 6.74146e-06 6.74147e-06 6.7415e-06 6.74151e-06 0.0011327 6.74151e-06 -0.00112259 6.7415e-06 -0.00112259 -0.00112259 0.0011327 -0.00112259 6.7415e-06 6.74151e-06 3.37075e-06 6.74152e-06 6.7415e-06 6.74151e-06 -0.00112259 3.37076e-06 0.0011327 -0.00112259 6.74148e-06 3.37075e-06 0.0011327 -0.00112258 -0.00112258 6.74142e-06 3.37067e-06 0.00228169 
0.00239509 0.00115407 6.86877e-06 6.86878e-06 6.86881e-06 6.86882e-06 0.00115409 6.86882e-06 -0.00114379 6.86881e-06 -0.00114379 -0.00114379 0.00115409 -0.00114379 6.86881e-06 6.86882e-06 3.43441e-06 6.86883e-06 6.86881e-06 6.86882e-06 -0.00114379 3.43441e-06 0.00115409 -0.00114379 6.86879e-06 3.43441e-06 0.00115409 -0.00114378 -0.00114378 6.86873e-06 3.43432e-06 0.00232474 
0.00243943 0.00117546 6.99609e-06 6.99609e-06 6.99612e-06 6.99613e-06 0.00117549 6.99613e-06 -0.00116499 6.99612e-06 -0.00116499 -0.00116499 0.00117549 -0.00116499 6.99612e-06 6.99613e-06 3.49807e-06 6.99614e-06 6.99612e-06 6.99614e-06 -0.00116499 3.49807e-06 0.00117548 -0.00116499 6.9961e-06 3.49806e-06 0.00117548 -0.00116498 -0.00116498 6.99604e-06 3.49797e-06 0.00236777 
0.00248378 0.00119686 7.1234e-06 7.12341e-06 7.12344e-06 7.12345e-06 0.00119688 7.12345e-06 -0.00118619 7.12344e-06 -0.00118619 -0.00118619 0.00119688 -0.00118619 7.12344e-06 7.12345e-06 3.56172e-06 7.12346e-06 7.12344e-06 7.12345e-06 -0.00118619 3.56173e-06 0.00119687 -0.00118619 7.12342e-06 3.56172e-06 0.00119687 -0.00118618 -0.00118618 7.12335e-06 3.56163e-06 0.00241082 
0.00252813 0.00121825 7.25072e-06 7.25073e-06 7.25076e-06 7.25077e-06 0.00121827 7.25077e-06 -0.00120739 7.25076e-06 -0.0012074 -0.0012074 0.00121827 -0.00120739 7.25076e-06 7.25077e-06 3.62539e-06 7.25078e-06 7.25076e-06 7.25077e-06 -0.00120739 3.62539e-06 0.00121827 -0.00120739 7.25073e-06 3.62538e-06 0.00121827 -0.00120739 -0.00120738 7.25067e-06 3.62529e-06 0.00245388 
0.00257248 0.00123964 7.37805e-06 7.37805e-06 7.37809e-06 7.3781e-06 0.00123966 7.3781e-06 -0.0012286 7.37808e-06 -0.0012286 -0.0012286 0.00123966 -0.0012286 7.37808e-06 7.37809e-06 3.68905e-06 7.37811e-06 7.37809e-06 7.3781e-06 -0.0012286 3.68905e-06 0.00123966 -0.00122859 7.37806e-06 3.68905e-06 0.00123966 -0.00122859 -0.00122858 7.37799e-06 3.68894e-06 0.00249694 
0.00261685 0.00126103 7.50537e-06 7.50538e-06 7.50542e-06 7.50543e-06 0.00126106 7.50543e-06 -0.0012498 7.50541e-06 -0.0012498 -0.0012498 0.00126106 -0.0012498 7.50541e-06 7.50542e-06 3.75271e-06 7.50544e-06 7.50542e-06 7.50543e-06 -0.0012498 3.75272e-06 0.00126105 -0.0012498 7.50538e-06 3.75271e-06 0.00126105 -0.00124979 -0.00124979 7.50532e-06 3.7526e-06 0.00253998 
0.0026612 0.00128243 7.63271e-06 7.63271e-06 7.63275e-06 7.63276e-06 0.00128245 7.63276e-06 -0.001271 7.63274e-06 -0.001271 -0.001271 0.00128245 -0.001271 7.63275e-06 7.63275e-06 3.81638e-06 7.63277e-06 7.63275e-06 7.63276e-06 -0.001271 3.81639e-06 0.00128245 -0.001271 7.63272e-06 3.81638e-06 0.00128245 -0.00127099 -0.00127099 7.63265e-06 3.81627e-06 0.00258303 
0.00270555 0.00130382 7.76004e-06 7.76005e-06 7.76009e-06 7.7601e-06 0.00130385 7.7601e-06 -0.00129221 7.76008e-06 -0.00129221 -0.00129221 0.00130385 -0.00129221 7.76008e-06 7.76009e-06 3.88005e-06 7.76011e-06 7.76009e-06 7.7601e-06 -0.00129221 3.88005e-06 0.00130384 -0.0012922 7.76005e-06 3.88004e-06 0.00130384 -0.0012922 -0.00129219 7.75998e-06 3.87993e-06 0.00262607 
0.00274989 0.00132521 7.88738e-06 7.88739e-06 7.88743e-06 7.88744e-06 0.00132524 7.88744e-06 -0.00131341 7.88742e-06 -0.00131341 -0.00131341 0.00132524 -0.00131341 7.88742e-06 7.88743e-06 3.94372e-06 7.88745e-06 7.88743e-06 7.88744e-06 -0.00131341 3.94373e-06 0.00132524 -0.00131341 7.88739e-06 3.94371e-06 0.00132524 -0.0013134 -0.0013134 7.88732e-06 3.9436e-06 0.00266911 
0.00279425 0.00134661 8.01472e-06 8.01474e-06 8.01477e-06 8.01479e-06 0.00134664 8.01478e-06 -0.00133462 8.01477e-06 -0.00133462 -0.00133462 0.00134664 -0.00133462 8.01477e-06 8.01477e-06 4.00739e-06 8.0148e-06 8.01477e-06 8.01478e-06 -0.00133461 4.0074e-06 0.00134663 -0.00133461 8.01474e-06 4.00739e-06 0.00134663 -0.00133461 -0.0013346 8.01466e-06 4.00726e-06 0.00271216 
0.00283863 0.00136801 8.14206e-06 8.14208e-06 8.14212e-06 8.14213e-06 0.00136804 8.14213e-06 -0.00135582 8.14211e-06 -0.00135582 -0.00135582 0.00136804 -0.00135582 8.14212e-06 8.14212e-06 4.07107e-06 8.14215e-06 8.14212e-06 8.14213e-06 -0.00135582 4.07107e-06 0.00136803 -0.00135582 8.14208e-06 4.07106e-06 0.00136803 -0.00135581 -0.00135581 8.142e-06 4.07093e-06 0.00275519 
0.00288299 0.0013894 8.26941e-06 8.26943e-06 8.26947e-06 8.26948e-06 0.00138943 8.26948e-06 -0.00137703 8.26946e-06 -0.00137703 -0.00137703 0.00138943 -0.00137703 8.26947e-06 8.26947e-06 4.13474e-06 8.2695e-06 8.26947e-06 8.26948e-06 -0.00137703 4.13475e-06 0.00138943 -0.00137702 8.26943e-06 4.13473e-06 0.00138943 -0.00137702 -0.00137701 8.26935e-06 4.13461e-06 0.00279824 
0.00292733 0.0014108 8.39676e-06 8.39679e-06 8.39683e-06 8.39684e-06 0.00141083 8.39683e-06 -0.00139824 8.39682e-06 -0.00139824 -0.00139824 0.00141083 -0.00139823 8.39683e-06 8.39682e-06 4.19842e-06 8.39686e-06 8.39682e-06 8.39684e-06 -0.00139823 4.19843e-06 0.00141082 -0.00139823 8.39679e-06 4.19841e-06 0.00141083 -0.00139822 -0.00139822 8.3967e-06 4.19828e-06 0.00284132 
0.0029717 0.0014322 8.52412e-06 8.52414e-06 8.52418e-06 8.5242e-06 0.00143223 8.52419e-06 -0.00141944 8.52417e-06 -0.00141944 -0.00141945 0.00143223 -0.00141944 8.52418e-06 8.52418e-06 4.2621e-06 8.52421e-06 8.52417e-06 8.5242e-06 -0.00141944 4.2621e-06 0.00143222 -0.00141944 8.52414e-06 4.26209e-06 0.00143222 -0.00141943 -0.00141943 8.52405e-06 4.26195e-06 0.00288437 
0.00301605 0.0014536 8.65148e-06 8.6515e-06 8.65154e-06 8.65156e-06 0.00145363 8.65155e-06 -0.00144065 8.65154e-06 -0.00144065 -0.00144065 0.00145363 -0.00144065 8.65154e-06 8.65153e-06 4.32578e-06 8.65158e-06 8.65153e-06 8.65156e-06 -0.00144065 4.32578e-06 0.00145362 -0.00144065 8.6515e-06 4.32577e-06 0.00145362 -0.00144064 -0.00144064 8.65141e-06 4.32563e-06 0.00292742 
0.00306044 0.00147499 8.77884e-06 8.77886e-06 8.7789e-06 8.77892e-06 0.00147503 8.77891e-06 -0.00146186 8.7789e-06 -0.00146186 -0.00146186 0.00147503 -0.00146186 8.77891e-06 8.77889e-06 4.38946e-06 8.77894e-06 8.77889e-06 8.77892e-06 -0.00146186 4.38946e-06 0.00147502 -0.00146185 8.77886e-06 4.38945e-06 0.00147502 -0.00146185 -0.00146184 8.77876e-06 4.3893e-06 0.00297047 
0.00310481 0.00149639 8.90621e-06 8.90623e-06 8.90627e-06 8.90629e-06 0.00149643 8.90628e-06 -0.00148307 8.90627e-06 -0.00148307 -0.00148307 0.00149643 -0.00148307 8.90627e-06 8.90626e-06 4.45314e-06 8.90631e-06 8.90626e-06 8.90628e-06 -0.00148307 4.45315e-06 0.00149642 -0.00148306 8.90622e-06 4.45313e-06 0.00149642 -0.00148305 -0.00148305 8.90612e-06 4.45298e-06 0.00301353 
0.00314918 0.00151779 9.03358e-06 9.03359e-06 9.03364e-06 9.03366e-06 0.00151783 9.03365e-06 -0.00150428 9.03364e-06 -0.00150428 -0.00150428 0.00151783 -0.00150428 9.03364e-06 9.03362e-06 4.51683e-06 9.03368e-06 9.03362e-06 9.03365e-06 -0.00150428 4.51683e-06 0.00151782 -0.00150427 9.03359e-06 4.51681e-06 0.00151782 -0.00150426 -0.00150426 9.03349e-06 4.51666e-06 0.0030566 
0.00319353 0.00153919 9.16095e-06 9.16096e-06 9.161e-06 9.16103e-06 0.00153923 9.16102e-06 -0.00152549 9.16101e-06 -0.00152549 -0.00152549 0.00153923 -0.00152548 9.16101e-06 9.16099e-06 4.58051e-06 9.16105e-06 9.16099e-06 9.16102e-06 -0.00152549 4.58051e-06 0.00153922 -0.00152548 9.16096e-06 4.5805e-06 0.00153922 -0.00152547 -0.00152547 9.16085e-06 4.58034e-06 0.00309967 
0.00323791 0.00156059 9.28832e-06 9.28833e-06 9.28837e-06 9.2884e-06 0.00156063 9.28839e-06 -0.0015467 9.28838e-06 -0.0015467 -0.0015467 0.00156063 -0.00154669 9.28838e-06 9.28836e-06 4.6442e-06 9.28842e-06 9.28836e-06 9.28839e-06 -0.0015467 4.6442e-06 0.00156062 -0.00154669 9.28833e-06 4.64418e-06 0.00156062 -0.00154668 -0.00154668 9.28822e-06 4.64402e-06 0.00314275 
0.00328227 0.00158199 9.41569e-06 9.4157e-06 9.41574e-06 9.41577e-06 0.00158203 9.41577e-06 -0.00156791 9.41575e-06 -0.00156791 -0.00156791 0.00158203 -0.0015679 9.41575e-06 9.41573e-06 4.70788e-06 9.41579e-06 9.41573e-06 9.41576e-06 -0.00156791 4.70789e-06 0.00158202 -0.0015679 9.4157e-06 4.70787e-06 0.00158202 -0.00156789 -0.00156789 9.41558e-06 4.7077e-06 0.00318582 
0.00332665 0.00160339 9.54307e-06 9.54308e-06 9.54312e-06 9.54314e-06 0.00160343 9.54314e-06 -0.00158912 9.54312e-06 -0.00158912 -0.00158912 0.00160343 -0.00158911 9.54312e-06 9.5431e-06 4.77157e-06 9.54317e-06 9.54311e-06 9.54314e-06 -0.00158912 4.77157e-06 0.00160342 -0.00158911 9.54308e-06 4.77155e-06 0.00160343 -0.0015891 -0.0015891 9.54295e-06 4.77138e-06 0.00322886 
0.00337103 0.00162479 9.67044e-06 9.67045e-06 9.67049e-06 9.67052e-06 0.00162483 9.67051e-06 -0.00161033 9.6705e-06 -0.00161033 -0.00161033 0.00162483 -0.00161032 9.67049e-06 9.67048e-06 4.83526e-06 9.67054e-06 9.67048e-06 9.67051e-06 -0.00161033 4.83526e-06 0.00162482 -0.00161032 9.67046e-06 4.83524e-06 0.00162483 -0.00161031 -0.00161031 9.67032e-06 4.83506e-06 0.00327194 
0.0034154 0.00164619 9.79782e-06 9.79783e-06 9.79787e-06 9.79789e-06 0.00164623 9.79789e-06 -0.00163154 9.79787e-06 -0.00163154 -0.00163154 0.00164623 -0.00163154 9.79787e-06 9.79785e-06 4.89894e-06 9.79792e-06 9.79786e-06 9.79789e-06 -0.00163154 4.89895e-06 0.00164622 -0.00163153 9.79783e-06 4.89893e-06 0.00164623 -0.00163152 -0.00163152 9.7977e-06 4.89875e-06 0.00331502 
0.0034598 0.00166759 9.92519e-06 9.9252e-06 9.92524e-06 9.92527e-06 0.00166763 9.92526e-06 -0.00165275 9.92525e-06 -0.00165275 -0.00165275 0.00166764 -0.00165275 9.92524e-06 9.92523e-06 4.96263e-06 9.92529e-06 9.92523e-06 9.92526e-06 -0.00165275 4.96263e-06 0.00166762 -0.00165274 9.92521e-06 4.96261e-06 0.00166763 -0.00165273 -0.00165273 9.92507e-06 4.96243e-06 0.00335809 
0.00350419 0.001689 1.00526e-05 1.00526e-05 1.00526e-05 1.00526e-05 0.00168904 1.00526e-05 -0.00167396 1.00526e-05 -0.00167396 -0.00167396 0.00168904 -0.00167396 1.00526e-05 1.00526e-05 5.02632e-06 1.00527e-05 1.00526e-05 1.00526e-05 -0.00167396 5.02632e-06 0.00168903 -0.00167395 1.00526e-05 5.0263e-06 0.00168903 -0.00167394 -0.00167394 1.00524e-05 5.02611e-06 0.00340115 
0.00354855 0.0017104 1.01799e-05 1.018e-05 1.018e-05 1.018e-05 0.00171044 1.018e-05 -0.00169517 1.018e-05 -0.00169517 -0.00169517 0.00171044 -0.00169517 1.018e-05 1.018e-05 5.09001e-06 1.018e-05 1.018e-05 1.018e-05 -0.00169517 5.09001e-06 0.00171043 -0.00169516 1.018e-05 5.08999e-06 0.00171043 -0.00169515 -0.00169515 1.01798e-05 5.08979e-06 0.00344421 
0.00359293 0.0017318 1.03073e-05 1.03073e-05 1.03074e-05 1.03074e-05 0.00173184 1.03074e-05 -0.00171638 1.03074e-05 -0.00171638 -0.00171638 0.00173184 -0.00171638 1.03074e-05 1.03074e-05 5.1537e-06 1.03074e-05 1.03074e-05 1.03074e-05 -0.00171638 5.15369e-06 0.00173183 -0.00171637 1.03073e-05 5.15368e-06 0.00173183 -0.00171636 -0.00171636 1.03072e-05 5.15348e-06 0.00348727 
0.00363734 0.0017532 1.04347e-05 1.04347e-05 1.04347e-05 1.04348e-05 0.00175324 1.04348e-05 -0.00173759 1.04347e-05 -0.00173759 -0.00173759 0.00175324 -0.00173759 1.04347e-05 1.04347e-05 5.21738e-06 1.04348e-05 1.04347e-05 1.04348e-05 -0.00173759 5.21738e-06 0.00175323 -0.00173758 1.04347e-05 5.21736e-06 0.00175323 -0.00173757 -0.00173757 1.04345e-05 5.21716e-06 0.00353034 
0.00368171 0.0017746 1.05621e-05 1.05621e-05 1.05621e-05 1.05622e-05 0.00177464 1.05621e-05 -0.0017588 1.05621e-05 -0.0017588 -0.0017588 0.00177464 -0.0017588 1.05621e-05 1.05621e-05 5.28107e-06 1.05622e-05 1.05621e-05 1.05621e-05 -0.0017588 5.28106e-06 0.00177463 -0.00175879 1.05621e-05 5.28105e-06 0.00177463 -0.00175878 -0.00175878 1.05619e-05 5.28084e-06 0.00357339 
0.00372609 0.001796 1.06894e-05 1.06895e-05 1.06895e-05 1.06895e-05 0.00179604 1.06895e-05 -0.00178001 1.06895e-05 -0.00178001 -0.00178001 0.00179604 -0.00178001 1.06895e-05 1.06895e-05 5.34476e-06 1.06895e-05 1.06895e-05 1.06895e-05 -0.00178001 5.34475e-06 0.00179603 -0.00178 1.06895e-05 5.34473e-06 0.00179603 -0.00177999 -0.00177998 1.06893e-05 5.34452e-06 0.00361646 
0.00377045 0.0018174 1.08168e-05 1.08168e-05 1.08169e-05 1.08169e-05 0.00181744 1.08169e-05 -0.00180122 1.08169e-05 -0.00180122 -0.00180122 0.00181744 -0.00180122 1.08168e-05 1.08168e-05 5.40844e-06 1.08169e-05 1.08168e-05 1.08169e-05 -0.00180122 5.40843e-06 0.00181743 -0.00180121 1.08168e-05 5.40842e-06 0.00181743 -0.0018012 -0.00180119 1.08166e-05 5.4082e-06 0.0036595 
0.00381484 0.0018388 1.09442e-05 1.09442e-05 1.09442e-05 1.09443e-05 0.00183884 1.09442e-05 -0.00182243 1.09442e-05 -0.00182243 -0.00182243 0.00183884 -0.00182243 1.09442e-05 1.09442e-05 5.47212e-06 1.09443e-05 1.09442e-05 1.09442e-05 -0.00182242 5.47212e-06 0.00183883 -0.00182242 1.09442e-05 5.4721e-06 0.00183883 -0.00182241 -0.0018224 1.0944e-05 5.47188e-06 0.00370255 
0.0038592 0.0018602 1.10715e-05 1.10716e-05 1.10716e-05 1.10716e-05 0.00186024 1.10716e-05 -0.00184364 1.10716e-05 -0.00184364 -0.00184364 0.00186024 -0.00184363 1.10716e-05 1.10716e-05 5.53581e-06 1.10717e-05 1.10716e-05 1.10716e-05 -0.00184363 5.5358e-06 0.00186023 -0.00184363 1.10715e-05 5.53579e-06 0.00186023 -0.00184361 -0.00184361 1.10714e-05 5.53556e-06 0.0037456 
0.00390356 0.0018816 1.11989e-05 1.11989e-05 1.1199e-05 1.1199e-05 0.00188164 1.1199e-05 -0.00186485 1.1199e-05 -0.00186485 -0.00186485 0.00188164 -0.00186484 1.11989e-05 1.11989e-05 5.59949e-06 1.1199e-05 1.11989e-05 1.1199e-05 -0.00186484 5.59948e-06 0.00188163 -0.00186484 1.11989e-05 5.59947e-06 0.00188163 -0.00186482 -0.00186482 1.11987e-05 5.59923e-06 0.00378867 
0.00394794 0.001903 1.13263e-05 1.13263e-05 1.13263e-05 1.13264e-05 0.00190304 1.13263e-05 -0.00188606 1.13263e-05 -0.00188606 -0.00188606 0.00190304 -0.00188605 1.13263e-05 1.13263e-05 5.66317e-06 1.13264e-05 1.13263e-05 1.13263e-05 -0.00188605 5.66316e-06 0.00190303 -0.00188605 1.13263e-05 5.66314e-06 0.00190303 -0.00188603 -0.00188603 1.13261e-05 5.66291e-06 0.00383173 
0.00399228 0.00192439 1.14536e-05 1.14536e-05 1.14537e-05 1.14537e-05 0.00192444 1.14537e-05 -0.00190727 1.14537e-05 -0.00190727 -0.00190726 0.00192444 -0.00190726 1.14537e-05 1.14537e-05 5.72685e-06 1.14537e-05 1.14536e-05 1.14537e-05 -0.00190726 5.72684e-06 0.00192443 -0.00190725 1.14536e-05 5.72682e-06 0.00192443 -0.00190724 -0.00190723 1.14534e-05 5.72658e-06 0.00387479 
0.00403663 0.00194579 1.1581e-05 1.1581e-05 1.1581e-05 1.15811e-05 0.00194584 1.15811e-05 -0.00192847 1.1581e-05 -0.00192847 -0.00192847 0.00194584 -0.00192847 1.1581e-05 1.1581e-05 5.79052e-06 1.15811e-05 1.1581e-05 1.15811e-05 -0.00192846 5.79051e-06 0.00194582 -0.00192846 1.1581e-05 5.7905e-06 0.00194583 -0.00192844 -0.00192844 1.15808e-05 5.79025e-06 0.00391783 
0.00408098 0.00196719 1.17083e-05 1.17084e-05 1.17084e-05 1.17084e-05 0.00196724 1.17084e-05 -0.00194968 1.17084e-05 -0.00194968 -0.00194968 0.00196724 -0.00194967 1.17084e-05 1.17084e-05 5.8542e-06 1.17084e-05 1.17083e-05 1.17084e-05 -0.00194967 5.85419e-06 0.00196722 -0.00194967 1.17083e-05 5.85417e-06 0.00196722 -0.00194965 -0.00194964 1.17081e-05 5.85392e-06 0.00396088 
0.00412535 0.00198859 1.18357e-05 1.18357e-05 1.18357e-05 1.18358e-05 0.00198864 1.18358e-05 -0.00197089 1.18357e-05 -0.00197089 -0.00197088 0.00198863 -0.00197088 1.18357e-05 1.18357e-05 5.91787e-06 1.18358e-05 1.18357e-05 1.18357e-05 -0.00197087 5.91786e-06 0.00198862 -0.00197087 1.18357e-05 5.91784e-06 0.00198862 -0.00197085 -0.00197085 1.18355e-05 5.91759e-06 0.00400393 
0.00416971 0.00200998 1.1963e-05 1.1963e-05 1.19631e-05 1.19631e-05 0.00201003 1.19631e-05 -0.00199209 1.19631e-05 -0.00199209 -0.00199209 0.00201003 -0.00199208 1.19631e-05 1.1963e-05 5.98154e-06 1.19631e-05 1.1963e-05 1.19631e-05 -0.00199208 5.98153e-06 0.00201001 -0.00199208 1.1963e-05 5.98152e-06 0.00201002 -0.00199206 -0.00199205 1.19628e-05 5.98126e-06 0.00404696 
0.00421408 0.00203138 1.20904e-05 1.20904e-05 1.20904e-05 1.20905e-05 0.00203143 1.20904e-05 -0.0020133 1.20904e-05 -0.0020133 -0.00201329 0.00203143 -0.00201329 1.20904e-05 1.20904e-05 6.04521e-06 1.20905e-05 1.20904e-05 1.20904e-05 -0.00201328 6.0452e-06 0.00203141 -0.00201328 1.20904e-05 6.04518e-06 0.00203141 -0.00201326 -0.00201326 1.20901e-05 6.04492e-06 0.00409 
0.00425844 0.00205277 1.22177e-05 1.22177e-05 1.22178e-05 1.22178e-05 0.00205282 1.22178e-05 -0.0020345 1.22178e-05 -0.0020345 -0.0020345 0.00205282 -0.00203449 1.22177e-05 1.22177e-05 6.10888e-06 1.22178e-05 1.22177e-05 1.22178e-05 -0.00203449 6.10887e-06 0.0020528 -0.00203448 1.22177e-05 6.10885e-06 0.00205281 -0.00203447 -0.00203446 1.22175e-05 6.10859e-06 0.00413303 
0.00430279 0.00207417 1.23451e-05 1.23451e-05 1.23451e-05 1.23452e-05 0.00207422 1.23451e-05 -0.00205571 1.23451e-05 -0.00205571 -0.0020557 0.00207422 -0.0020557 1.23451e-05 1.23451e-05 6.17255e-06 1.23451e-05 1.2345e-05 1.23451e-05 -0.00205569 6.17254e-06 0.0020742 -0.00205569 1.2345e-05 6.17252e-06 0.0020742 -0.00205567 -0.00205566 1.23448e-05 6.17225e-06 0.00417607 
0.00434719 0.00209556 1.24724e-05 1.24724e-05 1.24724e-05 1.24725e-05 0.00209561 1.24724e-05 -0.00207691 1.24724e-05 -0.00207691 -0.00207691 0.00209561 -0.0020769 1.24724e-05 1.24724e-05 6.23622e-06 1.24725e-05 1.24724e-05 1.24724e-05 -0.00207689 6.2362e-06 0.00209559 -0.00207689 1.24724e-05 6.23618e-06 0.0020956 -0.00207687 -0.00207687 1.24721e-05 6.23591e-06 0.0042191 
0.00439158 0.00211696 1.25997e-05 1.25997e-05 1.25998e-05 1.25998e-05 0.00211701 1.25998e-05 -0.00209811 1.25998e-05 -0.00209811 -0.00209811 0.00211701 -0.0020981 1.25997e-05 1.25997e-05 6.29988e-06 1.25998e-05 1.25997e-05 1.25998e-05 -0.0020981 6.29987e-06 0.00211698 -0.00209809 1.25997e-05 6.29984e-06 0.00211699 -0.00209808 -0.00209807 1.25995e-05 6.29957e-06 0.00426217 
0.00443857 0.00213835 1.27271e-05 1.27271e-05 1.27271e-05 1.27272e-05 0.0021384 1.27271e-05 -0.00211932 1.27271e-05 -0.00211932 -0.00211931 0.0021384 -0.0021193 1.27271e-05 1.2727e-05 6.36355e-06 1.27271e-05 1.2727e-05 1.27271e-05 -0.0021193 6.36353e-06 0.00213838 -0.0021193 1.2727e-05 6.36351e-06 0.00213838 -0.00211928 -0.00211927 1.27268e-05 6.36323e-06 0.00430798 
