803.766 803.766 803.766 803.766 803.766 803.766 803.766 803.766 803.766 803.766 803.766 803.766 803.766 803.766 803.766 803.766 803.766 803.766 803.766 803.766 803.766 803.766 803.766 803.766 803.766 803.766 803.766 803.766 803.766 803.766 803.766 803.766 
803.851 803.85 803.853 803.853 803.854 803.854 803.853 803.853 803.852 803.852 803.853 803.854 803.854 803.852 803.855 803.853 803.854 803.855 803.854 803.853 803.855 803.855 803.855 803.855 803.855 803.853 803.855 803.853 803.853 803.854 803.852 803.847 
803.94 803.936 803.943 803.943 803.944 803.943 803.941 803.942 803.941 803.941 803.942 803.943 803.943 803.941 803.945 803.942 803.944 803.947 803.944 803.943 803.946 803.946 803.946 803.946 803.946 803.944 803.947 803.943 803.942 803.945 803.941 803.931 
804.032 804.024 804.035 804.035 804.037 804.036 804.033 804.035 804.033 804.033 804.034 804.036 804.036 804.033 804.039 804.034 804.037 804.042 804.037 804.036 804.039 804.041 804.04 804.041 804.04 804.037 804.041 804.036 804.034 804.038 804.031 804.018 
804.129 804.116 804.13 804.13 804.133 804.131 804.127 804.131 804.129 804.129 804.13 804.133 804.133 804.128 804.136 804.13 804.133 804.14 804.135 804.132 804.136 804.139 804.137 804.138 804.137 804.135 804.139 804.132 804.13 804.134 804.125 804.109 
804.23 804.212 804.228 804.229 804.232 804.229 804.225 804.231 804.23 804.228 804.229 804.233 804.232 804.226 804.236 804.229 804.232 804.241 804.236 804.233 804.236 804.239 804.238 804.239 804.237 804.236 804.24 804.232 804.23 804.233 804.223 804.204 
804.335 804.311 804.33 804.33 804.335 804.331 804.327 804.335 804.334 804.33 804.332 804.338 804.336 804.328 804.34 804.332 804.335 804.346 804.34 804.337 804.339 804.343 804.342 804.344 804.341 804.341 804.344 804.334 804.332 804.336 804.324 804.304 
804.445 804.414 804.435 804.435 804.441 804.436 804.433 804.441 804.442 804.436 804.438 804.446 804.442 804.433 804.447 804.439 804.442 804.453 804.448 804.444 804.445 804.451 804.449 804.452 804.448 804.449 804.452 804.44 804.439 804.441 804.429 804.407 
804.557 804.52 804.543 804.544 804.55 804.544 804.542 804.551 804.553 804.545 804.547 804.557 804.552 804.541 804.557 804.548 804.552 804.563 804.559 804.555 804.554 804.561 804.559 804.563 804.558 804.56 804.562 804.548 804.548 804.55 804.538 804.513 
804.673 804.629 804.655 804.657 804.663 804.655 804.654 804.663 804.667 804.657 804.659 804.672 804.665 804.654 804.671 804.661 804.665 804.675 804.673 804.668 804.667 804.675 804.673 804.677 804.672 804.673 804.675 804.659 804.661 804.662 804.65 804.623 
804.792 804.741 804.77 804.773 804.78 804.77 804.77 804.777 804.783 804.772 804.775 804.788 804.781 804.769 804.787 804.777 804.782 804.79 804.79 804.785 804.783 804.793 804.789 804.795 804.788 804.788 804.792 804.773 804.777 804.777 804.765 804.735 
804.914 804.856 804.888 804.892 804.899 804.887 804.888 804.895 804.903 804.891 804.892 804.908 804.9 804.887 804.905 804.895 804.902 804.908 804.909 804.904 804.901 804.913 804.907 804.915 804.907 804.907 804.912 804.89 804.895 804.895 804.882 804.85 
805.039 804.974 805.009 805.014 805.022 805.009 805.009 805.015 805.024 805.012 805.013 805.03 805.021 805.009 805.026 805.016 805.026 805.029 805.032 805.026 805.021 805.036 805.028 805.037 805.028 805.027 805.035 805.01 805.015 805.015 805.001 804.968 
805.167 805.095 805.132 805.139 805.147 805.133 805.132 805.139 805.149 805.136 805.136 805.154 805.145 805.133 805.149 805.14 805.152 805.152 805.156 805.151 805.144 805.161 805.151 805.162 805.152 805.15 805.16 805.134 805.138 805.138 805.121 805.088 
805.298 805.22 805.258 805.266 805.275 805.261 805.258 805.266 805.275 805.262 805.262 805.281 805.272 805.259 805.275 805.266 805.281 805.279 805.284 805.277 805.27 805.289 805.276 805.288 805.277 805.276 805.288 805.259 805.264 805.264 805.243 805.21 
805.432 805.347 805.386 805.396 805.404 805.391 805.387 805.396 805.404 805.391 805.391 805.411 805.4 805.389 805.403 805.395 805.411 805.409 805.413 805.407 805.398 805.419 805.404 805.416 805.404 805.404 805.417 805.388 805.393 805.392 805.367 805.334 
805.568 805.477 805.516 805.527 805.536 805.524 805.518 805.528 805.534 805.521 805.523 805.542 805.53 805.52 805.534 805.526 805.543 805.542 805.544 805.539 805.53 805.551 805.534 805.547 805.532 805.535 805.548 805.52 805.524 805.522 805.492 805.461 
805.706 805.609 805.647 805.66 805.669 805.658 805.652 805.662 805.666 805.653 805.657 805.675 805.662 805.654 805.668 805.659 805.676 805.677 805.677 805.673 805.664 805.685 805.666 805.68 805.663 805.668 805.681 805.654 805.656 805.654 805.619 805.589 
805.847 805.743 805.78 805.796 805.804 805.795 805.787 805.798 805.801 805.788 805.794 805.811 805.796 805.789 805.803 805.794 805.81 805.814 805.812 805.809 805.8 805.82 805.801 805.814 805.797 805.803 805.816 805.79 805.791 805.788 805.749 805.72 
805.99 805.88 805.914 805.934 805.942 805.933 805.925 805.936 805.937 805.926 805.932 805.949 805.932 805.927 805.941 805.931 805.946 805.954 805.949 805.947 805.938 805.956 805.937 805.95 805.933 805.94 805.952 805.929 805.926 805.924 805.881 805.852 
806.135 806.018 806.051 806.074 806.081 806.073 806.065 806.076 806.076 806.065 806.072 806.088 806.07 806.066 806.081 806.069 806.084 806.096 806.088 806.087 806.078 806.095 806.074 806.087 806.072 806.078 806.089 806.069 806.064 806.061 806.016 805.986 
806.283 806.157 806.189 806.216 806.223 806.214 806.206 806.217 806.217 806.206 806.214 806.23 806.21 806.205 806.221 806.208 806.225 806.238 806.229 806.228 806.219 806.234 806.212 806.226 806.213 806.218 806.228 806.21 806.203 806.2 806.152 806.121 
806.432 806.297 806.329 806.36 806.366 806.357 806.348 806.359 806.359 806.349 806.358 806.373 806.353 806.345 806.363 806.349 806.367 806.383 806.372 806.372 806.362 806.376 806.352 806.366 806.356 806.359 806.368 806.353 806.343 806.341 806.29 806.257 
806.583 806.439 806.472 806.504 806.511 806.501 806.492 806.502 806.503 806.493 806.502 806.517 806.497 806.487 806.506 806.491 806.511 806.528 806.516 806.516 806.506 806.519 806.494 806.507 806.501 806.502 806.51 806.497 806.485 806.483 806.43 806.394 
806.736 806.582 806.616 806.65 806.657 806.647 806.637 806.646 806.649 806.638 806.648 806.663 806.642 806.63 806.651 806.634 806.655 806.674 806.661 806.663 806.651 806.664 806.638 806.65 806.647 806.646 806.653 806.641 806.628 806.626 806.57 806.533 
806.89 806.725 806.763 806.796 806.803 806.794 806.783 806.792 806.796 806.784 806.795 806.809 806.788 806.775 806.797 806.78 806.8 806.822 806.807 806.81 806.797 806.811 806.783 806.795 806.794 806.792 806.797 806.786 806.773 806.77 806.711 806.672 
807.045 806.87 806.912 806.942 806.951 806.942 806.93 806.939 806.945 806.932 806.943 806.957 806.936 806.921 806.944 806.928 806.946 806.97 806.954 806.959 806.944 806.959 806.93 806.941 806.942 806.939 806.943 806.931 806.918 806.914 806.853 806.812 
807.201 807.016 807.061 807.09 807.099 807.09 807.078 807.088 807.095 807.082 807.091 807.105 807.084 807.069 807.093 807.078 807.093 807.119 807.102 807.108 807.092 807.109 807.079 807.088 807.089 807.086 807.09 807.077 807.065 807.06 806.995 806.954 
807.358 807.162 807.211 807.238 807.249 807.239 807.227 807.238 807.245 807.232 807.241 807.255 807.233 807.218 807.242 807.228 807.241 807.269 807.252 807.258 807.241 807.259 807.228 807.236 807.237 807.235 807.239 807.224 807.213 807.207 807.139 807.098 
807.517 807.309 807.361 807.386 807.4 807.39 807.376 807.389 807.397 807.383 807.392 807.406 807.384 807.368 807.392 807.38 807.39 807.42 807.402 807.409 807.39 807.409 807.379 807.385 807.385 807.384 807.389 807.372 807.361 807.355 807.283 807.243 
807.676 807.457 807.511 807.535 807.552 807.541 807.527 807.54 807.549 807.535 807.543 807.558 807.536 807.52 807.543 807.533 807.54 807.57 807.553 807.56 807.541 807.56 807.531 807.534 807.534 807.534 807.54 807.521 807.509 807.503 807.428 807.389 
807.837 807.606 807.662 807.686 807.705 807.694 807.678 807.693 807.701 807.688 807.695 807.711 807.688 807.673 807.695 807.686 807.692 807.721 807.704 807.712 807.692 807.712 807.682 807.684 807.684 807.684 807.691 807.67 807.659 807.651 807.575 807.535 
807.999 807.755 807.812 807.837 807.858 807.848 807.832 807.846 807.854 807.84 807.847 807.864 807.841 807.827 807.847 807.84 807.845 807.873 807.855 807.865 807.845 807.864 807.834 807.835 807.835 807.835 807.844 807.82 807.81 807.8 807.722 807.682 
808.162 807.905 807.962 807.989 808.011 808.003 807.986 807.999 808.007 807.994 807.999 808.019 807.994 807.982 808 807.995 807.999 808.025 808.006 808.018 807.998 808.018 807.987 807.986 807.987 807.988 807.997 807.971 807.961 807.949 807.87 807.83 
808.325 808.055 808.113 808.141 808.164 808.158 808.141 808.153 808.161 808.148 808.152 808.175 808.147 808.138 808.153 808.151 808.153 808.178 808.157 808.172 808.151 808.172 808.139 808.138 808.14 808.141 808.151 808.122 808.114 808.099 808.019 807.978 
808.49 808.206 808.265 808.294 808.318 808.313 808.297 808.308 808.315 808.302 808.306 808.33 808.3 808.294 808.306 808.306 808.308 808.331 808.309 808.326 808.304 808.327 808.293 808.291 808.293 808.295 808.305 808.275 808.267 808.251 808.168 808.126 
808.654 808.358 808.418 808.447 808.473 808.468 808.454 808.463 808.47 808.457 808.461 808.486 808.453 808.451 808.459 808.462 808.464 808.484 808.461 808.48 808.459 808.484 808.446 808.444 808.446 808.45 808.459 808.428 808.419 808.403 808.318 808.274 
808.82 808.51 808.571 808.6 808.629 808.624 808.611 808.618 808.624 808.613 808.618 808.641 808.607 808.607 808.612 808.617 808.62 808.637 808.614 808.635 808.613 808.64 808.6 808.597 808.6 808.605 808.614 808.582 808.572 808.555 808.468 808.423 
808.985 808.662 808.724 808.753 808.785 808.78 808.768 808.775 808.778 808.769 808.775 808.797 808.762 808.764 808.766 808.773 808.776 808.792 808.768 808.79 808.769 808.797 808.755 808.751 808.753 808.761 808.769 808.736 808.725 808.708 808.618 808.571 
809.151 808.815 808.879 808.907 808.941 808.937 808.925 808.931 808.931 808.926 808.932 808.954 808.919 808.921 808.92 808.93 808.933 808.946 808.922 808.945 808.924 808.954 808.91 808.906 808.906 808.917 808.923 808.889 808.878 808.861 808.768 808.72 
809.316 808.968 809.034 809.062 809.097 809.095 809.081 809.088 809.085 809.083 809.09 809.111 809.076 809.077 809.075 809.087 809.091 809.102 809.076 809.1 809.08 809.111 809.066 809.061 809.06 809.074 809.077 809.042 809.03 809.014 808.919 808.868 
809.482 809.122 809.19 809.217 809.251 809.253 809.236 809.245 809.24 809.24 809.248 809.268 809.234 809.233 809.231 809.246 809.248 809.258 809.231 809.256 809.236 809.268 809.221 809.217 809.213 809.231 809.232 809.196 809.183 809.166 809.07 809.017 
809.648 809.275 809.346 809.373 809.406 809.412 809.392 809.402 809.395 809.398 809.406 809.425 809.392 809.389 809.387 809.404 809.406 809.415 809.386 809.412 809.393 809.424 809.378 809.374 809.367 809.389 809.387 809.349 809.336 809.317 809.221 809.165 
809.814 809.429 809.502 809.529 809.56 809.57 809.549 809.56 809.552 809.556 809.564 809.583 809.549 809.546 809.544 809.563 809.564 809.571 809.543 809.568 809.549 809.58 809.534 809.531 809.521 809.547 809.543 809.502 809.49 809.469 809.372 809.314 
809.981 809.582 809.658 809.685 809.714 809.727 809.705 809.719 809.709 809.713 809.722 809.741 809.706 809.703 809.701 809.722 809.722 809.728 809.7 809.726 809.707 809.736 809.691 809.689 809.676 809.705 809.699 809.656 809.645 809.622 809.524 809.463 
810.148 809.735 809.814 809.841 809.87 809.885 809.863 809.877 809.866 809.871 809.88 809.898 809.861 809.86 809.858 809.881 809.88 809.886 809.858 809.883 809.864 809.892 809.848 809.846 809.832 809.863 809.856 809.81 809.801 809.776 809.676 809.612 
810.315 809.888 809.971 809.998 810.027 810.043 810.021 810.035 810.023 810.029 810.038 810.055 810.018 810.019 810.016 810.04 810.038 810.044 810.017 810.041 810.021 810.048 810.004 810.003 809.989 810.021 810.012 809.964 809.957 809.93 809.829 809.763 
810.483 810.041 810.128 810.154 810.184 810.201 810.179 810.193 810.181 810.187 810.196 810.212 810.174 810.177 810.174 810.199 810.196 810.202 810.176 810.198 810.178 810.204 810.161 810.16 810.147 810.179 810.168 810.119 810.113 810.085 809.981 809.914 
810.651 810.194 810.285 810.31 810.342 810.358 810.337 810.35 810.338 810.344 810.354 810.368 810.332 810.336 810.332 810.358 810.352 810.361 810.336 810.356 810.336 810.36 810.318 810.318 810.306 810.337 810.324 810.274 810.269 810.241 810.133 810.067 
810.82 810.348 810.443 810.467 810.5 810.516 810.495 810.507 810.496 810.501 810.511 810.524 810.49 810.495 810.49 810.516 810.509 810.521 810.495 810.513 810.493 810.517 810.474 810.476 810.465 810.495 810.481 810.431 810.425 810.396 810.285 810.219 
810.989 810.501 810.6 810.624 810.658 810.672 810.653 810.665 810.654 810.658 810.668 810.68 810.649 810.653 810.648 810.674 810.665 810.681 810.654 810.671 810.65 810.674 810.63 810.634 810.623 810.653 810.638 810.587 810.58 810.552 810.437 810.372 
811.159 810.655 810.758 810.781 810.816 810.829 810.811 810.824 810.812 810.815 810.825 810.836 810.808 810.811 810.806 810.831 810.822 810.841 810.813 810.83 810.807 810.831 810.787 810.792 810.782 810.811 810.795 810.745 810.736 810.708 810.588 810.525 
811.329 810.809 810.916 810.938 810.974 810.985 810.968 810.983 810.97 810.973 810.982 810.992 810.967 810.968 810.964 810.989 810.979 811 810.971 810.989 810.964 810.989 810.944 810.95 810.94 810.97 810.953 810.903 810.891 810.865 810.739 810.677 
811.499 810.963 811.074 811.094 811.132 811.142 811.126 811.142 811.129 811.132 811.14 811.148 811.126 811.125 811.122 811.147 811.137 811.159 811.13 811.147 811.121 811.147 811.101 811.108 811.097 811.128 811.111 811.061 811.046 811.021 810.89 810.829 
811.669 811.117 811.232 811.251 811.29 811.3 811.285 811.301 811.288 811.29 811.298 811.305 811.285 811.283 811.28 811.305 811.295 811.318 811.288 811.306 811.279 811.305 811.257 811.266 811.254 811.286 811.268 811.219 811.202 811.176 811.042 810.981 
811.838 811.271 811.391 811.406 811.448 811.457 811.444 811.459 811.447 811.448 811.457 811.46 811.444 811.44 811.438 811.463 811.454 811.477 811.446 811.463 811.437 811.463 811.414 811.422 811.411 811.445 811.425 811.377 811.357 811.332 811.193 811.132 
812.007 811.425 811.549 811.563 811.606 811.616 811.604 811.617 811.607 811.605 811.615 811.616 811.603 811.597 811.597 811.62 811.613 811.635 811.604 811.62 811.595 811.621 811.569 811.579 811.567 811.602 811.581 811.534 811.512 811.486 811.344 811.283 
812.175 811.578 811.706 811.719 811.764 811.774 811.763 811.775 811.767 811.762 811.773 811.772 811.762 811.755 811.755 811.776 811.772 811.793 811.761 811.778 811.754 811.78 811.725 811.735 811.723 811.76 811.738 811.691 811.668 811.641 811.495 811.435 
812.343 811.731 811.864 811.877 811.922 811.933 811.923 811.932 811.926 811.919 811.931 811.929 811.921 811.912 811.913 811.932 811.93 811.951 811.919 811.935 811.913 811.939 811.881 811.892 811.879 811.917 811.895 811.848 811.824 811.795 811.646 811.586 
812.51 811.884 812.02 812.034 812.08 812.092 812.082 812.09 812.085 812.076 812.088 812.086 812.079 812.07 812.07 812.087 812.088 812.109 812.077 812.092 812.07 812.097 812.037 812.049 812.035 812.073 812.052 812.004 811.981 811.95 811.797 811.738 
812.677 812.037 812.177 812.192 812.237 812.251 812.239 812.247 812.242 812.232 812.245 812.244 812.236 812.227 812.227 812.243 812.246 812.266 812.234 812.248 812.227 812.255 812.193 812.205 812.191 812.229 812.209 812.159 812.137 812.104 811.948 811.89 
812.844 812.191 812.332 812.35 812.394 812.409 812.395 812.403 812.399 812.388 812.4 812.402 812.394 812.383 812.384 812.397 812.403 812.423 812.391 812.405 812.383 812.413 812.349 812.362 812.347 812.384 812.365 812.314 812.293 812.259 812.098 812.041 
813.011 812.344 812.486 812.507 812.551 812.567 812.55 812.558 812.555 812.545 812.556 812.559 812.55 812.54 812.542 812.552 812.559 812.58 812.546 812.562 812.538 812.57 812.504 812.518 812.504 812.539 812.52 812.468 812.448 812.413 812.249 812.192 
813.178 812.497 812.639 812.663 812.707 812.724 812.704 812.713 812.71 812.7 812.711 812.716 812.706 812.695 812.699 812.706 812.715 812.737 812.701 812.718 812.693 812.727 812.659 812.673 812.66 812.694 812.674 812.622 812.602 812.566 812.398 812.342 
813.345 812.649 812.79 812.818 812.862 812.88 812.858 812.866 812.864 812.855 812.866 812.871 812.862 812.85 812.856 812.859 812.87 812.895 812.854 812.874 812.846 812.883 812.812 812.827 812.816 812.848 812.827 812.776 812.756 812.719 812.547 812.492 
813.51 812.801 812.941 812.972 813.017 813.035 813.011 813.02 813.017 813.01 813.021 813.027 813.017 813.004 813.012 813.013 813.024 813.052 813.007 813.029 812.999 813.038 812.965 812.98 812.97 813.001 812.98 812.929 812.908 812.871 812.694 812.641 
813.675 812.952 813.093 813.125 813.17 813.189 813.163 813.172 813.17 813.163 813.175 813.181 813.172 813.157 813.167 813.165 813.178 813.207 813.158 813.183 813.152 813.191 813.116 813.133 813.122 813.153 813.132 813.081 813.06 813.021 812.841 812.789 
813.838 813.102 813.244 813.277 813.322 813.341 813.315 813.324 813.322 813.316 813.328 813.334 813.325 813.308 813.32 813.316 813.331 813.361 813.308 813.335 813.305 813.343 813.266 813.284 813.273 813.303 813.284 813.231 813.211 813.17 812.987 812.937 
813.999 813.251 813.396 813.427 813.473 813.493 813.465 813.476 813.473 813.468 813.48 813.486 813.476 813.459 813.471 813.466 813.483 813.513 813.457 813.486 813.457 813.494 813.415 813.433 813.422 813.453 813.434 813.379 813.361 813.318 813.131 813.083 
814.158 813.398 813.548 813.576 813.622 813.644 813.614 813.627 813.623 813.619 813.629 813.636 813.625 813.608 813.621 813.614 813.632 813.663 813.605 813.635 813.608 813.643 813.563 813.582 813.57 813.6 813.583 813.525 813.51 813.463 813.275 813.228 
814.316 813.544 813.698 813.723 813.769 813.792 813.761 813.776 813.772 813.769 813.777 813.783 813.773 813.755 813.769 813.76 813.78 813.812 813.752 813.783 813.758 813.791 813.709 813.729 813.717 813.746 813.731 813.67 813.657 813.608 813.417 813.372 
814.472 813.687 813.847 813.869 813.914 813.939 813.906 813.924 813.92 813.916 813.923 813.927 813.919 813.901 813.914 813.904 813.925 813.959 813.898 813.93 813.906 813.936 813.855 813.875 813.863 813.891 813.878 813.814 813.802 813.751 813.557 813.514 
814.626 813.829 813.994 814.013 814.057 814.084 814.05 814.07 814.066 814.062 814.067 814.071 814.063 814.044 814.057 814.046 814.069 814.105 814.041 814.074 814.052 814.079 813.998 814.018 814.007 814.034 814.022 813.955 813.944 813.893 813.695 813.653 
814.779 813.968 814.138 814.155 814.197 814.225 814.191 814.214 814.209 814.204 814.211 814.212 814.205 814.186 814.198 814.187 814.211 814.248 814.184 814.215 814.195 814.22 814.14 814.16 814.15 814.174 814.164 814.095 814.084 814.032 813.831 813.79 
814.929 814.104 814.28 814.295 814.336 814.365 814.331 814.356 814.35 814.343 814.352 814.352 814.345 814.325 814.337 814.325 814.35 814.389 814.323 814.355 814.335 814.359 814.279 814.299 814.292 814.312 814.304 814.233 814.222 814.17 813.965 813.925 
815.076 814.239 814.418 814.432 814.473 814.502 814.468 814.494 814.488 814.479 814.491 814.489 814.482 814.463 814.473 814.462 814.486 814.526 814.461 814.492 814.471 814.494 814.415 814.436 814.431 814.448 814.44 814.368 814.358 814.305 814.096 814.057 
815.221 814.371 814.554 814.567 814.608 814.636 814.603 814.628 814.622 814.613 814.627 814.624 814.616 814.597 814.606 814.596 814.62 814.661 814.595 814.625 814.604 814.626 814.549 814.57 814.568 814.581 814.574 814.502 814.49 814.438 814.225 814.187 
815.361 814.502 814.686 814.699 814.741 814.768 814.735 814.759 814.754 814.744 814.76 814.755 814.747 814.729 814.736 814.727 814.752 814.792 814.727 814.756 814.734 814.755 814.68 814.701 814.703 814.712 814.705 814.633 814.62 814.568 814.351 814.314 
815.498 814.629 814.816 814.827 814.87 814.898 814.863 814.886 814.883 814.872 814.889 814.884 814.875 814.857 814.863 814.855 814.88 814.921 814.855 814.884 814.86 814.881 814.807 814.829 814.834 814.84 814.833 814.76 814.747 814.695 814.475 814.438 
815.632 814.754 814.942 814.953 814.996 815.025 814.989 815.011 815.009 814.998 815.015 815.009 815 814.982 814.986 814.98 815.007 815.046 814.98 815.008 814.984 815.005 814.932 814.954 814.961 814.965 814.957 814.885 814.87 814.818 814.595 814.558 
815.761 814.875 815.065 815.076 815.117 815.149 815.111 815.134 815.131 815.121 815.137 815.131 815.122 815.103 815.107 815.102 815.129 815.169 815.1 815.13 815.105 815.126 815.053 815.076 815.084 815.087 815.078 815.006 814.99 814.937 814.712 814.675 
815.887 814.993 815.183 815.196 815.235 815.27 815.231 815.253 815.25 815.24 815.257 815.25 815.24 815.221 815.224 815.221 815.248 815.288 815.217 815.248 815.223 815.243 815.17 815.194 815.203 815.206 815.194 815.123 815.106 815.052 814.826 814.788 
816.01 815.107 815.298 815.312 815.349 815.387 815.347 815.368 815.366 815.356 815.372 815.365 815.355 815.335 815.338 815.336 815.363 815.403 815.33 815.363 815.337 815.357 815.284 815.309 815.318 815.321 815.306 815.237 815.219 815.164 814.936 814.897 
816.129 815.218 815.409 815.424 815.46 815.501 815.459 815.479 815.477 815.467 815.484 815.476 815.465 815.446 815.448 815.447 815.474 815.515 815.439 815.474 815.447 815.467 815.394 815.419 815.428 815.432 815.414 815.346 815.328 815.273 815.042 815.001 
816.244 815.325 815.516 815.533 815.567 815.61 815.568 815.586 815.585 815.575 815.592 815.583 815.572 815.554 815.555 815.554 815.581 815.623 815.545 815.582 815.553 815.573 815.5 815.526 815.534 815.54 815.518 815.452 815.433 815.378 815.145 815.102 
816.354 815.429 815.62 815.637 815.671 815.715 815.672 815.689 815.689 815.679 815.695 815.686 815.674 815.657 815.658 815.657 815.684 815.726 815.646 815.686 815.654 815.676 815.602 815.629 815.635 815.642 815.617 815.553 815.534 815.479 815.243 815.198 
816.459 815.529 815.72 815.737 815.771 815.816 815.771 815.788 815.788 815.778 815.794 815.784 815.771 815.756 815.757 815.756 815.783 815.825 815.744 815.786 815.751 815.774 815.701 815.728 815.732 815.741 815.713 815.65 815.631 815.577 815.338 815.289 
816.559 815.624 815.816 815.833 815.867 815.913 815.867 815.883 815.883 815.873 815.889 815.879 815.865 815.851 815.852 815.85 815.877 815.919 815.836 815.883 815.843 815.868 815.795 815.823 815.825 815.834 815.806 815.742 815.724 815.67 815.428 815.375 
816.654 815.716 815.908 815.925 815.958 816.004 815.958 815.974 815.974 815.965 815.979 815.969 815.954 815.942 815.942 815.94 815.967 816.009 815.925 815.974 815.93 815.956 815.884 815.913 815.914 815.923 815.895 815.831 815.813 815.759 815.514 815.455 
816.744 815.803 815.995 816.013 816.045 816.092 816.046 816.06 816.061 816.051 816.065 816.055 816.04 816.028 816.028 816.027 816.052 816.095 816.01 816.061 816.014 816.04 815.968 815.998 815.999 816.007 815.98 815.915 815.898 815.842 815.595 815.531 
816.829 815.886 816.078 816.096 816.127 816.175 816.128 816.142 816.143 816.134 816.147 816.136 816.121 816.11 816.11 816.108 816.133 816.176 816.091 816.142 816.093 816.119 816.048 816.079 816.08 816.086 816.061 815.995 815.978 815.921 815.671 815.603 
816.91 815.964 816.157 816.174 816.205 816.253 816.207 816.22 816.222 816.212 816.226 816.214 816.199 816.187 816.186 816.186 816.21 816.253 816.168 816.219 816.168 816.195 816.123 816.156 816.156 816.161 816.138 816.071 816.053 815.996 815.744 815.67 
816.986 816.038 816.232 816.249 816.278 816.327 816.281 816.293 816.296 816.285 816.3 816.287 816.273 816.26 816.258 816.259 816.282 816.326 816.24 816.29 816.239 816.266 816.193 816.228 816.229 816.232 816.211 816.142 816.124 816.066 815.813 815.734 
817.057 816.107 816.302 816.318 816.348 816.397 816.35 816.362 816.366 816.355 816.37 816.356 816.343 816.328 816.326 816.327 816.35 816.394 816.308 816.358 816.306 816.333 816.259 816.296 816.297 816.299 816.278 816.209 816.189 816.131 815.877 815.794 
817.123 816.173 816.369 816.383 816.413 816.462 816.415 816.427 816.432 816.42 816.436 816.422 816.408 816.391 816.39 816.391 816.413 816.457 816.372 816.421 816.368 816.396 816.321 816.359 816.362 816.361 816.341 816.272 816.251 816.193 815.938 815.849 
817.184 816.234 816.432 816.444 816.474 816.523 816.476 816.487 816.493 816.481 816.497 816.482 816.468 816.451 816.45 816.451 816.472 816.516 816.431 816.48 816.427 816.455 816.379 816.418 816.422 816.419 816.4 816.33 816.308 816.25 815.995 815.899 
817.241 816.292 816.491 816.502 816.532 816.581 816.532 816.544 816.551 816.538 816.555 816.539 816.525 816.507 816.506 816.506 816.527 816.571 816.487 816.535 816.482 816.51 816.434 816.473 816.478 816.473 816.455 816.385 816.362 816.304 816.049 815.946 
817.294 816.347 816.547 816.556 816.586 816.635 816.586 816.597 816.605 816.592 816.609 816.592 816.578 816.559 816.56 816.558 816.58 816.622 816.54 816.587 816.533 816.562 816.486 816.524 816.53 816.524 816.506 816.437 816.413 816.354 816.1 815.989 
817.344 816.399 816.599 816.607 816.637 816.686 816.636 816.647 816.656 816.643 816.659 816.642 816.628 816.608 816.611 816.607 816.63 816.671 816.589 816.636 816.582 816.611 816.534 816.572 816.579 816.571 816.554 816.487 816.462 816.402 816.147 816.028 
817.391 816.448 816.648 816.656 816.686 816.734 816.685 816.695 816.704 816.692 816.707 816.69 816.676 816.654 816.659 816.654 816.678 816.718 816.636 816.682 816.628 816.658 816.58 816.618 816.626 816.616 816.599 816.534 816.508 816.448 816.191 816.066 
817.437 816.496 816.695 816.704 816.733 816.78 816.732 816.74 816.75 816.739 816.753 816.736 816.722 816.699 816.706 816.699 816.724 816.762 816.681 816.727 816.672 816.703 816.624 816.662 816.672 816.659 816.642 816.581 816.553 816.492 816.234 816.102 
