803.766 803.766 803.766 803.766 803.766 803.766 803.766 803.766 803.766 803.766 803.766 803.766 803.766 803.766 803.766 803.766 803.766 803.766 803.766 803.766 803.766 803.766 803.766 803.766 803.766 803.766 803.766 803.766 803.766 803.766 803.766 803.766 
803.851 803.85 803.853 803.853 803.854 803.854 803.853 803.853 803.852 803.852 803.853 803.854 803.854 803.852 803.855 803.853 803.854 803.855 803.854 803.853 803.855 803.855 803.855 803.855 803.855 803.853 803.855 803.853 803.853 803.854 803.852 803.847 
803.94 803.935 803.943 803.943 803.944 803.943 803.941 803.942 803.941 803.941 803.942 803.943 803.943 803.941 803.945 803.942 803.944 803.947 803.944 803.943 803.946 803.946 803.946 803.946 803.946 803.944 803.946 803.943 803.942 803.945 803.941 803.931 
804.032 804.024 804.035 804.035 804.037 804.036 804.032 804.035 804.033 804.033 804.034 804.036 804.036 804.033 804.039 804.034 804.037 804.042 804.037 804.036 804.039 804.041 804.04 804.041 804.04 804.037 804.041 804.036 804.035 804.038 804.031 804.018 
804.129 804.116 804.13 804.13 804.133 804.131 804.127 804.131 804.129 804.129 804.13 804.133 804.133 804.128 804.136 804.13 804.133 804.14 804.135 804.132 804.136 804.139 804.137 804.138 804.137 804.135 804.139 804.132 804.13 804.134 804.125 804.109 
804.23 804.212 804.228 804.229 804.232 804.229 804.225 804.231 804.23 804.228 804.229 804.233 804.232 804.226 804.236 804.229 804.232 804.241 804.236 804.233 804.236 804.239 804.238 804.239 804.237 804.236 804.24 804.232 804.23 804.233 804.223 804.204 
804.335 804.311 804.33 804.33 804.335 804.331 804.327 804.335 804.334 804.33 804.332 804.338 804.335 804.328 804.34 804.332 804.335 804.346 804.34 804.337 804.339 804.343 804.342 804.344 804.341 804.341 804.344 804.335 804.332 804.336 804.324 804.303 
804.444 804.414 804.435 804.435 804.441 804.436 804.433 804.441 804.442 804.436 804.438 804.446 804.442 804.433 804.447 804.439 804.442 804.453 804.448 804.444 804.445 804.451 804.449 804.452 804.448 804.449 804.451 804.44 804.439 804.441 804.429 804.407 
804.557 804.52 804.543 804.544 804.55 804.544 804.542 804.551 804.553 804.545 804.547 804.557 804.552 804.542 804.557 804.548 804.552 804.563 804.559 804.555 804.554 804.561 804.559 804.563 804.558 804.56 804.562 804.548 804.549 804.55 804.538 804.513 
804.673 804.629 804.655 804.657 804.663 804.655 804.654 804.663 804.667 804.657 804.66 804.672 804.664 804.654 804.671 804.661 804.665 804.675 804.673 804.668 804.667 804.675 804.672 804.678 804.672 804.673 804.675 804.659 804.661 804.662 804.65 804.623 
804.792 804.741 804.77 804.773 804.78 804.77 804.769 804.777 804.784 804.772 804.775 804.789 804.781 804.769 804.787 804.777 804.782 804.79 804.79 804.785 804.783 804.793 804.788 804.795 804.788 804.788 804.791 804.773 804.777 804.777 804.765 804.735 
804.914 804.855 804.888 804.892 804.899 804.887 804.887 804.895 804.903 804.891 804.893 804.908 804.9 804.888 804.905 804.895 804.902 804.908 804.909 804.904 804.901 804.913 804.907 804.915 804.907 804.907 804.911 804.89 804.895 804.895 804.882 804.85 
805.039 804.973 805.009 805.014 805.022 805.009 805.008 805.015 805.025 805.012 805.013 805.03 805.021 805.009 805.026 805.016 805.026 805.029 805.032 805.026 805.022 805.036 805.028 805.038 805.028 805.027 805.034 805.011 805.015 805.015 805.001 804.967 
805.167 805.095 805.132 805.139 805.147 805.133 805.132 805.139 805.149 805.136 805.137 805.155 805.145 805.133 805.149 805.14 805.152 805.152 805.156 805.151 805.145 805.161 805.15 805.162 805.152 805.15 805.16 805.134 805.139 805.138 805.121 805.087 
805.298 805.219 805.258 805.266 805.275 805.261 805.258 805.266 805.276 805.262 805.263 805.282 805.271 805.26 805.275 805.266 805.281 805.279 805.284 805.277 805.27 805.289 805.276 805.288 805.277 805.276 805.287 805.26 805.265 805.264 805.243 805.209 
805.431 805.347 805.386 805.396 805.404 805.391 805.386 805.396 805.404 805.391 805.392 805.411 805.4 805.389 805.403 805.395 805.411 805.409 805.413 805.407 805.399 805.419 805.403 805.417 805.404 805.404 805.417 805.388 805.393 805.392 805.367 805.334 
805.567 805.477 805.516 805.527 805.536 805.524 805.518 805.528 805.534 805.521 805.523 805.542 805.53 805.52 805.534 805.526 805.543 805.542 805.544 805.539 805.53 805.551 805.534 805.547 805.532 805.535 805.548 805.52 805.524 805.522 805.492 805.46 
805.705 805.609 805.647 805.66 805.669 805.658 805.651 805.662 805.667 805.653 805.657 805.676 805.662 805.654 805.668 805.659 805.676 805.677 805.677 805.673 805.664 805.685 805.666 805.68 805.663 805.668 805.681 805.654 805.657 805.654 805.619 805.589 
805.846 805.743 805.78 805.796 805.804 805.795 805.787 805.798 805.801 805.788 805.794 805.811 805.795 805.79 805.803 805.794 805.81 805.814 805.812 805.809 805.801 805.82 805.8 805.814 805.797 805.803 805.816 805.79 805.791 805.788 805.749 805.719 
805.989 805.879 805.914 805.934 805.942 805.933 805.925 805.936 805.938 805.926 805.932 805.949 805.931 805.927 805.941 805.931 805.946 805.954 805.949 805.947 805.939 805.956 805.936 805.95 805.933 805.94 805.952 805.929 805.927 805.924 805.881 805.852 
806.135 806.017 806.051 806.074 806.081 806.073 806.064 806.076 806.077 806.065 806.073 806.089 806.069 806.066 806.081 806.069 806.084 806.096 806.088 806.087 806.078 806.095 806.073 806.088 806.072 806.078 806.089 806.069 806.064 806.061 806.016 805.985 
806.282 806.156 806.189 806.216 806.223 806.214 806.205 806.217 806.217 806.206 806.215 806.23 806.21 806.206 806.221 806.208 806.225 806.238 806.229 806.228 806.219 806.234 806.212 806.226 806.213 806.218 806.228 806.211 806.203 806.2 806.152 806.12 
806.431 806.297 806.329 806.36 806.366 806.357 806.348 806.359 806.359 806.349 806.358 806.373 806.352 806.346 806.363 806.349 806.367 806.383 806.372 806.372 806.362 806.376 806.352 806.366 806.356 806.359 806.368 806.354 806.343 806.341 806.29 806.256 
806.582 806.438 806.472 806.504 806.511 806.501 806.492 806.502 806.504 806.493 806.503 806.518 806.496 806.488 806.506 806.491 806.511 806.528 806.516 806.516 806.506 806.519 806.493 806.508 806.501 806.502 806.509 806.497 806.485 806.483 806.43 806.393 
806.735 806.581 806.616 806.65 806.657 806.647 806.637 806.646 806.649 806.638 806.649 806.663 806.642 806.631 806.651 806.634 806.655 806.674 806.661 806.663 806.651 806.664 806.637 806.651 806.647 806.646 806.652 806.641 806.629 806.626 806.57 806.532 
806.889 806.725 806.763 806.796 806.803 806.794 806.783 806.792 806.797 806.784 806.795 806.81 806.788 806.775 806.797 806.78 806.8 806.822 806.807 806.81 806.798 806.811 806.782 806.796 806.794 806.792 806.797 806.786 806.773 806.77 806.711 806.671 
807.044 806.87 806.912 806.942 806.951 806.942 806.93 806.939 806.945 806.932 806.943 806.957 806.935 806.921 806.944 806.928 806.946 806.97 806.954 806.959 806.945 806.959 806.929 806.942 806.942 806.939 806.943 806.931 806.919 806.914 806.853 806.811 
807.2 807.015 807.061 807.09 807.099 807.09 807.077 807.088 807.095 807.082 807.092 807.106 807.083 807.069 807.093 807.078 807.093 807.119 807.102 807.108 807.093 807.109 807.078 807.089 807.089 807.086 807.09 807.078 807.066 807.06 806.995 806.953 
807.357 807.162 807.211 807.238 807.249 807.239 807.226 807.238 807.246 807.232 807.241 807.256 807.232 807.218 807.242 807.228 807.241 807.269 807.252 807.258 807.241 807.259 807.228 807.237 807.237 807.235 807.238 807.225 807.213 807.207 807.139 807.097 
807.515 807.309 807.361 807.386 807.4 807.39 807.375 807.389 807.398 807.383 807.392 807.406 807.383 807.369 807.392 807.38 807.39 807.42 807.402 807.409 807.391 807.409 807.379 807.385 807.385 807.384 807.388 807.373 807.361 807.355 807.283 807.242 
807.675 807.457 807.511 807.535 807.552 807.541 807.526 807.54 807.549 807.535 807.544 807.558 807.535 807.521 807.543 807.533 807.54 807.57 807.553 807.56 807.541 807.56 807.53 807.535 807.534 807.534 807.539 807.522 807.51 807.503 807.428 807.387 
807.836 807.605 807.662 807.686 807.705 807.694 807.678 807.693 807.702 807.688 807.695 807.711 807.688 807.674 807.695 807.686 807.692 807.721 807.704 807.712 807.693 807.712 807.682 807.685 807.684 807.684 807.691 807.671 807.659 807.651 807.575 807.534 
807.998 807.754 807.812 807.837 807.858 807.848 807.831 807.846 807.854 807.84 807.847 807.865 807.841 807.828 807.847 807.84 807.845 807.873 807.855 807.865 807.845 807.864 807.834 807.835 807.835 807.835 807.843 807.821 807.81 807.8 807.722 807.681 
808.16 807.904 807.962 807.989 808.011 808.003 807.985 807.999 808.008 807.994 808 808.02 807.994 807.983 808 807.995 807.999 808.025 808.006 808.018 807.998 808.018 807.986 807.987 807.987 807.988 807.996 807.971 807.962 807.949 807.87 807.828 
808.324 808.055 808.113 808.141 808.164 808.158 808.141 808.153 808.161 808.148 808.153 808.175 808.147 808.138 808.153 808.15 808.153 808.177 808.157 808.172 808.152 808.172 808.139 808.139 808.14 808.141 808.15 808.123 808.114 808.099 808.019 807.976 
808.488 808.206 808.265 808.294 808.318 808.313 808.297 808.308 808.316 808.302 808.307 808.331 808.299 808.295 808.306 808.306 808.308 808.331 808.309 808.326 808.305 808.327 808.292 808.291 808.293 808.295 808.304 808.275 808.267 808.251 808.168 808.124 
808.653 808.357 808.418 808.447 808.473 808.468 808.453 808.463 808.47 808.457 808.462 808.486 808.452 808.451 808.459 808.462 808.464 808.484 808.461 808.48 808.459 808.484 808.445 808.444 808.446 808.45 808.459 808.429 808.42 808.403 808.318 808.273 
808.818 808.509 808.571 808.6 808.629 808.624 808.61 808.618 808.625 808.613 808.618 808.642 808.606 808.608 808.612 808.617 808.62 808.637 808.614 808.635 808.614 808.64 808.599 808.598 808.6 808.605 808.613 808.583 808.573 808.555 808.468 808.421 
808.983 808.661 808.724 808.753 808.785 808.78 808.767 808.775 808.778 808.769 808.775 808.798 808.761 808.765 808.766 808.773 808.776 808.792 808.768 808.79 808.77 808.797 808.754 808.752 808.753 808.761 808.768 808.736 808.726 808.708 808.618 808.57 
809.149 808.814 808.879 808.907 808.941 808.937 808.924 808.931 808.932 808.926 808.933 808.955 808.918 808.921 808.92 808.93 808.933 808.946 808.922 808.945 808.925 808.954 808.909 808.906 808.906 808.917 808.922 808.89 808.878 808.861 808.768 808.718 
809.315 808.967 809.034 809.062 809.097 809.095 809.08 809.088 809.086 809.083 809.091 809.111 809.076 809.078 809.075 809.087 809.091 809.102 809.076 809.1 809.081 809.111 809.065 809.062 809.06 809.074 809.077 809.043 809.031 809.014 808.919 808.867 
809.48 809.121 809.19 809.217 809.251 809.253 809.236 809.244 809.241 809.24 809.249 809.269 809.234 809.234 809.231 809.245 809.248 809.258 809.231 809.256 809.237 809.268 809.221 809.218 809.213 809.231 809.231 809.197 809.184 809.166 809.07 809.015 
809.646 809.274 809.346 809.373 809.406 809.412 809.391 809.402 809.396 809.398 809.407 809.426 809.391 809.39 809.387 809.404 809.406 809.415 809.386 809.412 809.393 809.424 809.377 809.375 809.367 809.389 809.386 809.35 809.337 809.317 809.221 809.163 
809.812 809.428 809.502 809.529 809.56 809.57 809.548 809.56 809.552 809.556 809.565 809.584 809.548 809.547 809.544 809.563 809.564 809.571 809.543 809.568 809.55 809.58 809.533 809.532 809.521 809.547 809.542 809.503 809.491 809.469 809.372 809.312 
809.979 809.581 809.658 809.685 809.714 809.727 809.704 809.719 809.709 809.713 809.723 809.742 809.705 809.704 809.701 809.722 809.722 809.728 809.7 809.726 809.707 809.736 809.69 809.689 809.676 809.705 809.698 809.657 809.646 809.622 809.524 809.461 
810.146 809.734 809.814 809.841 809.87 809.885 809.862 809.877 809.867 809.871 809.881 809.899 809.861 809.861 809.858 809.881 809.88 809.886 809.858 809.883 809.865 809.892 809.847 809.847 809.832 809.863 809.855 809.811 809.802 809.776 809.676 809.61 
810.313 809.887 809.971 809.998 810.027 810.043 810.02 810.035 810.024 810.029 810.039 810.056 810.017 810.02 810.016 810.04 810.038 810.044 810.017 810.041 810.022 810.048 810.003 810.004 809.989 810.021 810.011 809.965 809.958 809.93 809.829 809.761 
810.481 810.04 810.128 810.154 810.184 810.201 810.178 810.193 810.182 810.187 810.197 810.213 810.173 810.178 810.174 810.199 810.196 810.202 810.176 810.198 810.179 810.204 810.16 810.161 810.147 810.179 810.167 810.12 810.114 810.085 809.981 809.912 
810.649 810.193 810.285 810.31 810.342 810.358 810.336 810.35 810.339 810.344 810.355 810.369 810.331 810.337 810.332 810.358 810.352 810.361 810.335 810.356 810.337 810.36 810.317 810.319 810.306 810.337 810.323 810.275 810.27 810.241 810.133 810.064 
810.818 810.347 810.443 810.467 810.5 810.516 810.494 810.507 810.497 810.501 810.512 810.525 810.489 810.496 810.49 810.516 810.509 810.521 810.495 810.513 810.494 810.517 810.473 810.477 810.465 810.495 810.48 810.432 810.426 810.396 810.285 810.217 
810.987 810.5 810.6 810.624 810.658 810.672 810.652 810.665 810.655 810.658 810.669 810.681 810.648 810.655 810.648 810.674 810.665 810.681 810.654 810.671 810.651 810.674 810.629 810.635 810.623 810.653 810.637 810.589 810.582 810.552 810.437 810.37 
811.157 810.654 810.758 810.781 810.816 810.829 810.81 810.824 810.813 810.815 810.826 810.837 810.807 810.812 810.806 810.831 810.822 810.841 810.813 810.83 810.808 810.831 810.786 810.793 810.782 810.811 810.794 810.746 810.737 810.708 810.588 810.522 
811.327 810.808 810.916 810.938 810.974 810.985 810.967 810.983 810.971 810.973 810.984 810.993 810.966 810.969 810.964 810.989 810.979 811 810.971 810.989 810.965 810.989 810.943 810.951 810.94 810.97 810.952 810.904 810.892 810.865 810.739 810.675 
811.497 810.962 811.074 811.094 811.132 811.142 811.125 811.142 811.13 811.132 811.141 811.15 811.124 811.127 811.122 811.147 811.137 811.159 811.13 811.147 811.122 811.147 811.099 811.109 811.097 811.128 811.109 811.062 811.047 811.021 810.89 810.827 
811.666 811.116 811.232 811.251 811.29 811.3 811.284 811.301 811.289 811.29 811.299 811.306 811.283 811.284 811.28 811.305 811.295 811.318 811.288 811.306 811.28 811.305 811.256 811.267 811.254 811.286 811.267 811.22 811.203 811.176 811.042 810.978 
811.836 811.27 811.391 811.406 811.448 811.457 811.443 811.459 811.448 811.448 811.458 811.462 811.443 811.441 811.438 811.463 811.454 811.477 811.446 811.463 811.438 811.463 811.412 811.424 811.411 811.445 811.423 811.378 811.358 811.332 811.193 811.13 
812.004 811.423 811.549 811.563 811.606 811.616 811.603 811.617 811.608 811.605 811.616 811.617 811.602 811.598 811.597 811.62 811.613 811.635 811.604 811.62 811.596 811.621 811.568 811.58 811.567 811.602 811.58 811.535 811.514 811.486 811.344 811.281 
812.173 811.577 811.706 811.719 811.764 811.774 811.762 811.775 811.768 811.762 811.775 811.773 811.761 811.756 811.755 811.776 811.772 811.793 811.761 811.777 811.755 811.78 811.724 811.737 811.723 811.76 811.737 811.692 811.669 811.641 811.495 811.432 
812.34 811.73 811.864 811.877 811.922 811.933 811.922 811.932 811.927 811.919 811.932 811.93 811.919 811.913 811.913 811.932 811.93 811.951 811.919 811.935 811.914 811.939 811.879 811.893 811.879 811.917 811.894 811.849 811.826 811.795 811.646 811.584 
812.507 811.883 812.02 812.034 812.08 812.092 812.08 812.09 812.086 812.076 812.09 812.087 812.077 812.071 812.07 812.087 812.088 812.109 812.077 812.092 812.072 812.097 812.035 812.05 812.035 812.073 812.051 812.005 811.982 811.95 811.797 811.736 
812.674 812.036 812.177 812.192 812.237 812.251 812.238 812.247 812.243 812.232 812.246 812.245 812.235 812.228 812.227 812.243 812.246 812.266 812.234 812.248 812.229 812.255 812.192 812.207 812.191 812.229 812.208 812.16 812.139 812.104 811.948 811.887 
812.842 812.189 812.332 812.35 812.394 812.409 812.394 812.403 812.4 812.388 812.402 812.403 812.392 812.385 812.384 812.397 812.403 812.423 812.391 812.405 812.384 812.413 812.348 812.363 812.347 812.384 812.364 812.315 812.295 812.259 812.098 812.038 
813.009 812.343 812.486 812.507 812.551 812.567 812.549 812.558 812.556 812.544 812.557 812.56 812.549 812.541 812.542 812.552 812.559 812.58 812.546 812.562 812.54 812.57 812.503 812.519 812.504 812.539 812.519 812.469 812.45 812.413 812.249 812.189 
813.176 812.495 812.639 812.663 812.707 812.724 812.703 812.713 812.711 812.7 812.712 812.717 812.705 812.696 812.699 812.706 812.715 812.737 812.701 812.718 812.694 812.727 812.658 812.674 812.66 812.694 812.673 812.623 812.604 812.566 812.398 812.339 
813.342 812.648 812.79 812.818 812.862 812.88 812.856 812.866 812.865 812.855 812.867 812.873 812.861 812.851 812.856 812.859 812.87 812.895 812.854 812.874 812.848 812.883 812.811 812.828 812.816 812.848 812.826 812.777 812.757 812.719 812.547 812.489 
813.508 812.8 812.941 812.972 813.017 813.035 813.009 813.02 813.019 813.01 813.022 813.028 813.016 813.005 813.012 813.013 813.024 813.052 813.007 813.029 813.001 813.038 812.964 812.982 812.97 813.001 812.979 812.93 812.909 812.871 812.694 812.638 
813.672 812.951 813.093 813.125 813.17 813.188 813.162 813.172 813.171 813.163 813.176 813.183 813.17 813.158 813.167 813.165 813.178 813.207 813.158 813.183 813.154 813.191 813.115 813.134 813.122 813.153 813.131 813.082 813.061 813.021 812.841 812.786 
813.835 813.1 813.244 813.277 813.322 813.341 813.313 813.324 813.323 813.316 813.329 813.336 813.323 813.31 813.32 813.316 813.331 813.361 813.308 813.335 813.306 813.343 813.265 813.285 813.273 813.303 813.282 813.232 813.212 813.17 812.987 812.934 
813.996 813.249 813.396 813.427 813.473 813.493 813.464 813.476 813.474 813.468 813.481 813.488 813.474 813.46 813.471 813.466 813.483 813.513 813.457 813.486 813.458 813.494 813.414 813.435 813.422 813.453 813.433 813.38 813.362 813.318 813.131 813.08 
814.155 813.396 813.548 813.576 813.622 813.644 813.613 813.627 813.624 813.619 813.631 813.637 813.624 813.609 813.621 813.614 813.632 813.663 813.605 813.635 813.61 813.643 813.561 813.583 813.57 813.6 813.582 813.527 813.511 813.463 813.275 813.225 
814.313 813.542 813.698 813.723 813.769 813.792 813.76 813.776 813.773 813.769 813.778 813.784 813.771 813.757 813.769 813.76 813.78 813.812 813.752 813.783 813.76 813.791 813.708 813.731 813.717 813.746 813.73 813.672 813.658 813.608 813.417 813.369 
814.469 813.686 813.847 813.869 813.914 813.939 813.905 813.924 813.921 813.916 813.924 813.929 813.917 813.902 813.914 813.904 813.925 813.959 813.898 813.93 813.908 813.936 813.853 813.876 813.863 813.891 813.876 813.815 813.803 813.751 813.557 813.511 
814.623 813.827 813.994 814.013 814.057 814.084 814.048 814.07 814.067 814.062 814.069 814.072 814.061 814.046 814.057 814.046 814.069 814.105 814.041 814.074 814.054 814.079 813.997 814.02 814.007 814.034 814.021 813.957 813.946 813.893 813.695 813.65 
814.775 813.966 814.138 814.155 814.197 814.225 814.19 814.214 814.211 814.204 814.212 814.214 814.203 814.187 814.198 814.187 814.211 814.248 814.184 814.215 814.197 814.22 814.138 814.161 814.15 814.174 814.163 814.097 814.086 814.032 813.831 813.787 
814.925 814.103 814.28 814.295 814.336 814.365 814.329 814.356 814.352 814.343 814.353 814.353 814.343 814.327 814.337 814.325 814.35 814.389 814.323 814.355 814.336 814.359 814.277 814.301 814.292 814.312 814.302 814.234 814.224 814.17 813.965 813.922 
815.073 814.237 814.418 814.432 814.473 814.502 814.467 814.493 814.489 814.479 814.492 814.491 814.48 814.464 814.473 814.462 814.486 814.526 814.461 814.492 814.473 814.494 814.414 814.438 814.431 814.448 814.439 814.37 814.359 814.305 814.096 814.054 
815.217 814.37 814.554 814.567 814.608 814.636 814.602 814.628 814.624 814.613 814.629 814.625 814.614 814.599 814.606 814.596 814.62 814.661 814.595 814.625 814.606 814.626 814.547 814.572 814.568 814.581 814.573 814.503 814.492 814.438 814.225 814.184 
815.358 814.5 814.686 814.699 814.741 814.768 814.733 814.759 814.756 814.744 814.761 814.757 814.746 814.731 814.736 814.727 814.752 814.792 814.727 814.756 814.735 814.755 814.678 814.703 814.703 814.712 814.704 814.634 814.622 814.568 814.351 814.31 
815.495 814.628 814.816 814.827 814.87 814.898 814.862 814.886 814.884 814.872 814.891 814.885 814.874 814.859 814.863 814.855 814.88 814.921 814.855 814.884 814.862 814.881 814.806 814.831 814.834 814.84 814.831 814.762 814.749 814.695 814.475 814.434 
815.628 814.752 814.942 814.953 814.996 815.025 814.987 815.011 815.01 814.998 815.016 815.011 814.998 814.984 814.986 814.98 815.007 815.046 814.98 815.008 814.986 815.005 814.93 814.956 814.961 814.965 814.956 814.887 814.872 814.818 814.595 814.555 
815.758 814.873 815.065 815.076 815.117 815.149 815.109 815.134 815.133 815.121 815.139 815.133 815.12 815.105 815.107 815.102 815.129 815.169 815.1 815.13 815.107 815.126 815.051 815.077 815.084 815.087 815.076 815.008 814.992 814.937 814.712 814.671 
815.884 814.991 815.183 815.196 815.235 815.27 815.229 815.253 815.252 815.24 815.258 815.252 815.238 815.223 815.224 815.221 815.248 815.288 815.217 815.248 815.224 815.243 815.169 815.196 815.203 815.206 815.192 815.125 815.108 815.052 814.826 814.784 
816.007 815.105 815.298 815.312 815.349 815.387 815.345 815.368 815.367 815.356 815.374 815.367 815.353 815.337 815.338 815.336 815.363 815.403 815.33 815.363 815.339 815.357 815.282 815.31 815.318 815.321 815.304 815.238 815.221 815.164 814.936 814.893 
816.125 815.216 815.409 815.424 815.46 815.501 815.458 815.479 815.479 815.467 815.486 815.478 815.464 815.448 815.448 815.447 815.474 815.515 815.439 815.474 815.449 815.467 815.392 815.421 815.428 815.432 815.412 815.348 815.329 815.273 815.042 814.998 
816.24 815.323 815.516 815.533 815.567 815.61 815.566 815.586 815.587 815.575 815.594 815.585 815.57 815.555 815.555 815.554 815.581 815.623 815.545 815.582 815.555 815.573 815.498 815.528 815.534 815.54 815.516 815.453 815.434 815.378 815.145 815.098 
816.35 815.427 815.62 815.637 815.671 815.715 815.67 815.689 815.691 815.679 815.697 815.688 815.672 815.659 815.658 815.657 815.684 815.726 815.646 815.686 815.656 815.676 815.601 815.631 815.635 815.642 815.615 815.555 815.536 815.479 815.243 815.194 
816.455 815.527 815.72 815.737 815.771 815.816 815.77 815.788 815.79 815.778 815.796 815.786 815.77 815.758 815.757 815.756 815.783 815.825 815.744 815.786 815.752 815.774 815.699 815.73 815.732 815.741 815.712 815.652 815.633 815.577 815.338 815.285 
816.555 815.622 815.816 815.833 815.867 815.913 815.865 815.883 815.885 815.873 815.891 815.881 815.863 815.853 815.852 815.85 815.877 815.919 815.836 815.883 815.844 815.868 815.793 815.824 815.825 815.834 815.804 815.744 815.726 815.67 815.428 815.371 
816.65 815.714 815.908 815.925 815.958 816.004 815.956 815.974 815.976 815.965 815.981 815.971 815.952 815.944 815.942 815.94 815.967 816.009 815.925 815.974 815.932 815.956 815.882 815.914 815.914 815.923 815.893 815.832 815.815 815.759 815.514 815.451 
816.74 815.802 815.995 816.013 816.045 816.092 816.044 816.06 816.063 816.051 816.067 816.057 816.038 816.03 816.028 816.027 816.052 816.095 816.01 816.061 816.015 816.04 815.966 816 815.999 816.007 815.978 815.917 815.9 815.842 815.595 815.527 
816.825 815.884 816.078 816.096 816.127 816.175 816.127 816.142 816.145 816.134 816.149 816.138 816.12 816.112 816.11 816.108 816.133 816.176 816.091 816.142 816.095 816.119 816.046 816.081 816.08 816.086 816.059 815.997 815.98 815.921 815.671 815.599 
816.906 815.962 816.157 816.174 816.205 816.253 816.205 816.22 816.223 816.212 816.227 816.216 816.197 816.189 816.186 816.186 816.21 816.253 816.168 816.219 816.17 816.195 816.121 816.158 816.156 816.161 816.136 816.073 816.055 815.995 815.744 815.667 
816.982 816.036 816.232 816.249 816.278 816.327 816.279 816.293 816.298 816.285 816.302 816.289 816.271 816.262 816.258 816.259 816.282 816.326 816.24 816.29 816.241 816.265 816.191 816.23 816.229 816.232 816.209 816.144 816.126 816.066 815.813 815.73 
817.053 816.105 816.302 816.318 816.348 816.397 816.348 816.362 816.368 816.355 816.372 816.358 816.341 816.33 816.326 816.327 816.35 816.394 816.308 816.358 816.308 816.333 816.257 816.298 816.297 816.299 816.276 816.211 816.191 816.131 815.877 815.79 
817.119 816.171 816.369 816.383 816.413 816.462 816.413 816.427 816.434 816.42 816.438 816.424 816.406 816.393 816.39 816.391 816.413 816.457 816.372 816.421 816.37 816.396 816.319 816.361 816.362 816.361 816.339 816.274 816.253 816.193 815.938 815.845 
817.18 816.232 816.432 816.444 816.474 816.523 816.473 816.487 816.495 816.481 816.499 816.484 816.466 816.453 816.45 816.451 816.472 816.516 816.431 816.48 816.429 816.455 816.377 816.42 816.422 816.419 816.398 816.332 816.31 816.25 815.995 815.895 
817.237 816.29 816.491 816.502 816.532 816.581 816.53 816.544 816.553 816.538 816.557 816.541 816.523 816.509 816.506 816.506 816.527 816.571 816.487 816.535 816.484 816.51 816.432 816.475 816.478 816.473 816.453 816.387 816.364 816.304 816.049 815.942 
817.289 816.345 816.547 816.556 816.586 816.635 816.584 816.597 816.607 816.592 816.611 816.594 816.576 816.561 816.56 816.558 816.58 816.622 816.54 816.587 816.535 816.562 816.483 816.526 816.53 816.524 816.504 816.439 816.415 816.354 816.1 815.984 
817.339 816.397 816.599 816.607 816.637 816.686 816.634 816.647 816.658 816.643 816.661 816.644 816.626 816.61 816.611 816.607 816.63 816.671 816.589 816.636 816.584 816.611 816.532 816.574 816.579 816.571 816.552 816.489 816.464 816.402 816.147 816.024 
817.387 816.446 816.648 816.656 816.686 816.734 816.683 816.695 816.706 816.692 816.709 816.692 816.674 816.656 816.659 816.654 816.678 816.718 816.636 816.682 816.63 816.658 816.578 816.62 816.626 816.616 816.597 816.536 816.51 816.448 816.191 816.062 
817.432 816.494 816.695 816.704 816.733 816.78 816.729 816.74 816.752 816.739 816.756 816.738 816.72 816.701 816.706 816.699 816.724 816.762 816.681 816.727 816.674 816.703 816.622 816.664 816.672 816.659 816.64 816.583 816.555 816.492 816.234 816.097 
