803.766 803.766 803.766 803.766 803.766 803.766 803.766 803.766 803.766 803.766 803.766 803.766 803.766 803.766 803.766 803.766 803.766 803.766 803.766 803.766 803.766 803.766 803.766 803.766 803.766 803.766 803.766 803.766 803.766 803.766 803.766 803.766 
803.845 803.836 803.839 803.839 803.84 803.84 803.839 803.839 803.838 803.839 803.839 803.84 803.84 803.839 803.841 803.839 803.84 803.841 803.84 803.839 803.841 803.841 803.841 803.841 803.841 803.84 803.841 803.839 803.839 803.841 803.838 803.84 
803.927 803.908 803.916 803.916 803.917 803.916 803.914 803.915 803.914 803.914 803.915 803.916 803.916 803.914 803.918 803.915 803.917 803.92 803.917 803.916 803.919 803.919 803.919 803.919 803.919 803.917 803.92 803.916 803.915 803.918 803.914 803.918 
804.014 803.984 803.994 803.995 803.997 803.996 803.992 803.995 803.993 803.993 803.994 803.996 803.996 803.993 803.999 803.994 803.997 804.001 803.997 803.995 803.999 804.001 804 804.001 804 803.997 804.001 803.995 803.994 803.998 803.991 803.999 
804.104 804.063 804.076 804.077 804.08 804.078 804.074 804.078 804.076 804.076 804.077 804.08 804.079 804.074 804.082 804.077 804.079 804.087 804.081 804.079 804.083 804.085 804.084 804.085 804.084 804.082 804.086 804.079 804.077 804.081 804.072 804.084 
804.199 804.146 804.162 804.162 804.166 804.163 804.159 804.165 804.163 804.161 804.163 804.167 804.166 804.159 804.169 804.163 804.166 804.175 804.169 804.166 804.169 804.173 804.171 804.173 804.171 804.17 804.174 804.165 804.163 804.167 804.156 804.173 
804.298 804.232 804.25 804.251 804.255 804.251 804.248 804.255 804.254 804.251 804.252 804.258 804.256 804.248 804.26 804.253 804.256 804.266 804.261 804.257 804.259 804.264 804.262 804.264 804.262 804.262 804.265 804.255 804.253 804.256 804.244 804.266 
804.401 804.321 804.342 804.343 804.348 804.343 804.34 804.349 804.349 804.343 804.345 804.353 804.349 804.34 804.354 804.346 804.349 804.36 804.356 804.351 804.352 804.358 804.356 804.359 804.355 804.356 804.359 804.347 804.346 804.349 804.336 804.363 
804.508 804.414 804.438 804.439 804.444 804.438 804.436 804.445 804.447 804.439 804.441 804.452 804.446 804.436 804.452 804.443 804.446 804.457 804.454 804.449 804.449 804.455 804.453 804.457 804.452 804.454 804.456 804.442 804.443 804.444 804.432 804.463 
804.618 804.51 804.536 804.538 804.544 804.536 804.535 804.544 804.548 804.538 804.54 804.553 804.545 804.535 804.552 804.542 804.546 804.556 804.554 804.549 804.548 804.556 804.553 804.559 804.553 804.554 804.556 804.54 804.542 804.543 804.531 804.566 
804.731 804.609 804.638 804.641 804.647 804.637 804.637 804.645 804.651 804.64 804.642 804.656 804.648 804.637 804.654 804.645 804.65 804.658 804.658 804.653 804.651 804.66 804.656 804.663 804.656 804.656 804.659 804.641 804.645 804.645 804.633 804.672 
804.847 804.71 804.743 804.747 804.754 804.742 804.742 804.749 804.758 804.746 804.747 804.763 804.754 804.742 804.76 804.75 804.757 804.763 804.764 804.759 804.756 804.768 804.761 804.77 804.762 804.761 804.766 804.745 804.75 804.75 804.737 804.781 
804.966 804.815 804.851 804.856 804.863 804.85 804.85 804.857 804.866 804.854 804.855 804.871 804.863 804.85 804.867 804.858 804.867 804.871 804.873 804.868 804.863 804.877 804.869 804.879 804.87 804.869 804.876 804.852 804.857 804.857 804.842 804.892 
805.088 804.923 804.961 804.968 804.975 804.961 804.96 804.967 804.977 804.965 804.965 804.983 804.974 804.961 804.978 804.968 804.98 804.981 804.985 804.979 804.973 804.99 804.979 804.99 804.98 804.978 804.988 804.962 804.967 804.967 804.95 805.006 
805.212 805.034 805.074 805.082 805.09 805.076 805.073 805.081 805.091 805.078 805.078 805.097 805.087 805.075 805.09 805.082 805.096 805.095 805.099 805.093 805.085 805.105 805.091 805.104 805.092 805.091 805.103 805.075 805.08 805.079 805.058 805.122 
805.34 805.149 805.188 805.198 805.206 805.193 805.189 805.198 805.206 805.193 805.193 805.213 805.202 805.191 805.206 805.197 805.213 805.212 805.215 805.209 805.201 805.221 805.205 805.219 805.206 805.206 805.219 805.19 805.195 805.194 805.168 805.24 
805.47 805.265 805.305 805.316 805.325 805.313 805.307 805.317 805.323 805.31 805.312 805.331 805.319 805.309 805.323 805.315 805.332 805.331 805.333 805.328 805.319 805.34 805.323 805.336 805.321 805.324 805.337 805.309 805.313 805.311 805.28 805.36 
805.602 805.385 805.423 805.437 805.445 805.434 805.427 805.438 805.442 805.429 805.433 805.452 805.437 805.43 805.443 805.435 805.452 805.453 805.453 805.448 805.44 805.46 805.442 805.456 805.439 805.444 805.457 805.43 805.433 805.43 805.395 805.482 
805.737 805.506 805.543 805.559 805.567 805.558 805.55 805.561 805.564 805.551 805.556 805.574 805.558 805.552 805.566 805.557 805.573 805.577 805.575 805.571 805.563 805.582 805.563 805.577 805.56 805.565 805.579 805.553 805.554 805.551 805.511 805.607 
805.874 805.629 805.664 805.684 805.691 805.683 805.674 805.686 805.687 805.675 805.681 805.699 805.681 805.676 805.691 805.681 805.695 805.704 805.699 805.696 805.688 805.706 805.686 805.7 805.683 805.689 805.702 805.678 805.676 805.673 805.63 805.733 
806.013 805.754 805.788 805.811 805.818 805.809 805.801 805.813 805.813 805.801 805.809 805.825 805.806 805.802 805.817 805.806 805.82 805.832 805.825 805.823 805.815 805.831 805.81 805.824 805.808 805.814 805.826 805.805 805.8 805.798 805.752 805.86 
806.154 805.88 805.912 805.94 805.946 805.937 805.928 805.94 805.94 805.929 805.937 805.954 805.933 805.928 805.945 805.932 805.947 805.962 805.953 805.951 805.943 805.958 805.935 805.949 805.936 805.94 805.951 805.934 805.926 805.924 805.875 805.989 
806.298 806.007 806.04 806.07 806.077 806.067 806.058 806.069 806.07 806.059 806.068 806.083 806.062 806.056 806.073 806.059 806.077 806.093 806.083 806.082 806.072 806.086 806.062 806.076 806.066 806.069 806.078 806.063 806.053 806.051 806 806.119 
806.443 806.135 806.169 806.202 806.208 806.198 806.189 806.199 806.2 806.189 806.199 806.215 806.193 806.184 806.203 806.188 806.207 806.225 806.213 806.213 806.203 806.216 806.19 806.205 806.198 806.199 806.207 806.194 806.182 806.18 806.126 806.25 
806.589 806.265 806.301 806.334 806.341 806.331 806.321 806.33 806.333 806.322 806.332 806.347 806.325 806.314 806.334 806.319 806.339 806.359 806.345 806.346 806.335 806.348 806.321 806.335 806.331 806.33 806.337 806.325 806.312 806.31 806.253 806.381 
806.737 806.396 806.434 806.467 806.474 806.464 806.454 806.463 806.467 806.455 806.466 806.48 806.459 806.445 806.467 806.451 806.471 806.493 806.478 806.481 806.468 806.482 806.453 806.466 806.465 806.462 806.468 806.456 806.444 806.44 806.381 806.514 
806.886 806.527 806.57 806.6 806.608 806.599 806.587 806.597 806.603 806.59 806.6 806.615 806.592 806.578 806.602 806.586 806.603 806.628 806.612 806.616 806.602 806.617 806.587 806.599 806.599 806.595 806.601 806.588 806.576 806.572 806.51 806.649 
807.036 806.66 806.706 806.735 806.743 806.734 806.722 806.733 806.74 806.726 806.735 806.75 806.727 806.713 806.737 806.722 806.737 806.764 806.747 806.753 806.737 806.753 806.722 806.733 806.733 806.73 806.735 806.721 806.71 806.705 806.639 806.784 
807.187 806.793 806.843 806.869 806.88 806.87 806.857 806.87 806.877 806.863 806.872 806.887 806.864 806.849 806.873 806.86 806.871 806.901 806.883 806.89 806.873 806.89 806.859 806.868 806.868 806.865 806.87 806.855 806.844 806.838 806.769 806.922 
807.339 806.927 806.98 807.005 807.018 807.008 806.993 807.007 807.016 807.001 807.01 807.024 807.001 806.986 807.01 806.999 807.007 807.038 807.021 807.027 807.009 807.027 806.997 807.003 807.003 807.001 807.007 806.99 806.979 806.973 806.9 807.06 
807.493 807.061 807.117 807.141 807.157 807.146 807.131 807.146 807.154 807.14 807.148 807.163 807.14 807.125 807.148 807.138 807.144 807.176 807.159 807.165 807.146 807.165 807.135 807.139 807.139 807.138 807.144 807.126 807.115 807.108 807.032 807.2 
807.648 807.197 807.254 807.278 807.297 807.286 807.269 807.285 807.293 807.279 807.286 807.303 807.279 807.265 807.286 807.278 807.283 807.314 807.296 807.304 807.285 807.304 807.273 807.276 807.276 807.275 807.283 807.262 807.251 807.243 807.166 807.34 
807.803 807.333 807.391 807.416 807.436 807.427 807.409 807.425 807.433 807.419 807.425 807.444 807.419 807.406 807.426 807.419 807.423 807.452 807.434 807.443 807.424 807.443 807.412 807.414 807.414 807.413 807.422 807.399 807.389 807.378 807.3 807.481 
807.96 807.469 807.528 807.555 807.576 807.568 807.551 807.565 807.573 807.559 807.564 807.585 807.559 807.547 807.566 807.561 807.563 807.591 807.572 807.583 807.564 807.583 807.551 807.552 807.553 807.552 807.562 807.536 807.527 807.515 807.435 807.622 
808.117 807.607 807.666 807.694 807.717 807.71 807.693 807.706 807.714 807.7 807.704 807.728 807.699 807.69 807.705 807.703 807.705 807.73 807.71 807.724 807.704 807.724 807.691 807.691 807.692 807.693 807.703 807.674 807.667 807.652 807.571 807.764 
808.276 807.745 807.805 807.834 807.858 807.852 807.836 807.847 807.855 807.841 807.845 807.87 807.838 807.833 807.845 807.846 807.846 807.87 807.849 807.865 807.844 807.866 807.831 807.83 807.832 807.834 807.844 807.814 807.806 807.79 807.707 807.905 
808.434 807.883 807.944 807.974 807.999 807.994 807.979 807.989 807.996 807.983 807.987 808.012 807.978 807.977 807.985 807.989 807.989 808.01 807.988 808.006 807.985 808.009 807.971 807.97 807.972 807.975 807.985 807.954 807.946 807.928 807.843 808.048 
808.593 808.022 808.084 808.113 808.142 808.137 808.123 808.132 808.137 808.125 808.13 808.155 808.119 808.12 808.125 808.131 808.132 808.151 808.128 808.148 808.127 808.153 808.112 808.111 808.112 808.117 808.127 808.095 808.086 808.068 807.98 808.19 
808.753 808.161 808.225 808.253 808.285 808.28 808.267 808.275 808.278 808.268 808.274 808.298 808.261 808.264 808.266 808.274 808.275 808.292 808.268 808.29 808.269 808.297 808.254 808.251 808.252 808.26 808.268 808.235 808.225 808.208 808.117 808.332 
808.912 808.301 808.366 808.394 808.428 808.424 808.41 808.418 808.419 808.412 808.419 808.441 808.404 808.407 808.407 808.417 808.419 808.434 808.409 808.432 808.412 808.441 808.396 808.393 808.393 808.403 808.409 808.376 808.365 808.348 808.254 808.474 
809.072 808.441 808.508 808.536 808.57 808.569 808.553 808.562 808.559 808.556 808.563 808.585 808.549 808.55 808.549 808.561 808.563 808.576 808.55 808.574 808.554 808.584 808.538 808.535 808.533 808.546 808.551 808.516 808.504 808.487 808.392 808.617 
809.231 808.581 808.651 808.678 808.712 808.714 808.696 808.705 808.701 808.701 808.708 808.729 808.694 808.693 808.691 808.706 808.708 808.719 808.692 808.716 808.697 808.728 808.681 808.678 808.673 808.69 808.692 808.656 808.644 808.626 808.529 808.759 
809.391 808.721 808.794 808.821 808.853 808.859 808.838 808.85 808.843 808.845 808.853 808.873 808.838 808.836 808.834 808.852 808.852 808.862 808.834 808.859 808.84 808.871 808.824 808.822 808.814 808.835 808.834 808.796 808.784 808.764 808.667 808.901 
809.551 808.862 808.937 808.964 808.993 809.003 808.981 808.995 808.986 808.989 808.997 809.018 808.982 808.98 808.978 808.998 808.997 809.006 808.978 809.002 808.984 809.014 808.967 808.966 808.955 808.98 808.977 808.936 808.925 808.903 808.805 809.043 
809.712 809.002 809.079 809.107 809.135 809.148 809.125 809.14 809.13 809.134 809.142 809.162 809.125 809.124 809.122 809.144 809.142 809.15 809.122 809.146 809.128 809.157 809.111 809.11 809.096 809.125 809.12 809.077 809.067 809.043 808.944 809.186 
809.872 809.142 809.222 809.25 809.277 809.293 809.269 809.285 809.274 809.279 809.287 809.307 809.268 809.268 809.266 809.29 809.287 809.294 809.267 809.291 809.272 809.3 809.254 809.254 809.239 809.27 809.263 809.217 809.209 809.183 809.083 809.329 
810.034 809.282 809.366 809.393 809.421 809.437 809.414 809.43 809.419 809.423 809.432 809.451 809.411 809.413 809.41 809.436 809.432 809.439 809.412 809.435 809.417 809.442 809.398 809.398 809.383 809.415 809.406 809.359 809.352 809.325 809.222 809.473 
810.195 809.421 809.51 809.536 809.565 809.582 809.559 809.575 809.563 809.568 809.577 809.594 809.555 809.559 809.555 809.581 809.576 809.584 809.558 809.579 809.561 809.585 809.541 809.542 809.528 809.56 809.549 809.5 809.495 809.466 809.361 809.619 
810.358 809.561 809.654 809.679 809.71 809.726 809.704 809.719 809.707 809.712 809.722 809.737 809.699 809.704 809.7 809.727 809.719 809.73 809.705 809.724 809.705 809.728 809.685 809.687 809.674 809.704 809.692 809.642 809.638 809.609 809.5 809.764 
810.52 809.701 809.799 809.823 809.855 809.87 809.849 809.863 809.852 809.856 809.866 809.88 809.844 809.85 809.845 809.872 809.862 809.877 809.851 809.868 809.849 809.872 809.828 809.832 809.82 809.849 809.836 809.785 809.781 809.751 809.639 809.911 
810.684 809.842 809.943 809.967 810 810.014 809.994 810.008 809.996 810 810.01 810.023 809.99 809.995 809.99 810.016 810.006 810.024 809.997 810.013 809.993 810.015 809.971 809.976 809.965 809.994 809.98 809.929 809.923 809.894 809.777 810.057 
810.847 809.983 810.087 810.111 810.145 810.157 810.138 810.153 810.141 810.144 810.154 810.166 810.135 810.14 810.134 810.161 810.149 810.17 810.142 810.159 810.137 810.16 810.114 810.121 810.11 810.139 810.124 810.074 810.065 810.037 809.915 810.204 
811.011 810.124 810.232 810.254 810.289 810.301 810.283 810.299 810.287 810.289 810.298 810.309 810.281 810.284 810.279 810.306 810.293 810.316 810.288 810.304 810.281 810.304 810.258 810.267 810.255 810.284 810.268 810.218 810.208 810.18 810.053 810.35 
811.175 810.265 810.377 810.398 810.434 810.444 810.428 810.446 810.432 810.434 810.442 810.452 810.427 810.428 810.424 810.45 810.438 810.462 810.433 810.45 810.425 810.449 810.402 810.411 810.399 810.429 810.413 810.363 810.35 810.323 810.192 810.496 
811.338 810.405 810.522 810.541 810.579 810.589 810.573 810.591 810.578 810.579 810.587 810.595 810.573 810.572 810.569 810.595 810.583 810.608 810.578 810.595 810.569 810.594 810.545 810.556 810.543 810.574 810.557 810.508 810.492 810.465 810.33 810.641 
811.502 810.546 810.668 810.684 810.724 810.733 810.719 810.736 810.724 810.724 810.733 810.737 810.719 810.716 810.714 810.74 810.728 810.754 810.723 810.739 810.714 810.739 810.688 810.7 810.687 810.719 810.7 810.653 810.634 810.607 810.468 810.786 
811.664 810.686 810.812 810.827 810.868 810.878 810.865 810.881 810.871 810.868 810.878 810.88 810.865 810.86 810.86 810.883 810.874 810.899 810.868 810.883 810.859 810.884 810.831 810.843 810.83 810.864 810.844 810.797 810.776 810.749 810.605 810.931 
811.826 810.826 810.957 810.97 811.013 811.024 811.012 811.025 811.017 811.012 811.023 811.023 811.01 811.004 811.005 811.027 811.02 811.044 811.012 811.027 811.005 811.03 810.973 810.986 810.973 811.008 810.988 810.941 810.919 810.89 810.743 811.076 
811.988 810.966 811.101 811.114 811.158 811.17 811.158 811.17 811.164 811.156 811.168 811.167 811.156 811.148 811.15 811.17 811.165 811.189 811.157 811.171 811.15 811.175 811.116 811.13 811.115 811.152 811.132 811.084 811.062 811.032 810.881 811.221 
812.149 811.106 811.245 811.259 811.303 811.315 811.304 811.314 811.309 811.299 811.312 811.311 811.301 811.293 811.294 811.312 811.31 811.333 811.301 811.315 811.295 811.32 811.259 811.273 811.258 811.295 811.276 811.227 811.205 811.173 811.019 811.367 
812.31 811.246 811.388 811.403 811.447 811.461 811.448 811.458 811.454 811.442 811.455 811.455 811.445 811.437 811.438 811.454 811.455 811.477 811.445 811.459 811.439 811.465 811.402 811.417 811.401 811.438 811.419 811.369 811.349 811.314 811.157 811.512 
812.471 811.386 811.53 811.548 811.591 811.606 811.591 811.601 811.597 811.585 811.597 811.6 811.589 811.58 811.581 811.596 811.598 811.621 811.589 811.602 811.581 811.61 811.545 811.56 811.544 811.58 811.562 811.511 811.491 811.456 811.294 811.657 
812.632 811.526 811.671 811.692 811.735 811.751 811.733 811.743 811.74 811.728 811.739 811.744 811.733 811.723 811.725 811.737 811.742 811.765 811.731 811.746 811.723 811.754 811.687 811.703 811.688 811.722 811.704 811.652 811.633 811.597 811.431 811.801 
812.793 811.666 811.811 811.835 811.877 811.894 811.874 811.885 811.882 811.871 811.881 811.888 811.876 811.866 811.87 811.878 811.884 811.909 811.873 811.889 811.864 811.897 811.828 811.845 811.831 811.863 811.845 811.793 811.774 811.737 811.567 811.945 
812.953 811.805 811.949 811.977 812.02 812.037 812.014 812.025 812.023 812.013 812.023 812.03 812.018 812.007 812.013 812.018 812.026 812.054 812.013 812.032 812.005 812.04 811.969 811.986 811.973 812.004 811.985 811.933 811.914 811.877 811.703 812.089 
813.113 811.944 812.087 812.117 812.161 812.179 812.154 812.165 812.163 812.154 812.165 812.172 812.16 812.148 812.156 812.158 812.167 812.197 812.152 812.174 812.145 812.182 812.108 812.126 812.114 812.144 812.124 812.073 812.054 812.015 811.837 812.232 
813.271 812.082 812.225 812.257 812.301 812.32 812.293 812.305 812.302 812.294 812.306 812.314 812.301 812.288 812.298 812.298 812.308 812.339 812.291 812.314 812.285 812.322 812.246 812.265 812.253 812.282 812.263 812.212 812.192 812.153 811.971 812.374 
813.428 812.218 812.363 812.396 812.44 812.459 812.431 812.444 812.441 812.434 812.446 812.454 812.441 812.426 812.438 812.436 812.448 812.48 812.428 812.453 812.424 812.461 812.383 812.403 812.391 812.42 812.402 812.348 812.33 812.288 812.103 812.515 
813.583 812.354 812.502 812.533 812.577 812.598 812.569 812.582 812.579 812.573 812.584 812.592 812.579 812.564 812.576 812.572 812.586 812.619 812.564 812.591 812.563 812.599 812.518 812.54 812.527 812.556 812.539 812.484 812.467 812.422 812.235 812.655 
813.736 812.488 812.641 812.669 812.713 812.735 812.704 812.72 812.716 812.71 812.721 812.729 812.715 812.7 812.713 812.707 812.722 812.756 812.698 812.727 812.701 812.735 812.653 812.675 812.662 812.69 812.675 812.617 812.603 812.555 812.365 812.794 
813.888 812.621 812.778 812.803 812.847 812.871 812.838 812.856 812.852 812.847 812.855 812.862 812.85 812.834 812.847 812.84 812.856 812.892 812.832 812.862 812.838 812.869 812.786 812.809 812.796 812.823 812.81 812.749 812.737 812.687 812.494 812.932 
814.038 812.751 812.914 812.936 812.979 813.004 812.97 812.991 812.986 812.982 812.988 812.994 812.982 812.966 812.979 812.971 812.989 813.026 812.964 812.995 812.973 813.001 812.918 812.941 812.928 812.955 812.943 812.879 812.868 812.817 812.621 813.067 
814.186 812.879 813.048 813.067 813.109 813.136 813.1 813.124 813.119 813.114 813.12 813.124 813.113 813.096 813.109 813.1 813.12 813.158 813.095 813.126 813.106 813.131 813.049 813.072 813.06 813.084 813.074 813.007 812.998 812.945 812.746 813.2 
814.332 813.005 813.179 813.196 813.236 813.264 813.228 813.255 813.25 813.243 813.249 813.252 813.242 813.225 813.237 813.227 813.248 813.288 813.224 813.254 813.235 813.259 813.177 813.2 813.189 813.212 813.203 813.134 813.125 813.071 812.869 813.331 
814.476 813.128 813.307 813.322 813.362 813.391 813.355 813.383 813.377 813.369 813.378 813.379 813.369 813.351 813.362 813.352 813.374 813.416 813.351 813.381 813.362 813.384 813.303 813.326 813.317 813.337 813.329 813.258 813.249 813.195 812.989 813.459 
814.618 813.25 813.432 813.446 813.486 813.514 813.479 813.508 813.502 813.492 813.503 813.503 813.493 813.475 813.485 813.476 813.497 813.54 813.475 813.504 813.485 813.506 813.426 813.45 813.444 813.459 813.453 813.381 813.372 813.317 813.107 813.585 
814.756 813.369 813.555 813.568 813.608 813.635 813.601 813.629 813.623 813.612 813.626 813.625 813.614 813.597 813.605 813.597 813.618 813.662 813.596 813.625 813.605 813.625 813.547 813.571 813.568 813.579 813.574 813.501 813.491 813.437 813.223 813.709 
814.891 813.486 813.674 813.686 813.727 813.754 813.72 813.746 813.742 813.73 813.746 813.743 813.732 813.715 813.722 813.715 813.736 813.78 813.715 813.742 813.722 813.741 813.664 813.689 813.689 813.696 813.691 813.619 813.608 813.554 813.336 813.829 
815.021 813.601 813.791 813.802 813.843 813.871 813.835 813.861 813.857 813.845 813.862 813.858 813.847 813.83 813.836 813.83 813.852 813.895 813.83 813.857 813.835 813.854 813.779 813.804 813.807 813.811 813.806 813.733 813.722 813.668 813.446 813.947 
815.148 813.712 813.904 813.915 813.955 813.985 813.947 813.973 813.97 813.958 813.975 813.971 813.958 813.942 813.946 813.942 813.965 814.008 813.941 813.968 813.946 813.965 813.89 813.916 813.921 813.923 813.917 813.845 813.832 813.778 813.553 814.061 
815.272 813.82 814.013 814.025 814.064 814.096 814.056 814.082 814.079 814.068 814.084 814.08 814.067 814.05 814.053 814.051 814.074 814.117 814.048 814.076 814.053 814.072 813.998 814.024 814.031 814.032 814.025 813.953 813.938 813.884 813.657 814.171 
815.392 813.925 814.118 814.131 814.168 814.203 814.162 814.188 814.185 814.174 814.19 814.185 814.172 814.154 814.157 814.156 814.18 814.223 814.152 814.181 814.158 814.176 814.102 814.129 814.137 814.137 814.128 814.057 814.041 813.986 813.758 814.278 
815.509 814.026 814.22 814.234 814.269 814.308 814.266 814.29 814.288 814.276 814.293 814.287 814.273 814.256 814.258 814.258 814.282 814.325 814.252 814.283 814.259 814.277 814.203 814.231 814.238 814.239 814.227 814.157 814.141 814.085 813.854 814.381 
815.621 814.123 814.318 814.333 814.367 814.408 814.365 814.388 814.386 814.374 814.392 814.385 814.371 814.354 814.355 814.356 814.38 814.424 814.348 814.381 814.356 814.374 814.299 814.328 814.335 814.338 814.321 814.253 814.237 814.18 813.948 814.479 
815.73 814.217 814.412 814.429 814.461 814.504 814.46 814.482 814.481 814.469 814.486 814.479 814.464 814.448 814.449 814.45 814.474 814.518 814.441 814.476 814.449 814.467 814.392 814.422 814.428 814.432 814.412 814.346 814.328 814.272 814.037 814.573 
815.834 814.308 814.503 814.52 814.552 814.596 814.551 814.572 814.571 814.559 814.576 814.568 814.553 814.538 814.539 814.54 814.563 814.609 814.529 814.567 814.537 814.557 814.481 814.512 814.516 814.521 814.498 814.434 814.417 814.36 814.123 814.663 
815.933 814.394 814.59 814.607 814.639 814.684 814.637 814.657 814.658 814.646 814.662 814.654 814.637 814.624 814.625 814.625 814.648 814.694 814.613 814.654 814.62 814.642 814.567 814.598 814.6 814.606 814.581 814.517 814.501 814.445 814.204 814.748 
816.027 814.477 814.672 814.69 814.722 814.767 814.72 814.739 814.74 814.728 814.743 814.735 814.718 814.706 814.706 814.706 814.73 814.776 814.693 814.737 814.699 814.722 814.647 814.679 814.68 814.687 814.66 814.597 814.581 814.525 814.281 814.827 
816.115 814.556 814.751 814.768 814.8 814.846 814.798 814.817 814.817 814.806 814.82 814.812 814.794 814.783 814.784 814.784 814.806 814.852 814.768 814.815 814.773 814.798 814.723 814.756 814.756 814.762 814.736 814.672 814.657 814.6 814.353 814.901 
816.2 814.63 814.825 814.843 814.873 814.92 814.872 814.89 814.891 814.88 814.893 814.885 814.866 814.856 814.857 814.857 814.879 814.925 814.84 814.889 814.844 814.868 814.794 814.828 814.827 814.833 814.808 814.743 814.728 814.67 814.421 814.971 
816.279 814.699 814.895 814.913 814.942 814.99 814.942 814.959 814.96 814.949 814.962 814.953 814.935 814.925 814.925 814.925 814.947 814.993 814.908 814.957 814.91 814.934 814.861 814.896 814.895 814.899 814.876 814.81 814.795 814.736 814.485 815.036 
816.353 814.764 814.961 814.978 815.007 815.055 815.007 815.024 815.025 815.014 815.027 815.017 814.999 814.989 814.988 814.99 815.01 815.057 814.971 815.02 814.971 814.996 814.923 814.96 814.958 814.961 814.94 814.873 814.857 814.797 814.544 815.098 
816.423 814.825 815.022 815.039 815.067 815.116 815.067 815.084 815.086 815.074 815.088 815.078 815.06 815.048 815.047 815.049 815.069 815.116 815.031 815.079 815.029 815.054 814.98 815.019 815.017 815.019 814.999 814.931 814.914 814.854 814.599 815.155 
816.488 814.881 815.08 815.096 815.123 815.172 815.123 815.14 815.143 815.13 815.145 815.134 815.116 815.103 815.102 815.105 815.123 815.171 815.085 815.133 815.083 815.108 815.033 815.073 815.073 815.073 815.054 814.985 814.967 814.907 814.651 815.208 
816.548 814.933 815.134 815.148 815.175 815.224 815.175 815.191 815.196 815.182 815.198 815.186 815.168 815.154 815.152 815.155 815.173 815.221 815.136 815.183 815.133 815.158 815.081 815.124 815.124 815.122 815.104 815.034 815.015 814.955 814.699 815.257 
816.603 814.982 815.184 815.196 815.223 815.272 815.223 815.239 815.245 815.23 815.246 815.234 815.216 815.2 815.199 815.202 815.219 815.267 815.183 815.229 815.178 815.204 815.126 815.169 815.171 815.167 815.149 815.079 815.059 814.999 814.743 815.301 
816.654 815.026 815.23 815.24 815.268 815.317 815.266 815.282 815.289 815.275 815.291 815.277 815.259 815.243 815.242 815.244 815.261 815.309 815.225 815.271 815.22 815.246 815.168 815.211 815.214 815.207 815.191 815.121 815.1 815.04 814.783 815.342 
816.7 815.068 815.272 815.281 815.309 815.358 815.307 815.322 815.33 815.315 815.332 815.317 815.299 815.282 815.283 815.283 815.301 815.347 815.264 815.31 815.258 815.285 815.206 815.249 815.253 815.245 815.229 815.16 815.138 815.077 814.821 815.378 
816.744 815.106 815.31 815.319 815.347 815.395 815.344 815.359 815.368 815.353 815.369 815.354 815.336 815.317 815.32 815.319 815.337 815.383 815.301 815.346 815.294 815.32 815.242 815.284 815.289 815.279 815.264 815.196 815.174 815.112 814.855 815.412 
816.786 815.143 815.347 815.355 815.383 815.43 815.379 815.393 815.403 815.388 815.404 815.388 815.37 815.351 815.356 815.353 815.372 815.416 815.334 815.379 815.327 815.354 815.275 815.316 815.323 815.31 815.296 815.231 815.207 815.144 814.886 815.443 
816.825 815.176 815.38 815.389 815.416 815.463 815.412 815.425 815.435 815.421 815.436 815.42 815.402 815.381 815.389 815.384 815.405 815.447 815.365 815.41 815.357 815.385 815.305 815.347 815.354 815.34 815.325 815.263 815.238 815.174 814.914 815.472 
