0 0 0 0 0 0 0 0 0 0 0 0 0 0 0 0 0 0 0 0 0 0 0 0 0 0 0 0 0 0 0 0 
-0.00163869 -0.00415137 -0.00417388 -0.00416325 -0.004162 -0.004162 -0.00415137 -0.004162 -0.00416325 -0.004162 -0.00417388 -0.00415137 -0.00416325 -0.00415137 -0.004162 -0.00417388 -0.00416325 -0.00415137 -0.004162 -0.004162 -0.00417388 -0.00416325 -0.00415137 -0.004162 -0.004162 -0.004162 -0.00416325 -0.00417388 -0.00416325 -0.004162 -0.004162 -0.00168878 
-0.00317773 -0.00806267 -0.00810768 -0.00808643 -0.00808392 -0.00808392 -0.00806267 -0.00808392 -0.00808643 -0.00808392 -0.00810768 -0.00806267 -0.00808643 -0.00806267 -0.00808392 -0.00810768 -0.00808643 -0.00806267 -0.00808392 -0.00808393 -0.00810768 -0.00808643 -0.00806267 -0.00808392 -0.00808392 -0.00808392 -0.00808642 -0.00810768 -0.00808642 -0.00808392 -0.00808392 -0.00328592 
-0.00471494 -0.0119722 -0.0120398 -0.0120079 -0.0120041 -0.0120041 -0.0119722 -0.0120041 -0.0120079 -0.0120041 -0.0120398 -0.0119722 -0.0120079 -0.0119722 -0.0120041 -0.0120398 -0.0120079 -0.0119722 -0.0120041 -0.0120041 -0.0120398 -0.0120079 -0.0119722 -0.0120041 -0.0120041 -0.0120041 -0.0120079 -0.0120397 -0.0120079 -0.0120041 -0.0120041 -0.00488353 
-0.00625301 -0.0158804 -0.0159704 -0.0159279 -0.0159229 -0.0159229 -0.0158804 -0.0159229 -0.0159279 -0.0159229 -0.0159704 -0.0158804 -0.0159279 -0.0158804 -0.0159229 -0.0159704 -0.0159279 -0.0158804 -0.0159229 -0.0159229 -0.0159704 -0.0159279 -0.0158804 -0.0159229 -0.0159229 -0.0159229 -0.0159279 -0.0159704 -0.0159279 -0.0159229 -0.0159229 -0.00647914 
-0.00779077 -0.019789 -0.0199015 -0.0198484 -0.0198421 -0.0198421 -0.019789 -0.0198421 -0.0198484 -0.0198421 -0.0199016 -0.019789 -0.0198484 -0.019789 -0.0198421 -0.0199015 -0.0198484 -0.019789 -0.0198421 -0.0198421 -0.0199015 -0.0198484 -0.019789 -0.0198421 -0.0198421 -0.0198421 -0.0198484 -0.0199015 -0.0198484 -0.0198421 -0.0198421 -0.00807544 
-0.00932857 -0.0236981 -0.0238332 -0.0237694 -0.0237619 -0.0237619 -0.0236981 -0.0237619 -0.0237694 -0.0237619 -0.0238332 -0.0236981 -0.0237694 -0.0236981 -0.0237619 -0.0238332 -0.0237694 -0.0236981 -0.0237619 -0.0237619 -0.0238332 -0.0237694 -0.0236981 -0.0237619 -0.0237619 -0.0237619 -0.0237694 -0.0238331 -0.0237694 -0.0237619 -0.0237618 -0.00967209 
-0.0108666 -0.0276068 -0.0277643 -0.0276899 -0.0276812 -0.0276812 -0.0276068 -0.0276811 -0.02769 -0.0276812 -0.0277644 -0.0276068 -0.0276899 -0.0276068 -0.0276812 -0.0277643 -0.0276899 -0.0276068 -0.0276811 -0.0276812 -0.0277643 -0.0276899 -0.0276068 -0.0276811 -0.0276812 -0.0276811 -0.0276899 -0.0277643 -0.0276899 -0.0276811 -0.0276811 -0.0112682 
-0.0124048 -0.0315159 -0.031696 -0.031611 -0.031601 -0.031601 -0.031516 -0.0316009 -0.031611 -0.031601 -0.0316961 -0.0315159 -0.031611 -0.031516 -0.031601 -0.031696 -0.031611 -0.0315159 -0.0316009 -0.031601 -0.031696 -0.031611 -0.0315159 -0.0316009 -0.031601 -0.031601 -0.031611 -0.0316959 -0.0316109 -0.0316009 -0.0316008 -0.0128645 
-0.0139437 -0.0354249 -0.0356275 -0.0355318 -0.0355205 -0.0355205 -0.0354249 -0.0355205 -0.0355318 -0.0355205 -0.0356275 -0.0354249 -0.0355318 -0.0354249 -0.0355205 -0.0356275 -0.0355318 -0.0354249 -0.0355205 -0.0355206 -0.0356275 -0.0355318 -0.0354249 -0.0355205 -0.0355205 -0.0355205 -0.0355318 -0.0356274 -0.0355317 -0.0355205 -0.0355204 -0.0144599 
-0.015482 -0.0393333 -0.0395585 -0.0394521 -0.0394396 -0.0394396 -0.0393334 -0.0394396 -0.0394522 -0.0394396 -0.0395585 -0.0393334 -0.0394522 -0.0393334 -0.0394397 -0.0395585 -0.0394521 -0.0393334 -0.0394396 -0.0394397 -0.0395585 -0.0394522 -0.0393333 -0.0394396 -0.0394396 -0.0394396 -0.0394521 -0.0395583 -0.0394521 -0.0394396 -0.0394395 -0.0160555 
-0.0170214 -0.0432428 -0.0434904 -0.0433735 -0.0433597 -0.0433597 -0.0432428 -0.0433596 -0.0433735 -0.0433597 -0.0434905 -0.0432428 -0.0433735 -0.0432429 -0.0433597 -0.0434904 -0.0433734 -0.0432428 -0.0433596 -0.0433598 -0.0434904 -0.0433735 -0.0432428 -0.0433597 -0.0433597 -0.0433597 -0.0433734 -0.0434903 -0.0433734 -0.0433596 -0.0433595 -0.0176509 
-0.0185603 -0.0471534 -0.0474236 -0.047296 -0.047281 -0.047281 -0.0471534 -0.0472809 -0.0472961 -0.047281 -0.0474237 -0.0471534 -0.047296 -0.0471535 -0.047281 -0.0474236 -0.047296 -0.0471535 -0.0472809 -0.047281 -0.0474236 -0.047296 -0.0471534 -0.047281 -0.0472809 -0.0472809 -0.0472959 -0.0474234 -0.0472959 -0.0472809 -0.0472807 -0.0192477 
-0.0200999 -0.051064 -0.0513567 -0.0512185 -0.0512022 -0.0512022 -0.051064 -0.0512021 -0.0512186 -0.0512022 -0.0513568 -0.051064 -0.0512185 -0.0510641 -0.0512022 -0.0513567 -0.0512184 -0.0510641 -0.0512021 -0.0512023 -0.0513567 -0.0512185 -0.051064 -0.0512022 -0.0512021 -0.0512021 -0.0512184 -0.0513565 -0.0512184 -0.0512021 -0.0512019 -0.0208437 
-0.021639 -0.0549743 -0.0552895 -0.0551406 -0.0551231 -0.0551231 -0.0549743 -0.055123 -0.0551408 -0.0551231 -0.0552896 -0.0549743 -0.0551407 -0.0549744 -0.0551232 -0.0552895 -0.0551406 -0.0549744 -0.055123 -0.0551232 -0.0552896 -0.0551407 -0.0549743 -0.0551232 -0.0551231 -0.0551231 -0.0551406 -0.0552894 -0.0551405 -0.055123 -0.0551228 -0.0224401 
-0.0231775 -0.0588849 -0.0592227 -0.0590632 -0.0590444 -0.0590445 -0.058885 -0.0590444 -0.0590633 -0.0590445 -0.0592228 -0.058885 -0.0590633 -0.0588851 -0.0590445 -0.0592227 -0.0590632 -0.0588851 -0.0590444 -0.0590445 -0.0592228 -0.0590632 -0.058885 -0.0590445 -0.0590444 -0.0590444 -0.0590632 -0.0592226 -0.0590631 -0.0590443 -0.0590441 -0.0240373 
-0.0247163 -0.0627953 -0.0631555 -0.0629855 -0.0629654 -0.0629655 -0.0627954 -0.0629654 -0.0629856 -0.0629655 -0.0631557 -0.0627954 -0.0629856 -0.0627954 -0.0629655 -0.0631556 -0.0629854 -0.0627955 -0.0629654 -0.0629656 -0.0631557 -0.0629855 -0.0627953 -0.0629655 -0.0629654 -0.0629654 -0.0629854 -0.0631555 -0.0629853 -0.0629653 -0.0629651 -0.0256341 
-0.0262558 -0.0667071 -0.0670899 -0.0669093 -0.0668879 -0.066888 -0.0667072 -0.0668878 -0.0669094 -0.066888 -0.0670901 -0.0667073 -0.0669094 -0.0667073 -0.066888 -0.06709 -0.0669092 -0.0667074 -0.0668879 -0.0668881 -0.0670901 -0.0669093 -0.0667072 -0.0668881 -0.0668879 -0.0668879 -0.0669092 -0.06709 -0.0669091 -0.0668878 -0.0668875 -0.0272313 
-0.0277949 -0.070618 -0.0710233 -0.0708321 -0.0708095 -0.0708095 -0.0706182 -0.0708094 -0.0708322 -0.0708096 -0.0710236 -0.0706182 -0.0708322 -0.0706182 -0.0708096 -0.0710235 -0.070832 -0.0706183 -0.0708094 -0.0708097 -0.0710236 -0.0708321 -0.0706181 -0.0708096 -0.0708095 -0.0708095 -0.070832 -0.0710234 -0.0708319 -0.0708093 -0.0708091 -0.0288281 
-0.0293345 -0.0745316 -0.0749595 -0.0747576 -0.0747338 -0.0747338 -0.0745319 -0.0747337 -0.0747578 -0.0747339 -0.0749597 -0.0745318 -0.0747578 -0.0745319 -0.0747339 -0.0749596 -0.0747575 -0.074532 -0.0747337 -0.074734 -0.0749598 -0.0747576 -0.0745318 -0.0747339 -0.0747338 -0.0747338 -0.0747575 -0.0749597 -0.0747574 -0.0747336 -0.0747333 -0.0304266 
-0.0308738 -0.0784436 -0.078894 -0.0786815 -0.0786564 -0.0786565 -0.0784439 -0.0786563 -0.0786817 -0.0786566 -0.0788943 -0.0784438 -0.0786817 -0.0784439 -0.0786565 -0.0788942 -0.0786814 -0.078444 -0.0786564 -0.0786567 -0.0788944 -0.0786815 -0.0784438 -0.0786566 -0.0786565 -0.0786564 -0.0786814 -0.0788942 -0.0786813 -0.0786562 -0.0786559 -0.0320241 
-0.0324137 -0.0823554 -0.0828283 -0.0826052 -0.0825789 -0.0825789 -0.0823557 -0.0825787 -0.0826054 -0.082579 -0.0828286 -0.0823556 -0.0826054 -0.0823557 -0.0825789 -0.0828285 -0.0826051 -0.0823558 -0.0825788 -0.0825791 -0.0828288 -0.0826052 -0.0823556 -0.0825791 -0.082579 -0.0825788 -0.0826052 -0.0828286 -0.082605 -0.0825787 -0.0825783 -0.0336209 
-0.0339534 -0.0862685 -0.0867639 -0.0865303 -0.0865027 -0.0865027 -0.0862689 -0.0865025 -0.0865305 -0.0865028 -0.0867643 -0.0862688 -0.0865304 -0.0862689 -0.0865027 -0.0867642 -0.0865302 -0.0862689 -0.0865026 -0.0865029 -0.0867645 -0.0865303 -0.0862688 -0.0865029 -0.0865027 -0.0865026 -0.0865302 -0.0867643 -0.08653 -0.0865024 -0.086502 -0.0352189 
-0.0354937 -0.0901826 -0.0907006 -0.0904563 -0.0904275 -0.0904275 -0.0901831 -0.0904273 -0.0904565 -0.0904276 -0.090701 -0.0901829 -0.0904565 -0.0901831 -0.0904275 -0.0907009 -0.0904562 -0.0901831 -0.0904274 -0.0904278 -0.0907012 -0.0904564 -0.090183 -0.0904277 -0.0904276 -0.0904274 -0.0904563 -0.090701 -0.090456 -0.0904272 -0.0904268 -0.0368172 
-0.0370345 -0.0940966 -0.0946372 -0.0943823 -0.0943522 -0.0943521 -0.0940971 -0.0943519 -0.0943825 -0.0943523 -0.0946377 -0.094097 -0.0943824 -0.0940971 -0.0943521 -0.0946375 -0.0943822 -0.0940972 -0.0943521 -0.0943525 -0.0946378 -0.0943823 -0.0940971 -0.0943524 -0.0943523 -0.0943521 -0.0943822 -0.0946377 -0.094382 -0.0943519 -0.0943514 -0.0384148 
-0.0385751 -0.0980105 -0.0985736 -0.0983081 -0.0982768 -0.0982767 -0.0980111 -0.0982765 -0.0983084 -0.0982769 -0.0985742 -0.098011 -0.0983083 -0.0980111 -0.0982767 -0.0985741 -0.0983081 -0.0980112 -0.0982767 -0.0982771 -0.0985744 -0.0983082 -0.0980111 -0.0982771 -0.0982769 -0.0982768 -0.0983081 -0.0985742 -0.0983078 -0.0982765 -0.098276 -0.0400126 
-0.0401148 -0.101923 -0.102509 -0.102233 -0.1022 -0.1022 -0.101924 -0.1022 -0.102233 -0.1022 -0.10251 -0.101924 -0.102233 -0.101924 -0.1022 -0.102509 -0.102233 -0.101924 -0.1022 -0.102201 -0.10251 -0.102233 -0.101924 -0.102201 -0.1022 -0.1022 -0.102233 -0.10251 -0.102233 -0.1022 -0.102199 -0.0416105 
-0.0416557 -0.105837 -0.106445 -0.106159 -0.106125 -0.106125 -0.105838 -0.106125 -0.106159 -0.106125 -0.106446 -0.105838 -0.106159 -0.105838 -0.106125 -0.106446 -0.106159 -0.105838 -0.106125 -0.106125 -0.106446 -0.106159 -0.105838 -0.106125 -0.106125 -0.106125 -0.106159 -0.106446 -0.106159 -0.106125 -0.106124 -0.0432081 
-0.0431969 -0.109752 -0.110383 -0.110086 -0.110051 -0.110051 -0.109753 -0.110051 -0.110086 -0.110051 -0.110384 -0.109753 -0.110086 -0.109753 -0.110051 -0.110384 -0.110086 -0.109753 -0.110051 -0.110051 -0.110384 -0.110086 -0.109753 -0.110051 -0.110051 -0.110051 -0.110086 -0.110384 -0.110086 -0.110051 -0.11005 -0.0448063 
-0.0447383 -0.113666 -0.114319 -0.114012 -0.113975 -0.113975 -0.113667 -0.113975 -0.114012 -0.113976 -0.11432 -0.113667 -0.114012 -0.113667 -0.113975 -0.11432 -0.114012 -0.113667 -0.113975 -0.113976 -0.114321 -0.114012 -0.113667 -0.113976 -0.113975 -0.113975 -0.114012 -0.11432 -0.114011 -0.113975 -0.113974 -0.0464033 
-0.0462795 -0.117581 -0.118257 -0.117938 -0.117901 -0.117901 -0.117582 -0.117901 -0.117939 -0.117901 -0.118258 -0.117582 -0.117939 -0.117582 -0.117901 -0.118258 -0.117939 -0.117582 -0.117901 -0.117901 -0.118258 -0.117939 -0.117582 -0.117901 -0.117901 -0.117901 -0.117939 -0.118258 -0.117938 -0.117901 -0.1179 -0.0480013 
-0.0478201 -0.121496 -0.122194 -0.121865 -0.121826 -0.121826 -0.121497 -0.121826 -0.121865 -0.121826 -0.122195 -0.121496 -0.121865 -0.121497 -0.121826 -0.122195 -0.121865 -0.121497 -0.121826 -0.121827 -0.122195 -0.121865 -0.121497 -0.121827 -0.121826 -0.121826 -0.121865 -0.122195 -0.121865 -0.121826 -0.121825 -0.0495997 
-0.0493605 -0.125411 -0.126132 -0.125792 -0.125752 -0.125752 -0.125412 -0.125752 -0.125793 -0.125753 -0.126133 -0.125412 -0.125792 -0.125412 -0.125752 -0.126133 -0.125793 -0.125413 -0.125752 -0.125753 -0.126133 -0.125792 -0.125412 -0.125753 -0.125753 -0.125752 -0.125793 -0.126133 -0.125792 -0.125752 -0.125751 -0.051199 
-0.0509014 -0.129326 -0.130069 -0.129719 -0.129678 -0.129677 -0.129327 -0.129677 -0.129719 -0.129678 -0.13007 -0.129327 -0.129719 -0.129327 -0.129677 -0.13007 -0.129719 -0.129327 -0.129678 -0.129678 -0.130071 -0.129719 -0.129327 -0.129678 -0.129678 -0.129678 -0.129719 -0.130071 -0.129719 -0.129677 -0.129676 -0.0527971 
-0.0524422 -0.133241 -0.134007 -0.133646 -0.133604 -0.133603 -0.133242 -0.133603 -0.133647 -0.133604 -0.134008 -0.133242 -0.133646 -0.133242 -0.133603 -0.134008 -0.133647 -0.133243 -0.133604 -0.133604 -0.134009 -0.133646 -0.133242 -0.133604 -0.133604 -0.133604 -0.133647 -0.134009 -0.133646 -0.133603 -0.133602 -0.054396 
-0.0539851 -0.137157 -0.137946 -0.137574 -0.13753 -0.13753 -0.137158 -0.13753 -0.137575 -0.137531 -0.137947 -0.137158 -0.137575 -0.137159 -0.13753 -0.137947 -0.137575 -0.137159 -0.137531 -0.137531 -0.137948 -0.137575 -0.137159 -0.137531 -0.137531 -0.137531 -0.137575 -0.137947 -0.137574 -0.13753 -0.137529 -0.0559934 
-0.055526 -0.141073 -0.141884 -0.141502 -0.141457 -0.141456 -0.141074 -0.141457 -0.141502 -0.141457 -0.141885 -0.141074 -0.141502 -0.141074 -0.141456 -0.141885 -0.141502 -0.141075 -0.141457 -0.141457 -0.141886 -0.141502 -0.141074 -0.141457 -0.141457 -0.141457 -0.141502 -0.141886 -0.141501 -0.141456 -0.141455 -0.0575922 
-0.0570664 -0.144988 -0.145822 -0.145429 -0.145383 -0.145383 -0.14499 -0.145383 -0.14543 -0.145384 -0.145824 -0.14499 -0.14543 -0.14499 -0.145383 -0.145823 -0.14543 -0.144991 -0.145383 -0.145384 -0.145824 -0.14543 -0.14499 -0.145384 -0.145384 -0.145383 -0.14543 -0.145824 -0.145429 -0.145383 -0.145381 -0.0591918 
-0.058608 -0.148905 -0.149761 -0.149358 -0.14931 -0.14931 -0.148906 -0.14931 -0.149359 -0.149311 -0.149763 -0.148906 -0.149358 -0.148907 -0.14931 -0.149763 -0.149359 -0.148907 -0.149311 -0.149311 -0.149763 -0.149358 -0.148907 -0.149311 -0.149311 -0.149311 -0.149359 -0.149763 -0.149358 -0.14931 -0.149309 -0.0607909 
-0.0601497 -0.152821 -0.1537 -0.153286 -0.153237 -0.153237 -0.152823 -0.153237 -0.153287 -0.153238 -0.153702 -0.152823 -0.153286 -0.152823 -0.153237 -0.153702 -0.153287 -0.152824 -0.153238 -0.153238 -0.153702 -0.153286 -0.152823 -0.153238 -0.153238 -0.153238 -0.153287 -0.153702 -0.153286 -0.153237 -0.153235 -0.0623895 
-0.0616908 -0.156737 -0.157638 -0.157214 -0.157164 -0.157164 -0.156739 -0.157164 -0.157215 -0.157165 -0.157641 -0.156739 -0.157214 -0.156739 -0.157164 -0.15764 -0.157215 -0.15674 -0.157165 -0.157165 -0.157641 -0.157214 -0.156739 -0.157165 -0.157165 -0.157164 -0.157215 -0.157641 -0.157214 -0.157163 -0.157162 -0.0639884 
-0.0632331 -0.160654 -0.161578 -0.161143 -0.161092 -0.161092 -0.160656 -0.161092 -0.161144 -0.161093 -0.161581 -0.160656 -0.161144 -0.160657 -0.161092 -0.16158 -0.161144 -0.160657 -0.161093 -0.161093 -0.161581 -0.161144 -0.160656 -0.161093 -0.161093 -0.161093 -0.161144 -0.161581 -0.161143 -0.161092 -0.16109 -0.0655876 
-0.064775 -0.164572 -0.165519 -0.165073 -0.165021 -0.165021 -0.164574 -0.165021 -0.165074 -0.165022 -0.165522 -0.164574 -0.165074 -0.164575 -0.165021 -0.165521 -0.165074 -0.164575 -0.165022 -0.165022 -0.165522 -0.165074 -0.164575 -0.165022 -0.165022 -0.165021 -0.165074 -0.165521 -0.165073 -0.16502 -0.165019 -0.0671875 
-0.0663178 -0.168491 -0.169461 -0.169004 -0.16895 -0.16895 -0.168493 -0.168951 -0.169005 -0.168951 -0.169463 -0.168493 -0.169005 -0.168494 -0.168951 -0.169463 -0.169005 -0.168495 -0.168952 -0.168952 -0.169463 -0.169005 -0.168494 -0.168952 -0.168952 -0.168951 -0.169005 -0.169463 -0.169004 -0.16895 -0.168948 -0.0687873 
-0.0678608 -0.17241 -0.173402 -0.172935 -0.17288 -0.17288 -0.172412 -0.17288 -0.172936 -0.172881 -0.173405 -0.172412 -0.172936 -0.172413 -0.17288 -0.173404 -0.172936 -0.172413 -0.172881 -0.172881 -0.173405 -0.172936 -0.172413 -0.172881 -0.172881 -0.172881 -0.172936 -0.173404 -0.172935 -0.172879 -0.172878 -0.0703868 
-0.0694035 -0.176329 -0.177343 -0.176865 -0.176809 -0.176809 -0.176331 -0.17681 -0.176866 -0.17681 -0.177346 -0.176331 -0.176866 -0.176332 -0.17681 -0.177346 -0.176867 -0.176332 -0.176811 -0.176811 -0.177346 -0.176866 -0.176331 -0.176811 -0.176811 -0.17681 -0.176867 -0.177346 -0.176865 -0.176809 -0.176807 -0.0719863 
-0.0709456 -0.180246 -0.181283 -0.180795 -0.180738 -0.180737 -0.180249 -0.180738 -0.180796 -0.180739 -0.181286 -0.180249 -0.180796 -0.180249 -0.180738 -0.181286 -0.180797 -0.18025 -0.180739 -0.180739 -0.181287 -0.180796 -0.180249 -0.180739 -0.180739 -0.180739 -0.180797 -0.181286 -0.180795 -0.180737 -0.180735 -0.0735859 
-0.0724883 -0.184166 -0.185226 -0.184727 -0.184668 -0.184668 -0.184169 -0.184669 -0.184728 -0.184669 -0.185229 -0.184169 -0.184728 -0.18417 -0.184669 -0.185228 -0.184729 -0.18417 -0.18467 -0.18467 -0.185229 -0.184728 -0.184169 -0.18467 -0.18467 -0.184669 -0.184729 -0.185229 -0.184727 -0.184668 -0.184666 -0.0751864 
-0.0740317 -0.188087 -0.189169 -0.188659 -0.1886 -0.188599 -0.188089 -0.1886 -0.18866 -0.188601 -0.189172 -0.188089 -0.188661 -0.18809 -0.1886 -0.189172 -0.188661 -0.188091 -0.188601 -0.188601 -0.189172 -0.188661 -0.18809 -0.188601 -0.188601 -0.188601 -0.188661 -0.189172 -0.188659 -0.188599 -0.188597 -0.0767869 
-0.0755737 -0.192006 -0.193111 -0.19259 -0.19253 -0.192529 -0.192008 -0.19253 -0.192592 -0.192531 -0.193114 -0.192009 -0.192592 -0.19201 -0.19253 -0.193114 -0.192592 -0.19201 -0.192531 -0.192531 -0.193114 -0.192592 -0.192009 -0.192531 -0.192531 -0.19253 -0.192593 -0.193114 -0.192591 -0.192529 -0.192527 -0.0783876 
-0.0771164 -0.195926 -0.197053 -0.196522 -0.19646 -0.19646 -0.195928 -0.196461 -0.196524 -0.196462 -0.197057 -0.195929 -0.196524 -0.19593 -0.196461 -0.197056 -0.196525 -0.195931 -0.196462 -0.196462 -0.197057 -0.196524 -0.195929 -0.196462 -0.196462 -0.196461 -0.196525 -0.197057 -0.196523 -0.196459 -0.196458 -0.0799883 
-0.0786592 -0.199844 -0.200994 -0.200452 -0.200389 -0.200389 -0.199847 -0.20039 -0.200454 -0.20039 -0.200998 -0.199847 -0.200454 -0.199848 -0.20039 -0.200997 -0.200455 -0.199849 -0.200391 -0.200391 -0.200998 -0.200454 -0.199847 -0.200391 -0.200391 -0.20039 -0.200455 -0.200998 -0.200453 -0.200388 -0.200387 -0.0815875 
-0.0802022 -0.203765 -0.204938 -0.204385 -0.204321 -0.20432 -0.203768 -0.204321 -0.204387 -0.204322 -0.204941 -0.203768 -0.204387 -0.203769 -0.204322 -0.204941 -0.204388 -0.20377 -0.204323 -0.204323 -0.204942 -0.204387 -0.203769 -0.204323 -0.204322 -0.204322 -0.204388 -0.204941 -0.204386 -0.20432 -0.204318 -0.0831887 
-0.0817444 -0.207686 -0.208882 -0.208319 -0.208253 -0.208253 -0.207689 -0.208254 -0.208321 -0.208255 -0.208886 -0.20769 -0.208321 -0.207691 -0.208254 -0.208885 -0.208322 -0.207692 -0.208255 -0.208255 -0.208886 -0.208321 -0.20769 -0.208255 -0.208255 -0.208254 -0.208322 -0.208886 -0.208319 -0.208252 -0.20825 -0.0847912 
-0.0832876 -0.211607 -0.212825 -0.212251 -0.212184 -0.212184 -0.21161 -0.212185 -0.212253 -0.212186 -0.212829 -0.21161 -0.212253 -0.211611 -0.212185 -0.212829 -0.212254 -0.211613 -0.212186 -0.212186 -0.212829 -0.212253 -0.211611 -0.212186 -0.212186 -0.212186 -0.212254 -0.212829 -0.212252 -0.212183 -0.212181 -0.0863919 
-0.0848304 -0.215527 -0.216769 -0.216184 -0.216116 -0.216116 -0.215531 -0.216117 -0.216186 -0.216117 -0.216772 -0.215531 -0.216186 -0.215532 -0.216117 -0.216772 -0.216187 -0.215534 -0.216118 -0.216118 -0.216773 -0.216186 -0.215532 -0.216118 -0.216118 -0.216117 -0.216187 -0.216772 -0.216185 -0.216115 -0.216113 -0.0879932 
-0.0863734 -0.219449 -0.220713 -0.220118 -0.220048 -0.220048 -0.219452 -0.220049 -0.22012 -0.22005 -0.220717 -0.219453 -0.22012 -0.219454 -0.22005 -0.220717 -0.220121 -0.219456 -0.22005 -0.22005 -0.220717 -0.22012 -0.219454 -0.22005 -0.22005 -0.22005 -0.220121 -0.220717 -0.220118 -0.220047 -0.220045 -0.089595 
-0.0879166 -0.22337 -0.224657 -0.224051 -0.22398 -0.22398 -0.223374 -0.223981 -0.224053 -0.223982 -0.22466 -0.223374 -0.224053 -0.223375 -0.223982 -0.22466 -0.224054 -0.223377 -0.223982 -0.223982 -0.224661 -0.224053 -0.223375 -0.223982 -0.223982 -0.223982 -0.224054 -0.224661 -0.224052 -0.223979 -0.223977 -0.0911963 
-0.08946 -0.227292 -0.228601 -0.227985 -0.227913 -0.227913 -0.227296 -0.227914 -0.227987 -0.227914 -0.228605 -0.227296 -0.227987 -0.227297 -0.227914 -0.228605 -0.227988 -0.227299 -0.227915 -0.227915 -0.228606 -0.227987 -0.227297 -0.227915 -0.227915 -0.227914 -0.227988 -0.228605 -0.227985 -0.227911 -0.227909 -0.0927977 
-0.0910041 -0.231213 -0.232546 -0.231919 -0.231845 -0.231845 -0.231217 -0.231846 -0.231921 -0.231847 -0.232549 -0.231218 -0.231921 -0.231219 -0.231847 -0.232549 -0.231922 -0.231221 -0.231847 -0.231847 -0.23255 -0.231921 -0.231219 -0.231848 -0.231847 -0.231847 -0.231922 -0.232549 -0.231919 -0.231844 -0.231841 -0.0943984 
-0.0925478 -0.235134 -0.236489 -0.235852 -0.235777 -0.235777 -0.235139 -0.235778 -0.235854 -0.235779 -0.236493 -0.23514 -0.235854 -0.23514 -0.235779 -0.236493 -0.235855 -0.235142 -0.23578 -0.23578 -0.236494 -0.235854 -0.23514 -0.23578 -0.235779 -0.235779 -0.235855 -0.236493 -0.235852 -0.235776 -0.235773 -0.0959993 
-0.0940924 -0.239057 -0.240434 -0.239786 -0.23971 -0.23971 -0.239061 -0.239711 -0.239789 -0.239712 -0.240438 -0.239062 -0.239788 -0.239063 -0.239712 -0.240438 -0.239789 -0.239065 -0.239713 -0.239713 -0.240439 -0.239788 -0.239062 -0.239713 -0.239712 -0.239712 -0.239789 -0.240438 -0.239787 -0.239709 -0.239706 -0.0975999 
-0.0956367 -0.24298 -0.244381 -0.243722 -0.243644 -0.243644 -0.242985 -0.243646 -0.243724 -0.243646 -0.244385 -0.242986 -0.243724 -0.242986 -0.243646 -0.244385 -0.243725 -0.242989 -0.243647 -0.243647 -0.244385 -0.243724 -0.242986 -0.243647 -0.243646 -0.243646 -0.243725 -0.244385 -0.243722 -0.243643 -0.24364 -0.099202 
-0.0971816 -0.246904 -0.248327 -0.247657 -0.247579 -0.247578 -0.246908 -0.24758 -0.24766 -0.247581 -0.248331 -0.246909 -0.247659 -0.24691 -0.24758 -0.248331 -0.247661 -0.246912 -0.247581 -0.247581 -0.248332 -0.247659 -0.24691 -0.247582 -0.247581 -0.24758 -0.24766 -0.248331 -0.247658 -0.247577 -0.247574 -0.100803 
-0.0987261 -0.250827 -0.252273 -0.251592 -0.251513 -0.251512 -0.250831 -0.251514 -0.251595 -0.251515 -0.252277 -0.250833 -0.251595 -0.250833 -0.251514 -0.252277 -0.251596 -0.250836 -0.251516 -0.251516 -0.252278 -0.251595 -0.250833 -0.251516 -0.251515 -0.251514 -0.251596 -0.252277 -0.251593 -0.251511 -0.251508 -0.102405 
-0.10027 -0.25475 -0.256219 -0.255528 -0.255447 -0.255447 -0.254755 -0.255448 -0.255531 -0.25545 -0.256224 -0.254757 -0.255531 -0.254757 -0.255449 -0.256223 -0.255532 -0.25476 -0.25545 -0.25545 -0.256224 -0.255531 -0.254757 -0.25545 -0.255449 -0.255449 -0.255532 -0.256223 -0.255529 -0.255445 -0.255442 -0.104008 
-0.101814 -0.258674 -0.260165 -0.259463 -0.259381 -0.259381 -0.258679 -0.259382 -0.259467 -0.259384 -0.26017 -0.25868 -0.259466 -0.258681 -0.259383 -0.26017 -0.259467 -0.258683 -0.259384 -0.259384 -0.26017 -0.259466 -0.25868 -0.259384 -0.259383 -0.259383 -0.259467 -0.260169 -0.259464 -0.259379 -0.259376 -0.10561 
-0.103359 -0.262598 -0.264112 -0.2634 -0.263317 -0.263317 -0.262603 -0.263318 -0.263404 -0.26332 -0.264117 -0.262605 -0.263403 -0.262606 -0.263319 -0.264117 -0.263404 -0.262608 -0.26332 -0.26332 -0.264118 -0.263403 -0.262605 -0.26332 -0.263319 -0.263319 -0.263404 -0.264117 -0.263401 -0.263315 -0.263312 -0.107212 
-0.104903 -0.266522 -0.268059 -0.267336 -0.267252 -0.267251 -0.266527 -0.267253 -0.26734 -0.267255 -0.268064 -0.266529 -0.267339 -0.26653 -0.267254 -0.268064 -0.26734 -0.266533 -0.267255 -0.267255 -0.268064 -0.267339 -0.266529 -0.267254 -0.267254 -0.267253 -0.26734 -0.268063 -0.267337 -0.267249 -0.267246 -0.108815 
-0.106448 -0.270449 -0.272008 -0.271275 -0.271189 -0.271189 -0.270454 -0.27119 -0.271278 -0.271192 -0.272013 -0.270456 -0.271278 -0.270456 -0.271191 -0.272013 -0.271279 -0.270459 -0.271192 -0.271192 -0.272014 -0.271278 -0.270456 -0.271192 -0.271191 -0.271191 -0.271279 -0.272013 -0.271275 -0.271187 -0.271183 -0.110418 
-0.107993 -0.274374 -0.275955 -0.275212 -0.275125 -0.275124 -0.274379 -0.275126 -0.275215 -0.275128 -0.275961 -0.274381 -0.275215 -0.274381 -0.275127 -0.275961 -0.275216 -0.274385 -0.275128 -0.275128 -0.275962 -0.275215 -0.274381 -0.275128 -0.275127 -0.275127 -0.275216 -0.27596 -0.275212 -0.275122 -0.275119 -0.112021 
-0.109538 -0.278298 -0.279903 -0.279148 -0.27906 -0.27906 -0.278304 -0.279062 -0.279152 -0.279063 -0.279908 -0.278306 -0.279152 -0.278306 -0.279063 -0.279908 -0.279153 -0.278309 -0.279063 -0.279063 -0.279909 -0.279152 -0.278306 -0.279063 -0.279062 -0.279062 -0.279152 -0.279908 -0.279149 -0.279058 -0.279054 -0.113623 
-0.111083 -0.282224 -0.283851 -0.283086 -0.282997 -0.282997 -0.28223 -0.282998 -0.28309 -0.283 -0.283857 -0.282232 -0.28309 -0.282232 -0.282999 -0.283857 -0.283091 -0.282236 -0.283 -0.283 -0.283858 -0.28309 -0.282232 -0.283 -0.282999 -0.282999 -0.283091 -0.283856 -0.283087 -0.282994 -0.28299 -0.115227 
-0.112629 -0.286151 -0.287801 -0.287025 -0.286935 -0.286934 -0.286157 -0.286936 -0.28703 -0.286938 -0.287807 -0.286159 -0.287029 -0.28616 -0.286937 -0.287807 -0.28703 -0.286163 -0.286938 -0.286938 -0.287808 -0.287029 -0.286159 -0.286938 -0.286937 -0.286937 -0.28703 -0.287806 -0.287026 -0.286932 -0.286928 -0.11683 
-0.114175 -0.290078 -0.29175 -0.290964 -0.290872 -0.290872 -0.290084 -0.290874 -0.290968 -0.290876 -0.291756 -0.290086 -0.290968 -0.290087 -0.290875 -0.291756 -0.290969 -0.29009 -0.290876 -0.290876 -0.291757 -0.290968 -0.290086 -0.290876 -0.290874 -0.290875 -0.290968 -0.291756 -0.290965 -0.290869 -0.290865 -0.118433 
-0.115721 -0.294004 -0.295699 -0.294903 -0.29481 -0.294809 -0.29401 -0.294811 -0.294907 -0.294813 -0.295706 -0.294013 -0.294907 -0.294014 -0.294812 -0.295706 -0.294908 -0.294017 -0.294813 -0.294813 -0.295707 -0.294907 -0.294013 -0.294813 -0.294812 -0.294812 -0.294907 -0.295705 -0.294903 -0.294807 -0.294802 -0.120036 
-0.117265 -0.29793 -0.299648 -0.29884 -0.298746 -0.298746 -0.297936 -0.298747 -0.298845 -0.298749 -0.299654 -0.297939 -0.298844 -0.297939 -0.298748 -0.299654 -0.298845 -0.297942 -0.298749 -0.298749 -0.299655 -0.298844 -0.297939 -0.298749 -0.298748 -0.298748 -0.298845 -0.299653 -0.298841 -0.298743 -0.298738 -0.121639 
-0.118811 -0.301856 -0.303597 -0.302778 -0.302683 -0.302683 -0.301863 -0.302685 -0.302783 -0.302687 -0.303603 -0.301865 -0.302783 -0.301866 -0.302686 -0.303603 -0.302784 -0.301869 -0.302687 -0.302687 -0.303604 -0.302783 -0.301866 -0.302687 -0.302685 -0.302686 -0.302783 -0.303602 -0.302779 -0.30268 -0.302675 -0.123242 
-0.120358 -0.305784 -0.307547 -0.306718 -0.306622 -0.306621 -0.30579 -0.306623 -0.306723 -0.306625 -0.307554 -0.305793 -0.306722 -0.305794 -0.306624 -0.307554 -0.306723 -0.305797 -0.306625 -0.306625 -0.307555 -0.306722 -0.305793 -0.306625 -0.306624 -0.306624 -0.306723 -0.307552 -0.306719 -0.306618 -0.306613 -0.124845 
-0.121904 -0.30971 -0.311496 -0.310656 -0.310559 -0.310558 -0.309716 -0.31056 -0.310661 -0.310562 -0.311502 -0.309719 -0.31066 -0.30972 -0.310561 -0.311502 -0.310662 -0.309723 -0.310562 -0.310562 -0.311503 -0.310661 -0.309719 -0.310562 -0.310561 -0.310561 -0.310661 -0.311501 -0.310657 -0.310555 -0.31055 -0.126447 
-0.12345 -0.313637 -0.315445 -0.314595 -0.314496 -0.314496 -0.313644 -0.314498 -0.314601 -0.3145 -0.315452 -0.313646 -0.3146 -0.313647 -0.314499 -0.315452 -0.314601 -0.31365 -0.3145 -0.3145 -0.315453 -0.3146 -0.313647 -0.3145 -0.314498 -0.314499 -0.3146 -0.315451 -0.314596 -0.314493 -0.314487 -0.128051 
-0.124996 -0.317563 -0.319395 -0.318534 -0.318434 -0.318434 -0.31757 -0.318435 -0.318539 -0.318437 -0.319402 -0.317573 -0.318538 -0.317574 -0.318436 -0.319402 -0.318539 -0.317577 -0.318437 -0.318437 -0.319403 -0.318539 -0.317573 -0.318437 -0.318436 -0.318437 -0.318539 -0.3194 -0.318534 -0.31843 -0.318424 -0.129654 
-0.126541 -0.32149 -0.323344 -0.322473 -0.322372 -0.322372 -0.321498 -0.322373 -0.322479 -0.322376 -0.323352 -0.321501 -0.322478 -0.321501 -0.322374 -0.323352 -0.322479 -0.321504 -0.322376 -0.322375 -0.323353 -0.322478 -0.321501 -0.322375 -0.322374 -0.322375 -0.322478 -0.32335 -0.322473 -0.322368 -0.322362 -0.131258 
-0.128087 -0.325417 -0.327293 -0.326411 -0.326309 -0.326309 -0.325424 -0.32631 -0.326417 -0.326313 -0.327301 -0.325427 -0.326416 -0.325428 -0.326312 -0.327301 -0.326417 -0.325431 -0.326313 -0.326312 -0.327302 -0.326416 -0.325427 -0.326312 -0.326311 -0.326312 -0.326417 -0.327299 -0.326412 -0.326305 -0.326299 -0.132861 
-0.129632 -0.329343 -0.331243 -0.33035 -0.330247 -0.330247 -0.329351 -0.330248 -0.330356 -0.33025 -0.33125 -0.329354 -0.330355 -0.329355 -0.330249 -0.33125 -0.330356 -0.329358 -0.33025 -0.33025 -0.331252 -0.330355 -0.329354 -0.33025 -0.330249 -0.33025 -0.330356 -0.331249 -0.330351 -0.330243 -0.330236 -0.134464 
-0.13118 -0.333271 -0.335193 -0.33429 -0.334185 -0.334185 -0.333279 -0.334186 -0.334295 -0.334189 -0.335201 -0.333282 -0.334295 -0.333283 -0.334188 -0.335201 -0.334296 -0.333285 -0.334189 -0.334188 -0.335202 -0.334295 -0.333282 -0.334188 -0.334187 -0.334188 -0.334295 -0.335199 -0.33429 -0.334181 -0.334174 -0.136066 
-0.132725 -0.337197 -0.339142 -0.338228 -0.338122 -0.338122 -0.337205 -0.338123 -0.338234 -0.338126 -0.33915 -0.337208 -0.338233 -0.337209 -0.338125 -0.33915 -0.338235 -0.337212 -0.338126 -0.338126 -0.339151 -0.338233 -0.337209 -0.338126 -0.338124 -0.338125 -0.338234 -0.339148 -0.338229 -0.338118 -0.338111 -0.13767 
-0.13427 -0.341123 -0.343091 -0.342167 -0.34206 -0.34206 -0.341132 -0.34206 -0.342173 -0.342063 -0.3431 -0.341135 -0.342172 -0.341136 -0.342063 -0.343099 -0.342174 -0.341139 -0.342064 -0.342063 -0.343101 -0.342172 -0.341136 -0.342063 -0.342062 -0.342063 -0.342173 -0.343098 -0.342167 -0.342055 -0.342048 -0.139274 
-0.135816 -0.34505 -0.347041 -0.346106 -0.345998 -0.345998 -0.345059 -0.345998 -0.346112 -0.346001 -0.34705 -0.345063 -0.346111 -0.345064 -0.346001 -0.347049 -0.346113 -0.345066 -0.346002 -0.346001 -0.347051 -0.346111 -0.345063 -0.346002 -0.346 -0.346001 -0.346112 -0.347048 -0.346107 -0.345993 -0.345986 -0.140877 
-0.137362 -0.348977 -0.35099 -0.350044 -0.349935 -0.349935 -0.348986 -0.349936 -0.350051 -0.349939 -0.350999 -0.348989 -0.35005 -0.34899 -0.349938 -0.350998 -0.350052 -0.348993 -0.349939 -0.349938 -0.351 -0.35005 -0.34899 -0.349939 -0.349937 -0.349938 -0.35005 -0.350997 -0.350045 -0.34993 -0.349923 -0.14248 
-0.138908 -0.352903 -0.354939 -0.353982 -0.353872 -0.353871 -0.352912 -0.353872 -0.353989 -0.353875 -0.354948 -0.352915 -0.353988 -0.352916 -0.353875 -0.354947 -0.35399 -0.352919 -0.353876 -0.353875 -0.354949 -0.353988 -0.352916 -0.353876 -0.353874 -0.353875 -0.353988 -0.354946 -0.353983 -0.353867 -0.353859 -0.144083 
-0.140454 -0.35683 -0.358889 -0.357922 -0.35781 -0.35781 -0.356839 -0.35781 -0.357928 -0.357813 -0.358898 -0.356843 -0.357927 -0.356844 -0.357813 -0.358897 -0.35793 -0.356847 -0.357814 -0.357813 -0.358899 -0.357928 -0.356843 -0.357814 -0.357812 -0.357813 -0.357928 -0.358896 -0.357922 -0.357805 -0.357797 -0.145686 
-0.142 -0.360757 -0.362839 -0.361861 -0.361748 -0.361748 -0.360767 -0.361749 -0.361868 -0.361752 -0.362848 -0.360771 -0.361867 -0.360772 -0.361751 -0.362848 -0.361869 -0.360775 -0.361752 -0.361752 -0.362849 -0.361867 -0.360771 -0.361752 -0.36175 -0.361751 -0.361867 -0.362846 -0.361862 -0.361743 -0.361735 -0.14729 
-0.143546 -0.364685 -0.366789 -0.365801 -0.365687 -0.365687 -0.364695 -0.365688 -0.365808 -0.365691 -0.366799 -0.364699 -0.365807 -0.3647 -0.36569 -0.366798 -0.36581 -0.364703 -0.365691 -0.365691 -0.3668 -0.365808 -0.364699 -0.365691 -0.365689 -0.36569 -0.365808 -0.366797 -0.365802 -0.365682 -0.365673 -0.148893 
-0.145093 -0.368612 -0.37074 -0.369741 -0.369626 -0.369625 -0.368623 -0.369626 -0.369748 -0.369629 -0.370749 -0.368627 -0.369747 -0.368628 -0.369629 -0.370749 -0.369749 -0.368631 -0.36963 -0.369629 -0.370751 -0.369747 -0.368627 -0.36963 -0.369628 -0.369628 -0.369747 -0.370747 -0.369742 -0.36962 -0.369611 -0.150496 
-0.146639 -0.372539 -0.374689 -0.37368 -0.373563 -0.373563 -0.37255 -0.373564 -0.373687 -0.373567 -0.374699 -0.372554 -0.373686 -0.372555 -0.373567 -0.374699 -0.373689 -0.372558 -0.373568 -0.373567 -0.3747 -0.373687 -0.372554 -0.373568 -0.373566 -0.373566 -0.373687 -0.374697 -0.373681 -0.373558 -0.373549 -0.152099 
-0.148184 -0.376465 -0.378637 -0.377617 -0.3775 -0.377499 -0.376476 -0.3775 -0.377625 -0.377504 -0.378647 -0.37648 -0.377624 -0.376481 -0.377503 -0.378648 -0.377626 -0.376484 -0.377504 -0.377503 -0.378649 -0.377625 -0.37648 -0.377504 -0.377502 -0.377502 -0.377624 -0.378645 -0.377618 -0.377495 -0.377485 -0.153702 
-0.14973 -0.380393 -0.382588 -0.381557 -0.381439 -0.381438 -0.380404 -0.381439 -0.381564 -0.381442 -0.382598 -0.380407 -0.381563 -0.380409 -0.381442 -0.382598 -0.381566 -0.380412 -0.381443 -0.381442 -0.382599 -0.381564 -0.380408 -0.381443 -0.381441 -0.381441 -0.381564 -0.382595 -0.381558 -0.381433 -0.381423 -0.155306 
-0.151277 -0.38432 -0.386538 -0.385497 -0.385377 -0.385376 -0.384332 -0.385378 -0.385504 -0.385381 -0.386548 -0.384335 -0.385503 -0.384337 -0.385381 -0.386549 -0.385506 -0.38434 -0.385381 -0.385381 -0.38655 -0.385505 -0.384336 -0.385381 -0.385379 -0.385379 -0.385504 -0.386546 -0.385498 -0.385372 -0.385361 -0.156909 
-0.152822 -0.388248 -0.390489 -0.389437 -0.389316 -0.389315 -0.38826 -0.389316 -0.389444 -0.38932 -0.390499 -0.388263 -0.389443 -0.388265 -0.389319 -0.3905 -0.389446 -0.388268 -0.38932 -0.389319 -0.390501 -0.389445 -0.388264 -0.38932 -0.389318 -0.389318 -0.389444 -0.390497 -0.389438 -0.38931 -0.3893 -0.158514 
-0.154459 -0.392394 -0.394657 -0.393595 -0.393473 -0.393472 -0.392406 -0.393473 -0.393602 -0.393477 -0.394668 -0.39241 -0.393602 -0.392411 -0.393476 -0.394669 -0.393604 -0.392414 -0.393477 -0.393476 -0.39467 -0.393603 -0.39241 -0.393477 -0.393475 -0.393475 -0.393602 -0.394666 -0.393596 -0.393467 -0.393456 -0.160201 
