0 0 0 0 0 0 0 0 0 0 0 0 0 0 0 0 0 0 0 0 0 0 0 0 0 0 0 0 0 0 0 0 
6.16339e-06 -1.1862e-05 1.6928e-08 1.69279e-08 3.38549e-08 3.3855e-08 -1.1862e-05 -1.1862e-05 1.69276e-08 3.3855e-08 1.69277e-08 3.38553e-08 1.19128e-05 -1.1862e-05 3.38549e-08 1.19128e-05 1.69273e-08 -1.1862e-05 -1.1862e-05 3.38551e-08 1.19128e-05 1.19128e-05 -1.1862e-05 3.38548e-08 3.38547e-08 -1.1862e-05 1.69279e-08 1.19128e-05 1.19128e-05 3.3855e-08 3.38553e-08 6.00228e-06 
1.19863e-05 -2.37244e-05 3.38561e-08 3.38565e-08 6.77107e-08 6.7711e-08 -2.37244e-05 -2.37244e-05 3.38559e-08 6.77114e-08 3.38561e-08 6.77118e-08 2.38259e-05 -2.37244e-05 6.77113e-08 2.38259e-05 3.38556e-08 -2.37244e-05 -2.37244e-05 6.77117e-08 2.38259e-05 2.38259e-05 -2.37244e-05 6.7711e-08 6.77109e-08 -2.37244e-05 3.38563e-08 2.38259e-05 2.38259e-05 6.77111e-08 6.77112e-08 1.16447e-05 
1.78095e-05 -3.55872e-05 5.0785e-08 5.07853e-08 1.01568e-07 1.01569e-07 -3.55872e-05 -3.55872e-05 5.07848e-08 1.01569e-07 5.07848e-08 1.01569e-07 3.57395e-05 -3.55872e-05 1.01569e-07 3.57395e-05 5.07845e-08 -3.55872e-05 -3.55871e-05 1.0157e-07 3.57395e-05 3.57395e-05 -3.55872e-05 1.01568e-07 1.01568e-07 -3.55871e-05 5.07848e-08 3.57395e-05 3.57395e-05 1.01568e-07 1.01568e-07 1.72817e-05 
2.36272e-05 -4.74504e-05 6.77142e-08 6.77146e-08 1.35426e-07 1.35427e-07 -4.74504e-05 -4.74504e-05 6.77142e-08 1.35427e-07 6.77144e-08 1.35428e-07 4.76535e-05 -4.74504e-05 1.35427e-07 4.76535e-05 6.77135e-08 -4.74504e-05 -4.74503e-05 1.35429e-07 4.76535e-05 4.76535e-05 -4.74504e-05 1.35427e-07 1.35427e-07 -4.74503e-05 6.77143e-08 4.76535e-05 4.76534e-05 1.35427e-07 1.35427e-07 2.29202e-05 
2.94468e-05 -5.9314e-05 8.46451e-08 8.46449e-08 1.69286e-07 1.69287e-07 -5.9314e-05 -5.9314e-05 8.46445e-08 1.69287e-07 8.46442e-08 1.69288e-07 5.9568e-05 -5.9314e-05 1.69287e-07 5.9568e-05 8.46439e-08 -5.9314e-05 -5.9314e-05 1.69289e-07 5.9568e-05 5.95679e-05 -5.9314e-05 1.69286e-07 1.69287e-07 -5.9314e-05 8.46443e-08 5.95679e-05 5.95679e-05 1.69286e-07 1.69286e-07 2.85581e-05 
3.52675e-05 -7.11782e-05 1.01576e-07 1.01576e-07 2.03148e-07 2.03148e-07 -7.11782e-05 -7.11781e-05 1.01575e-07 2.03148e-07 1.01575e-07 2.03149e-07 7.14829e-05 -7.11782e-05 2.03148e-07 7.14829e-05 1.01575e-07 -7.11781e-05 -7.11781e-05 2.0315e-07 7.14829e-05 7.14829e-05 -7.11781e-05 2.03148e-07 2.03148e-07 -7.11781e-05 1.01575e-07 7.14827e-05 7.14828e-05 2.03147e-07 2.03147e-07 3.41964e-05 
4.10866e-05 -8.30428e-05 1.18507e-07 1.18507e-07 2.3701e-07 2.37011e-07 -8.30428e-05 -8.30427e-05 1.18506e-07 2.3701e-07 1.18506e-07 2.37012e-07 8.33983e-05 -8.30428e-05 2.37011e-07 8.33984e-05 1.18506e-07 -8.30428e-05 -8.30427e-05 2.37013e-07 8.33983e-05 8.33983e-05 -8.30428e-05 2.3701e-07 2.37011e-07 -8.30427e-05 1.18506e-07 8.33981e-05 8.33982e-05 2.3701e-07 2.3701e-07 3.98349e-05 
4.69065e-05 -9.49079e-05 1.35439e-07 1.3544e-07 2.70874e-07 2.70875e-07 -9.4908e-05 -9.49078e-05 1.35438e-07 2.70875e-07 1.35439e-07 2.70876e-07 9.53143e-05 -9.4908e-05 2.70876e-07 9.53143e-05 1.35438e-07 -9.49079e-05 -9.49078e-05 2.70877e-07 9.53143e-05 9.53142e-05 -9.49079e-05 2.70874e-07 2.70875e-07 -9.49079e-05 1.35438e-07 9.5314e-05 9.53141e-05 2.70873e-07 2.70875e-07 4.54743e-05 
5.27242e-05 -0.000106774 1.52372e-07 1.52372e-07 3.0474e-07 3.04742e-07 -0.000106774 -0.000106774 1.52371e-07 3.04741e-07 1.52372e-07 3.04742e-07 0.000107231 -0.000106774 3.04742e-07 0.000107231 1.52372e-07 -0.000106774 -0.000106774 3.04743e-07 0.000107231 0.000107231 -0.000106774 3.0474e-07 3.04741e-07 -0.000106774 1.52371e-07 0.000107231 0.000107231 3.04739e-07 3.0474e-07 5.1115e-05 
5.85421e-05 -0.00011864 1.69306e-07 1.69306e-07 3.38607e-07 3.38609e-07 -0.00011864 -0.00011864 1.69305e-07 3.38608e-07 1.69305e-07 3.38609e-07 0.000119148 -0.00011864 3.38609e-07 0.000119148 1.69306e-07 -0.00011864 -0.00011864 3.3861e-07 0.000119148 0.000119148 -0.00011864 3.38607e-07 3.38608e-07 -0.00011864 1.69305e-07 0.000119148 0.000119148 3.38606e-07 3.38607e-07 5.67543e-05 
6.43601e-05 -0.000130507 1.86241e-07 1.86241e-07 3.72477e-07 3.72478e-07 -0.000130507 -0.000130507 1.8624e-07 3.72477e-07 1.8624e-07 3.72478e-07 0.000131066 -0.000130507 3.72478e-07 0.000131066 1.8624e-07 -0.000130507 -0.000130507 3.72479e-07 0.000131066 0.000131066 -0.000130507 3.72476e-07 3.72477e-07 -0.000130507 1.8624e-07 0.000131065 0.000131065 3.72475e-07 3.72476e-07 6.23964e-05 
7.01818e-05 -0.000142374 2.03176e-07 2.03177e-07 4.06347e-07 4.06349e-07 -0.000142374 -0.000142374 2.03175e-07 4.06347e-07 2.03176e-07 4.06349e-07 0.000142984 -0.000142375 4.06349e-07 0.000142984 2.03176e-07 -0.000142375 -0.000142374 4.06349e-07 0.000142984 0.000142984 -0.000142374 4.06347e-07 4.06348e-07 -0.000142374 2.03175e-07 0.000142984 0.000142984 4.06346e-07 4.06346e-07 6.80382e-05 
7.60018e-05 -0.000154242 2.20113e-07 2.20113e-07 4.4022e-07 4.40222e-07 -0.000154243 -0.000154242 2.20112e-07 4.4022e-07 2.20112e-07 4.40222e-07 0.000154903 -0.000154243 4.40222e-07 0.000154903 2.20112e-07 -0.000154243 -0.000154242 4.40222e-07 0.000154903 0.000154903 -0.000154242 4.4022e-07 4.40221e-07 -0.000154242 2.20112e-07 0.000154903 0.000154903 4.40219e-07 4.40219e-07 7.36815e-05 
8.18226e-05 -0.000166111 2.3705e-07 2.3705e-07 4.74095e-07 4.74096e-07 -0.000166111 -0.000166111 2.37049e-07 4.74095e-07 2.3705e-07 4.74097e-07 0.000166823 -0.000166112 4.74097e-07 0.000166823 2.37049e-07 -0.000166112 -0.000166111 4.74098e-07 0.000166823 0.000166823 -0.000166111 4.74095e-07 4.74096e-07 -0.000166111 2.37049e-07 0.000166822 0.000166822 4.74094e-07 4.74093e-07 7.93233e-05 
8.76456e-05 -0.000177981 2.53988e-07 2.53988e-07 5.07972e-07 5.07973e-07 -0.000177981 -0.000177981 2.53988e-07 5.07972e-07 2.53988e-07 5.07974e-07 0.000178743 -0.000177981 5.07973e-07 0.000178743 2.53988e-07 -0.000177981 -0.000177981 5.07975e-07 0.000178743 0.000178743 -0.000177981 5.07972e-07 5.07973e-07 -0.000177981 2.53987e-07 0.000178743 0.000178742 5.0797e-07 5.07969e-07 8.49641e-05 
9.34674e-05 -0.000189851 2.70927e-07 2.70928e-07 5.41851e-07 5.41851e-07 -0.000189851 -0.000189851 2.70927e-07 5.41851e-07 2.70928e-07 5.41852e-07 0.000190664 -0.000189851 5.41852e-07 0.000190664 2.70927e-07 -0.000189851 -0.000189851 5.41854e-07 0.000190664 0.000190664 -0.000189851 5.41851e-07 5.41851e-07 -0.000189851 2.70926e-07 0.000190664 0.000190663 5.41849e-07 5.41847e-07 9.06051e-05 
9.92909e-05 -0.000201722 2.87867e-07 2.87868e-07 5.75731e-07 5.75732e-07 -0.000201722 -0.000201722 2.87867e-07 5.75732e-07 2.87868e-07 5.75732e-07 0.000202586 -0.000201722 5.75733e-07 0.000202586 2.87868e-07 -0.000201722 -0.000201722 5.75735e-07 0.000202586 0.000202586 -0.000201722 5.75731e-07 5.75732e-07 -0.000201722 2.87867e-07 0.000202586 0.000202585 5.75729e-07 5.75727e-07 9.62488e-05 
0.000105113 -0.000213593 3.04808e-07 3.04809e-07 6.09614e-07 6.09614e-07 -0.000213594 -0.000213593 3.04809e-07 6.09615e-07 3.0481e-07 6.09615e-07 0.000214509 -0.000213594 6.09615e-07 0.000214508 3.04809e-07 -0.000213594 -0.000213593 6.09618e-07 0.000214509 0.000214508 -0.000213594 6.09614e-07 6.09614e-07 -0.000213594 3.04808e-07 0.000214508 0.000214508 6.09612e-07 6.09609e-07 0.000101891 
0.000110941 -0.000225466 3.21751e-07 3.21751e-07 6.43499e-07 6.43499e-07 -0.000225466 -0.000225466 3.21751e-07 6.435e-07 3.21752e-07 6.435e-07 0.000226432 -0.000225466 6.435e-07 0.000226432 3.21752e-07 -0.000225467 -0.000225466 6.43503e-07 0.000226432 0.000226431 -0.000225466 6.43499e-07 6.43499e-07 -0.000225466 3.2175e-07 0.000226432 0.000226431 6.43496e-07 6.43493e-07 0.000107536 
0.000116765 -0.000237339 3.38694e-07 3.38695e-07 6.77386e-07 6.77387e-07 -0.000237339 -0.000237339 3.38694e-07 6.77387e-07 3.38695e-07 6.77387e-07 0.000238356 -0.00023734 6.77387e-07 0.000238356 3.38695e-07 -0.00023734 -0.000237339 6.77391e-07 0.000238356 0.000238355 -0.000237339 6.77386e-07 6.77386e-07 -0.000237339 3.38694e-07 0.000238356 0.000238355 6.77382e-07 6.7738e-07 0.000113179 
0.000122588 -0.000249212 3.55639e-07 3.5564e-07 7.11276e-07 7.11276e-07 -0.000249213 -0.000249213 3.55639e-07 7.11277e-07 3.5564e-07 7.11276e-07 0.000250281 -0.000249214 7.11276e-07 0.00025028 3.5564e-07 -0.000249214 -0.000249213 7.1128e-07 0.000250281 0.00025028 -0.000249213 7.11275e-07 7.11275e-07 -0.000249213 3.55638e-07 0.00025028 0.000250279 7.11271e-07 7.11269e-07 0.000118823 
0.000128414 -0.000261087 3.72585e-07 3.72585e-07 7.45168e-07 7.45168e-07 -0.000261088 -0.000261087 3.72584e-07 7.45168e-07 3.72585e-07 7.45167e-07 0.000262206 -0.000261088 7.45167e-07 0.000262206 3.72586e-07 -0.000261088 -0.000261088 7.45171e-07 0.000262207 0.000262206 -0.000261088 7.45167e-07 7.45166e-07 -0.000261088 3.72584e-07 0.000262206 0.000262205 7.45163e-07 7.4516e-07 0.000124468 
0.000134242 -0.000272962 3.89531e-07 3.89532e-07 7.79061e-07 7.79061e-07 -0.000272964 -0.000272963 3.89531e-07 7.79061e-07 3.89532e-07 7.79061e-07 0.000274132 -0.000272964 7.79061e-07 0.000274132 3.89533e-07 -0.000272964 -0.000272963 7.79066e-07 0.000274133 0.000274132 -0.000272963 7.7906e-07 7.79061e-07 -0.000272963 3.89531e-07 0.000274133 0.000274131 7.79056e-07 7.79053e-07 0.000130115 
0.000140068 -0.000284838 4.06479e-07 4.0648e-07 8.12957e-07 8.12956e-07 -0.00028484 -0.000284839 4.06479e-07 8.12958e-07 4.0648e-07 8.12956e-07 0.00028606 -0.00028484 8.12957e-07 0.000286059 4.06481e-07 -0.00028484 -0.000284839 8.12962e-07 0.00028606 0.000286059 -0.00028484 8.12957e-07 8.12957e-07 -0.000284839 4.06479e-07 0.00028606 0.000286058 8.12951e-07 8.12948e-07 0.000135763 
0.000145894 -0.000296715 4.23428e-07 4.23429e-07 8.46854e-07 8.46854e-07 -0.000296717 -0.000296716 4.23428e-07 8.46856e-07 4.23429e-07 8.46854e-07 0.000297987 -0.000296717 8.46854e-07 0.000297987 4.2343e-07 -0.000296717 -0.000296716 8.4686e-07 0.000297988 0.000297987 -0.000296717 8.46855e-07 8.46855e-07 -0.000296717 4.23428e-07 0.000297988 0.000297986 8.4685e-07 8.46846e-07 0.00014141 
0.00015172 -0.000308593 4.40378e-07 4.40379e-07 8.80755e-07 8.80755e-07 -0.000308595 -0.000308594 4.40379e-07 8.80756e-07 4.4038e-07 8.80754e-07 0.000309916 -0.000308595 8.80755e-07 0.000309916 4.4038e-07 -0.000308595 -0.000308594 8.80761e-07 0.000309917 0.000309916 -0.000308595 8.80755e-07 8.80755e-07 -0.000308594 4.40379e-07 0.000309917 0.000309915 8.8075e-07 8.80746e-07 0.000147054 
0.000157545 -0.000320471 4.57329e-07 4.5733e-07 9.14657e-07 9.14657e-07 -0.000320474 -0.000320472 4.5733e-07 9.14659e-07 4.57331e-07 9.14657e-07 0.000321845 -0.000320474 9.14657e-07 0.000321846 4.57332e-07 -0.000320474 -0.000320473 9.14664e-07 0.000321847 0.000321845 -0.000320473 9.14658e-07 9.14657e-07 -0.000320473 4.57331e-07 0.000321846 0.000321844 9.14653e-07 9.14647e-07 0.000152702 
0.000163373 -0.000332351 4.74281e-07 4.74282e-07 9.48562e-07 9.48562e-07 -0.000332353 -0.000332352 4.74283e-07 9.48564e-07 4.74284e-07 9.48562e-07 0.000333776 -0.000332353 9.48562e-07 0.000333776 4.74285e-07 -0.000332354 -0.000332353 9.48569e-07 0.000333777 0.000333776 -0.000332353 9.48564e-07 9.48562e-07 -0.000332353 4.74284e-07 0.000333777 0.000333775 9.48558e-07 9.48552e-07 0.000158352 
0.000169197 -0.000344231 4.91235e-07 4.91236e-07 9.82469e-07 9.82469e-07 -0.000344233 -0.000344232 4.91237e-07 9.82472e-07 4.91238e-07 9.8247e-07 0.000345707 -0.000344234 9.82469e-07 0.000345707 4.91239e-07 -0.000344234 -0.000344233 9.82477e-07 0.000345709 0.000345707 -0.000344233 9.82471e-07 9.8247e-07 -0.000344233 4.91238e-07 0.000345708 0.000345706 9.82465e-07 9.82458e-07 0.000164001 
0.000175025 -0.000356112 5.08189e-07 5.08191e-07 1.01638e-06 1.01638e-06 -0.000356114 -0.000356113 5.08192e-07 1.01638e-06 5.08192e-07 1.01638e-06 0.000357639 -0.000356115 1.01638e-06 0.000357639 5.08194e-07 -0.000356115 -0.000356114 1.01639e-06 0.000357641 0.000357639 -0.000356115 1.01638e-06 1.01638e-06 -0.000356114 5.08193e-07 0.00035764 0.000357638 1.01637e-06 1.01637e-06 0.00016965 
0.000180853 -0.000367994 5.25145e-07 5.25147e-07 1.05029e-06 1.05029e-06 -0.000367996 -0.000367995 5.25148e-07 1.05029e-06 5.25148e-07 1.05029e-06 0.000369572 -0.000367997 1.05029e-06 0.000369572 5.25151e-07 -0.000367997 -0.000367996 1.0503e-06 0.000369574 0.000369571 -0.000367997 1.05029e-06 1.05029e-06 -0.000367996 5.25149e-07 0.000369573 0.00036957 1.05029e-06 1.05028e-06 0.000175297 
0.000186683 -0.000379876 5.42102e-07 5.42104e-07 1.0842e-06 1.0842e-06 -0.000379879 -0.000379878 5.42106e-07 1.08421e-06 5.42106e-07 1.08421e-06 0.000381505 -0.00037988 1.0842e-06 0.000381506 5.42108e-07 -0.00037988 -0.000379879 1.08421e-06 0.000381507 0.000381505 -0.000379879 1.08421e-06 1.08421e-06 -0.000379879 5.42106e-07 0.000381507 0.000381504 1.0842e-06 1.08419e-06 0.000180945 
0.000192511 -0.000391759 5.5906e-07 5.59062e-07 1.11812e-06 1.11812e-06 -0.000391763 -0.000391762 5.59064e-07 1.11813e-06 5.59065e-07 1.11812e-06 0.00039344 -0.000391763 1.11812e-06 0.00039344 5.59066e-07 -0.000391764 -0.000391763 1.11813e-06 0.000393442 0.00039344 -0.000391763 1.11813e-06 1.11812e-06 -0.000391763 5.59065e-07 0.000393441 0.000393438 1.11812e-06 1.11811e-06 0.000186593 
0.00019834 -0.000403644 5.7602e-07 5.76021e-07 1.15204e-06 1.15204e-06 -0.000403647 -0.000403646 5.76023e-07 1.15204e-06 5.76025e-07 1.15204e-06 0.000405375 -0.000403648 1.15204e-06 0.000405376 5.76026e-07 -0.000403649 -0.000403647 1.15205e-06 0.000405377 0.000405375 -0.000403647 1.15204e-06 1.15204e-06 -0.000403647 5.76024e-07 0.000405377 0.000405374 1.15204e-06 1.15203e-06 0.000192242 
0.000204167 -0.000415529 5.9298e-07 5.92981e-07 1.18596e-06 1.18596e-06 -0.000415532 -0.000415531 5.92984e-07 1.18597e-06 5.92986e-07 1.18596e-06 0.000417311 -0.000415533 1.18596e-06 0.000417312 5.92987e-07 -0.000415534 -0.000415532 1.18597e-06 0.000417314 0.000417311 -0.000415533 1.18597e-06 1.18596e-06 -0.000415532 5.92986e-07 0.000417313 0.00041731 1.18596e-06 1.18595e-06 0.000197896 
0.000209997 -0.000427414 6.09942e-07 6.09943e-07 1.21989e-06 1.21988e-06 -0.000427418 -0.000427417 6.09946e-07 1.21989e-06 6.09948e-07 1.21989e-06 0.000429248 -0.000427419 1.21988e-06 0.000429249 6.09949e-07 -0.00042742 -0.000427419 1.2199e-06 0.000429251 0.000429248 -0.000427419 1.21989e-06 1.21989e-06 -0.000427419 6.09948e-07 0.00042925 0.000429247 1.21988e-06 1.21987e-06 0.000203544 
0.000215828 -0.000439301 6.26904e-07 6.26906e-07 1.25381e-06 1.25381e-06 -0.000439305 -0.000439304 6.26909e-07 1.25382e-06 6.26911e-07 1.25381e-06 0.000441186 -0.000439306 1.25381e-06 0.000441187 6.26912e-07 -0.000439308 -0.000439306 1.25382e-06 0.000441189 0.000441186 -0.000439306 1.25382e-06 1.25382e-06 -0.000439306 6.26912e-07 0.000441188 0.000441184 1.25381e-06 1.2538e-06 0.000209192 
0.000221659 -0.000451188 6.43868e-07 6.43871e-07 1.28774e-06 1.28774e-06 -0.000451193 -0.000451192 6.43874e-07 1.28775e-06 6.43876e-07 1.28774e-06 0.000453125 -0.000451194 1.28774e-06 0.000453125 6.43876e-07 -0.000451195 -0.000451194 1.28775e-06 0.000453127 0.000453125 -0.000451194 1.28775e-06 1.28774e-06 -0.000451194 6.43877e-07 0.000453127 0.000453123 1.28773e-06 1.28772e-06 0.000214843 
0.000227489 -0.000463077 6.60833e-07 6.60837e-07 1.32167e-06 1.32167e-06 -0.000463082 -0.000463081 6.60839e-07 1.32168e-06 6.60842e-07 1.32167e-06 0.000465064 -0.000463083 1.32167e-06 0.000465065 6.60841e-07 -0.000463084 -0.000463083 1.32168e-06 0.000465067 0.000465064 -0.000463082 1.32168e-06 1.32168e-06 -0.000463082 6.60842e-07 0.000465066 0.000465063 1.32166e-06 1.32165e-06 0.000220494 
0.000233319 -0.000474966 6.77799e-07 6.77803e-07 1.35561e-06 1.3556e-06 -0.000474971 -0.00047497 6.77805e-07 1.35561e-06 6.77809e-07 1.35561e-06 0.000477005 -0.000474973 1.35561e-06 0.000477005 6.77808e-07 -0.000474974 -0.000474972 1.35562e-06 0.000477007 0.000477005 -0.000474972 1.35561e-06 1.35561e-06 -0.000474972 6.77809e-07 0.000477007 0.000477003 1.3556e-06 1.35559e-06 0.000226143 
0.000239151 -0.000486856 6.94767e-07 6.94771e-07 1.38954e-06 1.38954e-06 -0.000486861 -0.000486861 6.94773e-07 1.38955e-06 6.94777e-07 1.38954e-06 0.000488946 -0.000486863 1.38954e-06 0.000488947 6.94776e-07 -0.000486864 -0.000486863 1.38955e-06 0.000488949 0.000488946 -0.000486862 1.38955e-06 1.38955e-06 -0.000486862 6.94777e-07 0.000488948 0.000488944 1.38953e-06 1.38952e-06 0.000231796 
0.000244984 -0.000498746 7.11736e-07 7.11739e-07 1.42348e-06 1.42348e-06 -0.000498752 -0.000498752 7.11742e-07 1.42349e-06 7.11746e-07 1.42348e-06 0.000500888 -0.000498754 1.42348e-06 0.000500889 7.11745e-07 -0.000498756 -0.000498754 1.42349e-06 0.000500891 0.000500888 -0.000498753 1.42349e-06 1.42348e-06 -0.000498753 7.11746e-07 0.00050089 0.000500886 1.42347e-06 1.42346e-06 0.000237448 
0.000250818 -0.000510638 7.28707e-07 7.28709e-07 1.45742e-06 1.45742e-06 -0.000510644 -0.000510644 7.28713e-07 1.45743e-06 7.28716e-07 1.45742e-06 0.000512831 -0.000510646 1.45742e-06 0.000512832 7.28716e-07 -0.000510648 -0.000510646 1.45743e-06 0.000512834 0.000512831 -0.000510645 1.45743e-06 1.45743e-06 -0.000510645 7.28717e-07 0.000512833 0.000512828 1.45741e-06 1.4574e-06 0.000243103 
0.000256651 -0.00052253 7.45678e-07 7.45681e-07 1.49136e-06 1.49136e-06 -0.000522537 -0.000522536 7.45684e-07 1.49137e-06 7.45688e-07 1.49137e-06 0.000524775 -0.000522539 1.49136e-06 0.000524776 7.45687e-07 -0.000522541 -0.000522539 1.49138e-06 0.000524778 0.000524775 -0.000522538 1.49137e-06 1.49137e-06 -0.000522538 7.45689e-07 0.000524777 0.000524772 1.49135e-06 1.49134e-06 0.000248759 
0.000262484 -0.000534423 7.6265e-07 7.62653e-07 1.52531e-06 1.5253e-06 -0.00053443 -0.00053443 7.62656e-07 1.52531e-06 7.62661e-07 1.52531e-06 0.000536719 -0.000534433 1.52531e-06 0.00053672 7.6266e-07 -0.000534435 -0.000534433 1.52532e-06 0.000536722 0.000536719 -0.000534432 1.52532e-06 1.52532e-06 -0.000534432 7.62662e-07 0.000536721 0.000536716 1.5253e-06 1.52529e-06 0.000254413 
0.000268317 -0.000546317 7.79624e-07 7.79626e-07 1.55925e-06 1.55925e-06 -0.000546325 -0.000546324 7.7963e-07 1.55926e-06 7.79635e-07 1.55926e-06 0.000548665 -0.000546327 1.55926e-06 0.000548666 7.79634e-07 -0.000546329 -0.000546328 1.55927e-06 0.000548668 0.000548665 -0.000546326 1.55926e-06 1.55926e-06 -0.000546326 7.79636e-07 0.000548667 0.000548662 1.55924e-06 1.55923e-06 0.000260066 
0.000274153 -0.000558212 7.96599e-07 7.96601e-07 1.5932e-06 1.5932e-06 -0.00055822 -0.00055822 7.96606e-07 1.59321e-06 7.9661e-07 1.59321e-06 0.000560611 -0.000558223 1.59321e-06 0.000560612 7.96609e-07 -0.000558225 -0.000558223 1.59322e-06 0.000560614 0.000560611 -0.000558221 1.59321e-06 1.59321e-06 -0.000558222 7.96611e-07 0.000560613 0.000560608 1.59319e-06 1.59318e-06 0.000265721 
0.00027999 -0.000570108 8.13575e-07 8.13577e-07 1.62716e-06 1.62715e-06 -0.000570116 -0.000570116 8.13582e-07 1.62717e-06 8.13587e-07 1.62716e-06 0.000572558 -0.000570119 1.62716e-06 0.000572559 8.13586e-07 -0.000570121 -0.00057012 1.62717e-06 0.000572561 0.000572558 -0.000570117 1.62717e-06 1.62717e-06 -0.000570118 8.13587e-07 0.00057256 0.000572554 1.62715e-06 1.62713e-06 0.000271378 
0.000285826 -0.000582004 8.30552e-07 8.30554e-07 1.66111e-06 1.66111e-06 -0.000582012 -0.000582013 8.30559e-07 1.66112e-06 8.30564e-07 1.66111e-06 0.000584506 -0.000582016 1.66112e-06 0.000584507 8.30564e-07 -0.000582019 -0.000582017 1.66113e-06 0.000584509 0.000584506 -0.000582014 1.66112e-06 1.66112e-06 -0.000582015 8.30565e-07 0.000584508 0.000584502 1.6611e-06 1.66109e-06 0.000277031 
0.000291663 -0.000593901 8.4753e-07 8.47532e-07 1.69507e-06 1.69506e-06 -0.00059391 -0.000593911 8.47537e-07 1.69508e-06 8.47543e-07 1.69507e-06 0.000596454 -0.000593914 1.69507e-06 0.000596456 8.47542e-07 -0.000593917 -0.000593914 1.69508e-06 0.000596458 0.000596454 -0.000593912 1.69508e-06 1.69508e-06 -0.000593912 8.47544e-07 0.000596457 0.000596451 1.69506e-06 1.69505e-06 0.000282686 
0.000297495 -0.000605799 8.64509e-07 8.64511e-07 1.72903e-06 1.72902e-06 -0.000605808 -0.000605809 8.64518e-07 1.72904e-06 8.64523e-07 1.72903e-06 0.000608404 -0.000605812 1.72903e-06 0.000608406 8.64522e-07 -0.000605815 -0.000605813 1.72904e-06 0.000608408 0.000608404 -0.000605811 1.72904e-06 1.72904e-06 -0.000605811 8.64524e-07 0.000608406 0.0006084 1.72901e-06 1.729e-06 0.000288341 
0.000303333 -0.000617698 8.8149e-07 8.81492e-07 1.76299e-06 1.76298e-06 -0.000617707 -0.000617709 8.81499e-07 1.763e-06 8.81504e-07 1.76299e-06 0.000620354 -0.000617711 1.76299e-06 0.000620356 8.81503e-07 -0.000617715 -0.000617712 1.76301e-06 0.000620359 0.000620354 -0.00061771 1.763e-06 1.763e-06 -0.00061771 8.81505e-07 0.000620357 0.00062035 1.76298e-06 1.76296e-06 0.000293997 
0.000309175 -0.000629598 8.98472e-07 8.98473e-07 1.79695e-06 1.79695e-06 -0.000629607 -0.000629609 8.98481e-07 1.79696e-06 8.98486e-07 1.79696e-06 0.000632305 -0.000629611 1.79696e-06 0.000632307 8.98485e-07 -0.000629615 -0.000629613 1.79697e-06 0.00063231 0.000632305 -0.00062961 1.79697e-06 1.79696e-06 -0.00062961 8.98487e-07 0.000632308 0.000632301 1.79694e-06 1.79693e-06 0.000299651 
0.000315012 -0.000641498 9.15455e-07 9.15456e-07 1.83092e-06 1.83092e-06 -0.000641508 -0.00064151 9.15464e-07 1.83093e-06 9.15469e-07 1.83092e-06 0.000644257 -0.000641512 1.83092e-06 0.000644259 9.15468e-07 -0.000641517 -0.000641514 1.83094e-06 0.000644262 0.000644257 -0.000641511 1.83093e-06 1.83093e-06 -0.000641512 9.15471e-07 0.00064426 0.000644253 1.8309e-06 1.83089e-06 0.000305308 
0.000320851 -0.000653399 9.32439e-07 9.3244e-07 1.86488e-06 1.86488e-06 -0.00065341 -0.000653412 9.32448e-07 1.8649e-06 9.32453e-07 1.86489e-06 0.00065621 -0.000653414 1.86489e-06 0.000656212 9.32453e-07 -0.000653419 -0.000653415 1.8649e-06 0.000656215 0.00065621 -0.000653413 1.8649e-06 1.8649e-06 -0.000653413 9.32455e-07 0.000656212 0.000656206 1.86487e-06 1.86486e-06 0.000310964 
0.000326691 -0.000665301 9.49424e-07 9.49425e-07 1.89885e-06 1.89886e-06 -0.000665312 -0.000665314 9.49434e-07 1.89887e-06 9.49438e-07 1.89886e-06 0.000668164 -0.000665317 1.89886e-06 0.000668166 9.49438e-07 -0.000665321 -0.000665318 1.89888e-06 0.000668168 0.000668164 -0.000665316 1.89887e-06 1.89887e-06 -0.000665316 9.4944e-07 0.000668166 0.000668159 1.89884e-06 1.89883e-06 0.00031662 
0.00033253 -0.000677204 9.66411e-07 9.66412e-07 1.93283e-06 1.93283e-06 -0.000677215 -0.000677218 9.6642e-07 1.93284e-06 9.66425e-07 1.93284e-06 0.000680118 -0.00067722 1.93284e-06 0.00068012 9.66425e-07 -0.000677225 -0.000677221 1.93285e-06 0.000680123 0.000680118 -0.000677219 1.93285e-06 1.93284e-06 -0.000677219 9.66427e-07 0.00068012 0.000680113 1.93281e-06 1.9328e-06 0.000322277 
0.00033837 -0.000689107 9.83398e-07 9.834e-07 1.9668e-06 1.9668e-06 -0.000689119 -0.000689122 9.83408e-07 1.96682e-06 9.83413e-07 1.96681e-06 0.000692073 -0.000689124 1.96681e-06 0.000692075 9.83413e-07 -0.000689129 -0.000689125 1.96683e-06 0.000692078 0.000692073 -0.000689123 1.96682e-06 1.96682e-06 -0.000689124 9.83414e-07 0.000692075 0.000692068 1.96679e-06 1.96677e-06 0.000327934 
0.000344207 -0.000701011 1.00039e-06 1.00039e-06 2.00078e-06 2.00078e-06 -0.000701024 -0.000701026 1.0004e-06 2.00079e-06 1.0004e-06 2.00079e-06 0.000704029 -0.000701029 2.00079e-06 0.000704031 1.0004e-06 -0.000701034 -0.00070103 2.0008e-06 0.000704034 0.000704029 -0.000701028 2.0008e-06 2.00079e-06 -0.000701028 1.0004e-06 0.000704031 0.000704024 2.00076e-06 2.00075e-06 0.000333594 
0.000350045 -0.000712916 1.01738e-06 1.01738e-06 2.03476e-06 2.03476e-06 -0.000712929 -0.000712932 1.01739e-06 2.03477e-06 1.01739e-06 2.03477e-06 0.000715986 -0.000712934 2.03477e-06 0.000715988 1.01739e-06 -0.00071294 -0.000712936 2.03478e-06 0.00071599 0.000715986 -0.000712934 2.03478e-06 2.03477e-06 -0.000712934 1.01739e-06 0.000715988 0.000715981 2.03474e-06 2.03472e-06 0.000339252 
0.000355883 -0.000724822 1.03437e-06 1.03437e-06 2.06874e-06 2.06874e-06 -0.000724836 -0.000724838 1.03438e-06 2.06876e-06 1.03438e-06 2.06875e-06 0.000727943 -0.000724841 2.06875e-06 0.000727945 1.03438e-06 -0.000724847 -0.000724843 2.06877e-06 0.000727948 0.000727943 -0.00072484 2.06876e-06 2.06876e-06 -0.00072484 1.03438e-06 0.000727945 0.000727938 2.06872e-06 2.0687e-06 0.000344912 
0.000361725 -0.000736729 1.05136e-06 1.05136e-06 2.10272e-06 2.10272e-06 -0.000736743 -0.000736746 1.05137e-06 2.10274e-06 1.05138e-06 2.10274e-06 0.000739901 -0.000736748 2.10274e-06 0.000739904 1.05138e-06 -0.000736755 -0.00073675 2.10275e-06 0.000739906 0.000739901 -0.000736747 2.10275e-06 2.10274e-06 -0.000736747 1.05138e-06 0.000739903 0.000739897 2.10271e-06 2.10269e-06 0.000350573 
0.000367566 -0.000748637 1.06835e-06 1.06835e-06 2.13671e-06 2.13671e-06 -0.00074865 -0.000748654 1.06836e-06 2.13673e-06 1.06837e-06 2.13672e-06 0.00075186 -0.000748656 2.13672e-06 0.000751863 1.06837e-06 -0.000748663 -0.000748658 2.13674e-06 0.000751865 0.00075186 -0.000748655 2.13673e-06 2.13673e-06 -0.000748655 1.06837e-06 0.000751862 0.000751855 2.13669e-06 2.13667e-06 0.000356235 
0.000373407 -0.000760545 1.08535e-06 1.08535e-06 2.1707e-06 2.1707e-06 -0.000760559 -0.000760562 1.08536e-06 2.17072e-06 1.08536e-06 2.17071e-06 0.00076382 -0.000760565 2.17071e-06 0.000763823 1.08536e-06 -0.000760572 -0.000760567 2.17073e-06 0.000763825 0.00076382 -0.000760564 2.17072e-06 2.17071e-06 -0.000760563 1.08536e-06 0.000763822 0.000763815 2.17068e-06 2.17066e-06 0.000361896 
0.00037925 -0.000772453 1.10234e-06 1.10234e-06 2.20469e-06 2.20469e-06 -0.000772468 -0.000772472 1.10235e-06 2.20471e-06 1.10236e-06 2.2047e-06 0.000775781 -0.000772474 2.2047e-06 0.000775783 1.10236e-06 -0.000772482 -0.000772477 2.20472e-06 0.000775785 0.000775781 -0.000772474 2.20471e-06 2.20471e-06 -0.000772473 1.10236e-06 0.000775783 0.000775776 2.20467e-06 2.20465e-06 0.000367555 
0.000385092 -0.000784363 1.11934e-06 1.11934e-06 2.23868e-06 2.23868e-06 -0.000784378 -0.000784382 1.11935e-06 2.2387e-06 1.11936e-06 2.2387e-06 0.000787742 -0.000784385 2.2387e-06 0.000787745 1.11936e-06 -0.000784393 -0.000784387 2.23871e-06 0.000787747 0.000787742 -0.000784384 2.2387e-06 2.2387e-06 -0.000784383 1.11936e-06 0.000787744 0.000787737 2.23866e-06 2.23864e-06 0.000373216 
0.000390936 -0.000796273 1.13633e-06 1.13634e-06 2.27268e-06 2.27267e-06 -0.000796289 -0.000796293 1.13635e-06 2.2727e-06 1.13635e-06 2.27269e-06 0.000799704 -0.000796295 2.27269e-06 0.000799707 1.13635e-06 -0.000796304 -0.000796298 2.27271e-06 0.000799709 0.000799704 -0.000796295 2.2727e-06 2.27269e-06 -0.000796294 1.13635e-06 0.000799706 0.000799698 2.27265e-06 2.27263e-06 0.000378878 
0.000396779 -0.000808184 1.15333e-06 1.15333e-06 2.30668e-06 2.30667e-06 -0.0008082 -0.000808205 1.15335e-06 2.3067e-06 1.15335e-06 2.30669e-06 0.000811667 -0.000808207 2.30669e-06 0.00081167 1.15335e-06 -0.000808216 -0.00080821 2.3067e-06 0.000811671 0.000811667 -0.000808206 2.3067e-06 2.30669e-06 -0.000808206 1.15335e-06 0.000811668 0.000811661 2.30665e-06 2.30663e-06 0.000384539 
0.000402627 -0.000820096 1.17033e-06 1.17033e-06 2.34067e-06 2.34067e-06 -0.000820112 -0.000820117 1.17035e-06 2.3407e-06 1.17035e-06 2.34069e-06 0.000823631 -0.000820119 2.34069e-06 0.000823633 1.17035e-06 -0.000820129 -0.000820123 2.3407e-06 0.000823635 0.000823631 -0.000820119 2.34069e-06 2.34069e-06 -0.000820119 1.17035e-06 0.000823631 0.000823624 2.34065e-06 2.34062e-06 0.000390203 
0.000408472 -0.000832009 1.18733e-06 1.18733e-06 2.37467e-06 2.37467e-06 -0.000832025 -0.00083203 1.18735e-06 2.3747e-06 1.18735e-06 2.37469e-06 0.000835595 -0.000832032 2.37469e-06 0.000835597 1.18735e-06 -0.000832042 -0.000832036 2.3747e-06 0.000835599 0.000835595 -0.000832032 2.37469e-06 2.37469e-06 -0.000832032 1.18735e-06 0.000835595 0.000835588 2.37465e-06 2.37462e-06 0.000395865 
0.000414314 -0.000843922 1.20433e-06 1.20433e-06 2.40868e-06 2.40867e-06 -0.000843939 -0.000843944 1.20435e-06 2.4087e-06 1.20435e-06 2.40869e-06 0.00084756 -0.000843946 2.40869e-06 0.000847562 1.20435e-06 -0.000843956 -0.00084395 2.40871e-06 0.000847564 0.00084756 -0.000843946 2.4087e-06 2.40869e-06 -0.000843946 1.20435e-06 0.00084756 0.000847552 2.40865e-06 2.40862e-06 0.000401529 
0.000420161 -0.000855836 1.22133e-06 1.22134e-06 2.44268e-06 2.44268e-06 -0.000855853 -0.000855859 1.22135e-06 2.44271e-06 1.22136e-06 2.4427e-06 0.000859525 -0.000855861 2.4427e-06 0.000859527 1.22136e-06 -0.00085587 -0.000855864 2.44271e-06 0.00085953 0.000859526 -0.00085586 2.4427e-06 2.44269e-06 -0.00085586 1.22135e-06 0.000859525 0.000859517 2.44265e-06 2.44262e-06 0.000407192 
0.000426008 -0.00086775 1.23833e-06 1.23834e-06 2.47669e-06 2.47668e-06 -0.000867767 -0.000867774 1.23836e-06 2.47671e-06 1.23836e-06 2.4767e-06 0.000871492 -0.000867776 2.4767e-06 0.000871493 1.23836e-06 -0.000867785 -0.000867779 2.47672e-06 0.000871496 0.000871492 -0.000867775 2.47671e-06 2.4767e-06 -0.000867775 1.23836e-06 0.000871491 0.000871483 2.47666e-06 2.47663e-06 0.000412858 
0.000431854 -0.000879665 1.25534e-06 1.25534e-06 2.51069e-06 2.51069e-06 -0.000879683 -0.000879689 1.25536e-06 2.51072e-06 1.25536e-06 2.51071e-06 0.000883458 -0.000879692 2.51071e-06 0.00088346 1.25536e-06 -0.000879701 -0.000879695 2.51073e-06 0.000883463 0.000883459 -0.000879691 2.51072e-06 2.51071e-06 -0.000879691 1.25536e-06 0.000883457 0.000883449 2.51066e-06 2.51063e-06 0.000418524 
0.000437699 -0.000891581 1.27234e-06 1.27235e-06 2.5447e-06 2.5447e-06 -0.000891599 -0.000891605 1.27237e-06 2.54473e-06 1.27237e-06 2.54472e-06 0.000895426 -0.000891608 2.54472e-06 0.000895427 1.27237e-06 -0.000891617 -0.000891611 2.54474e-06 0.00089543 0.000895426 -0.000891607 2.54473e-06 2.54472e-06 -0.000891608 1.27237e-06 0.000895424 0.000895416 2.54467e-06 2.54464e-06 0.00042419 
0.000443545 -0.000903497 1.28935e-06 1.28935e-06 2.57871e-06 2.57871e-06 -0.000903515 -0.000903522 1.28937e-06 2.57874e-06 1.28937e-06 2.57873e-06 0.000907393 -0.000903525 2.57873e-06 0.000907395 1.28937e-06 -0.000903534 -0.000903527 2.57875e-06 0.000907398 0.000907394 -0.000903524 2.57874e-06 2.57873e-06 -0.000903525 1.28937e-06 0.000907392 0.000907383 2.57868e-06 2.57865e-06 0.000429853 
0.00044939 -0.000915413 1.30635e-06 1.30636e-06 2.61273e-06 2.61272e-06 -0.000915432 -0.000915439 1.30638e-06 2.61276e-06 1.30638e-06 2.61274e-06 0.000919362 -0.000915442 2.61274e-06 0.000919363 1.30638e-06 -0.000915452 -0.000915445 2.61276e-06 0.000919366 0.000919362 -0.000915441 2.61275e-06 2.61274e-06 -0.000915442 1.30638e-06 0.00091936 0.000919351 2.61269e-06 2.61266e-06 0.000435519 
0.000455237 -0.00092733 1.32336e-06 1.32336e-06 2.64674e-06 2.64674e-06 -0.00092735 -0.000927356 1.32339e-06 2.64677e-06 1.32339e-06 2.64676e-06 0.00093133 -0.00092736 2.64676e-06 0.000931332 1.32339e-06 -0.000927369 -0.000927362 2.64677e-06 0.000931335 0.000931331 -0.000927359 2.64677e-06 2.64675e-06 -0.00092736 1.32338e-06 0.000931328 0.000931319 2.64671e-06 2.64667e-06 0.000441187 
0.00046108 -0.000939248 1.34037e-06 1.34037e-06 2.68075e-06 2.68075e-06 -0.000939268 -0.000939274 1.34039e-06 2.68079e-06 1.3404e-06 2.68077e-06 0.000943299 -0.000939278 2.68077e-06 0.000943301 1.3404e-06 -0.000939287 -0.000939281 2.68079e-06 0.000943304 0.0009433 -0.000939277 2.68078e-06 2.68077e-06 -0.000939278 1.34039e-06 0.000943297 0.000943287 2.68072e-06 2.68068e-06 0.000446854 
0.000466927 -0.000951166 1.35737e-06 1.35738e-06 2.71477e-06 2.71477e-06 -0.000951186 -0.000951192 1.3574e-06 2.7148e-06 1.3574e-06 2.71479e-06 0.000955269 -0.000951197 2.71479e-06 0.000955271 1.3574e-06 -0.000951206 -0.000951199 2.7148e-06 0.000955274 0.000955269 -0.000951196 2.7148e-06 2.71479e-06 -0.000951197 1.3574e-06 0.000955266 0.000955257 2.71474e-06 2.71469e-06 0.000452521 
0.000472773 -0.000963084 1.37438e-06 1.37439e-06 2.74879e-06 2.74879e-06 -0.000963105 -0.000963111 1.37441e-06 2.74882e-06 1.37441e-06 2.74881e-06 0.000967239 -0.000963116 2.74881e-06 0.000967241 1.37441e-06 -0.000963124 -0.000963118 2.74882e-06 0.000967244 0.000967239 -0.000963114 2.74881e-06 2.7488e-06 -0.000963116 1.37441e-06 0.000967236 0.000967226 2.74875e-06 2.74871e-06 0.000458186 
0.000478622 -0.000975002 1.39139e-06 1.3914e-06 2.78281e-06 2.78281e-06 -0.000975024 -0.00097503 1.39142e-06 2.78284e-06 1.39142e-06 2.78282e-06 0.000979209 -0.000975035 2.78283e-06 0.000979211 1.39142e-06 -0.000975044 -0.000975038 2.78284e-06 0.000979214 0.00097921 -0.000975034 2.78283e-06 2.78282e-06 -0.000975036 1.39142e-06 0.000979206 0.000979196 2.78277e-06 2.78272e-06 0.000463851 
0.000484468 -0.000986921 1.4084e-06 1.40841e-06 2.81683e-06 2.81683e-06 -0.000986944 -0.000986949 1.40843e-06 2.81686e-06 1.40843e-06 2.81684e-06 0.00099118 -0.000986955 2.81685e-06 0.000991181 1.40843e-06 -0.000986963 -0.000986957 2.81686e-06 0.000991185 0.000991181 -0.000986953 2.81685e-06 2.81684e-06 -0.000986955 1.40843e-06 0.000991177 0.000991167 2.81679e-06 2.81674e-06 0.000469516 
0.000490316 -0.00099884 1.42541e-06 1.42542e-06 2.85085e-06 2.85085e-06 -0.000998863 -0.000998868 1.42544e-06 2.85088e-06 1.42544e-06 2.85086e-06 0.00100315 -0.000998875 2.85087e-06 0.00100315 1.42544e-06 -0.000998884 -0.000998877 2.85088e-06 0.00100316 0.00100315 -0.000998873 2.85087e-06 2.85086e-06 -0.000998875 1.42544e-06 0.00100315 0.00100314 2.85081e-06 2.85076e-06 0.000475181 
0.00049616 -0.00101076 1.44242e-06 1.44243e-06 2.88487e-06 2.88487e-06 -0.00101078 -0.00101079 1.44245e-06 2.8849e-06 1.44245e-06 2.88488e-06 0.00101512 -0.0010108 2.88489e-06 0.00101512 1.44246e-06 -0.0010108 -0.0010108 2.8849e-06 0.00101513 0.00101512 -0.00101079 2.88489e-06 2.88488e-06 -0.0010108 1.44245e-06 0.00101512 0.00101511 2.88483e-06 2.88477e-06 0.000480851 
0.000502007 -0.00102268 1.45943e-06 1.45944e-06 2.91889e-06 2.91889e-06 -0.0010227 -0.00102271 1.45946e-06 2.91892e-06 1.45946e-06 2.91891e-06 0.00102709 -0.00102272 2.91891e-06 0.00102709 1.45947e-06 -0.00102272 -0.00102272 2.91892e-06 0.0010271 0.00102709 -0.00102271 2.91892e-06 2.9189e-06 -0.00102272 1.45946e-06 0.00102709 0.00102708 2.91885e-06 2.91879e-06 0.000486516 
0.000507855 -0.0010346 1.47644e-06 1.47645e-06 2.95291e-06 2.95291e-06 -0.00103462 -0.00103463 1.47647e-06 2.95294e-06 1.47647e-06 2.95293e-06 0.00103906 -0.00103464 2.95293e-06 0.00103907 1.47648e-06 -0.00103464 -0.00103464 2.95294e-06 0.00103907 0.00103907 -0.00103463 2.95294e-06 2.95293e-06 -0.00103464 1.47647e-06 0.00103906 0.00103905 2.95287e-06 2.95281e-06 0.000492179 
0.000513703 -0.00104652 1.49345e-06 1.49346e-06 2.98693e-06 2.98693e-06 -0.00104654 -0.00104655 1.49348e-06 2.98696e-06 1.49349e-06 2.98695e-06 0.00105104 -0.00104656 2.98695e-06 0.00105104 1.49349e-06 -0.00104657 -0.00104656 2.98697e-06 0.00105104 0.00105104 -0.00104656 2.98696e-06 2.98695e-06 -0.00104656 1.49348e-06 0.00105103 0.00105102 2.98689e-06 2.98683e-06 0.000497845 
0.000519549 -0.00105844 1.51046e-06 1.51047e-06 3.02095e-06 3.02095e-06 -0.00105846 -0.00105847 1.5105e-06 3.02099e-06 1.5105e-06 3.02097e-06 0.00106301 -0.00105848 3.02098e-06 0.00106301 1.5105e-06 -0.00105849 -0.00105848 3.02099e-06 0.00106301 0.00106301 -0.00105848 3.02098e-06 3.02097e-06 -0.00105848 1.5105e-06 0.001063 0.00106299 3.02091e-06 3.02085e-06 0.000503511 
0.000525395 -0.00107036 1.52747e-06 1.52748e-06 3.05498e-06 3.05497e-06 -0.00107038 -0.00107039 1.52751e-06 3.05501e-06 1.52751e-06 3.055e-06 0.00107498 -0.0010704 3.055e-06 0.00107498 1.52751e-06 -0.00107041 -0.0010704 3.05501e-06 0.00107499 0.00107498 -0.0010704 3.05501e-06 3.05499e-06 -0.0010704 1.52751e-06 0.00107498 0.00107496 3.05493e-06 3.05487e-06 0.000509175 
0.000531242 -0.00108228 1.54448e-06 1.54449e-06 3.089e-06 3.08899e-06 -0.0010823 -0.00108231 1.54452e-06 3.08903e-06 1.54452e-06 3.08902e-06 0.00108695 -0.00108232 3.08902e-06 0.00108695 1.54453e-06 -0.00108233 -0.00108232 3.08903e-06 0.00108696 0.00108695 -0.00108232 3.08903e-06 3.08901e-06 -0.00108232 1.54452e-06 0.00108695 0.00108694 3.08895e-06 3.08888e-06 0.000514842 
0.00053709 -0.00109419 1.56149e-06 1.5615e-06 3.12302e-06 3.12301e-06 -0.00109422 -0.00109423 1.56153e-06 3.12305e-06 1.56153e-06 3.12304e-06 0.00109892 -0.00109424 3.12304e-06 0.00109892 1.56154e-06 -0.00109425 -0.00109424 3.12305e-06 0.00109893 0.00109892 -0.00109424 3.12305e-06 3.12303e-06 -0.00109424 1.56153e-06 0.00109892 0.00109891 3.12297e-06 3.1229e-06 0.000520508 
0.000542938 -0.00110611 1.5785e-06 1.57851e-06 3.15704e-06 3.15703e-06 -0.00110614 -0.00110615 1.57854e-06 3.15707e-06 1.57854e-06 3.15706e-06 0.00111089 -0.00110616 3.15706e-06 0.00111089 1.57855e-06 -0.00110617 -0.00110616 3.15707e-06 0.0011109 0.00111089 -0.00110616 3.15707e-06 3.15705e-06 -0.00110616 1.57854e-06 0.00111089 0.00111088 3.15699e-06 3.15692e-06 0.000526176 
0.000548785 -0.00111803 1.59551e-06 1.59552e-06 3.19106e-06 3.19105e-06 -0.00111806 -0.00111807 1.59555e-06 3.19109e-06 1.59555e-06 3.19108e-06 0.00112286 -0.00111808 3.19108e-06 0.00112287 1.59556e-06 -0.00111809 -0.00111808 3.19109e-06 0.00112287 0.00112287 -0.00111808 3.19109e-06 3.19107e-06 -0.00111808 1.59555e-06 0.00112286 0.00112285 3.19101e-06 3.19094e-06 0.000531844 
0.000554631 -0.00112995 1.61252e-06 1.61253e-06 3.22508e-06 3.22507e-06 -0.00112998 -0.00112999 1.61256e-06 3.22511e-06 1.61256e-06 3.2251e-06 0.00113483 -0.00113 3.2251e-06 0.00113484 1.61257e-06 -0.00113001 -0.00113 3.22511e-06 0.00113484 0.00113484 -0.00113 3.22511e-06 3.22509e-06 -0.00113 1.61256e-06 0.00113483 0.00113482 3.22503e-06 3.22495e-06 0.000537511 
0.000560477 -0.00114187 1.62953e-06 1.62954e-06 3.2591e-06 3.25909e-06 -0.0011419 -0.00114191 1.62957e-06 3.25913e-06 1.62957e-06 3.25912e-06 0.0011468 -0.00114192 3.25912e-06 0.00114681 1.62958e-06 -0.00114193 -0.00114192 3.25913e-06 0.00114681 0.00114681 -0.00114192 3.25913e-06 3.25911e-06 -0.00114191 1.62957e-06 0.0011468 0.00114679 3.25905e-06 3.25897e-06 0.000543174 
0.000566325 -0.00115379 1.64654e-06 1.64655e-06 3.29312e-06 3.29311e-06 -0.00115382 -0.00115383 1.64658e-06 3.29315e-06 1.64658e-06 3.29314e-06 0.00115877 -0.00115384 3.29314e-06 0.00115878 1.64659e-06 -0.00115385 -0.00115384 3.29315e-06 0.00115878 0.00115878 -0.00115383 3.29315e-06 3.29313e-06 -0.00115383 1.64658e-06 0.00115877 0.00115876 3.29306e-06 3.29298e-06 0.000548841 
0.000572173 -0.00116571 1.66354e-06 1.66355e-06 3.32713e-06 3.32713e-06 -0.00116574 -0.00116575 1.66359e-06 3.32717e-06 1.66359e-06 3.32715e-06 0.00117074 -0.00116576 3.32716e-06 0.00117075 1.66359e-06 -0.00116577 -0.00116576 3.32717e-06 0.00117075 0.00117075 -0.00116575 3.32717e-06 3.32715e-06 -0.00116575 1.66359e-06 0.00117074 0.00117073 3.32708e-06 3.327e-06 0.000554509 
0.000578023 -0.00117762 1.68055e-06 1.68056e-06 3.36115e-06 3.36114e-06 -0.00117766 -0.00117766 1.68059e-06 3.36119e-06 1.6806e-06 3.36117e-06 0.00118271 -0.00117768 3.36118e-06 0.00118272 1.6806e-06 -0.00117768 -0.00117768 3.36118e-06 0.00118272 0.00118272 -0.00117767 3.36118e-06 3.36116e-06 -0.00117767 1.68059e-06 0.00118271 0.0011827 3.36109e-06 3.36101e-06 0.000560174 
0.000584182 -0.00118954 1.69756e-06 1.69757e-06 3.39516e-06 3.39516e-06 -0.00118958 -0.00118958 1.6976e-06 3.3952e-06 1.6976e-06 3.39518e-06 0.00119468 -0.00118959 3.39519e-06 0.00119469 1.69761e-06 -0.0011896 -0.00118959 3.3952e-06 0.00119469 0.00119469 -0.00118959 3.3952e-06 3.39518e-06 -0.00118959 1.6976e-06 0.00119468 0.00119467 3.39511e-06 3.39502e-06 0.000566167 
