597.145 597.145 597.145 597.145 597.145 597.145 597.145 597.145 597.145 597.145 597.145 597.145 597.145 597.145 597.145 597.145 597.145 597.145 597.145 597.145 597.145 597.145 597.145 597.145 597.145 597.145 597.145 597.145 597.145 597.145 597.145 597.145 
597.304 597.3 597.299 597.297 597.298 597.298 597.3 597.299 597.3 597.297 597.299 597.299 597.299 597.299 597.298 597.298 597.298 597.299 597.295 597.3 597.298 597.297 597.297 597.295 597.299 597.297 597.295 597.296 597.295 597.297 597.294 597.295 
597.467 597.459 597.457 597.453 597.454 597.456 597.458 597.457 597.459 597.454 597.458 597.456 597.456 597.456 597.455 597.456 597.454 597.456 597.45 597.46 597.455 597.454 597.454 597.449 597.457 597.453 597.449 597.451 597.449 597.453 597.447 597.45 
597.635 597.622 597.621 597.614 597.615 597.618 597.621 597.618 597.622 597.616 597.623 597.618 597.619 597.619 597.617 597.619 597.614 597.618 597.61 597.623 597.618 597.616 597.616 597.61 597.619 597.615 597.609 597.61 597.608 597.614 597.605 597.611 
597.809 597.79 597.79 597.78 597.783 597.787 597.789 597.785 597.792 597.785 597.794 597.787 597.788 597.788 597.786 597.789 597.781 597.786 597.777 597.793 597.786 597.784 597.784 597.777 597.787 597.783 597.775 597.775 597.774 597.781 597.768 597.778 
597.991 597.965 597.967 597.954 597.958 597.962 597.965 597.958 597.968 597.961 597.973 597.961 597.965 597.964 597.962 597.966 597.955 597.961 597.95 597.969 597.962 597.96 597.959 597.952 597.961 597.957 597.949 597.947 597.949 597.954 597.937 597.953 
598.181 598.146 598.15 598.136 598.141 598.145 598.148 598.138 598.151 598.144 598.158 598.143 598.148 598.149 598.145 598.15 598.136 598.143 598.132 598.152 598.146 598.142 598.141 598.136 598.143 598.14 598.131 598.126 598.131 598.136 598.115 598.136 
598.379 598.336 598.341 598.326 598.332 598.336 598.34 598.326 598.343 598.334 598.351 598.333 598.34 598.342 598.337 598.341 598.326 598.334 598.321 598.344 598.338 598.333 598.331 598.327 598.332 598.33 598.321 598.314 598.321 598.325 598.3 598.326 
598.585 598.533 598.539 598.524 598.531 598.534 598.539 598.521 598.542 598.531 598.551 598.531 598.539 598.542 598.536 598.539 598.523 598.532 598.518 598.542 598.537 598.531 598.528 598.525 598.528 598.527 598.52 598.509 598.517 598.521 598.493 598.524 
598.8 598.737 598.744 598.731 598.737 598.74 598.745 598.725 598.749 598.735 598.757 598.736 598.745 598.75 598.743 598.744 598.729 598.738 598.722 598.748 598.744 598.736 598.732 598.732 598.732 598.732 598.726 598.713 598.721 598.725 598.694 598.729 
599.022 598.948 598.955 598.945 598.949 598.952 598.958 598.936 598.963 598.947 598.971 598.949 598.958 598.965 598.957 598.955 598.942 598.952 598.934 598.961 598.959 598.948 598.944 598.946 598.944 598.944 598.939 598.925 598.932 598.935 598.903 598.942 
599.251 599.166 599.173 599.165 599.168 599.172 599.176 599.155 599.183 599.166 599.192 599.169 599.178 599.186 599.177 599.174 599.161 599.173 599.153 599.181 599.18 599.167 599.162 599.167 599.162 599.163 599.158 599.145 599.149 599.153 599.119 599.162 
599.488 599.39 599.398 599.392 599.393 599.398 599.401 599.381 599.411 599.393 599.42 599.396 599.405 599.412 599.404 599.4 599.387 599.402 599.379 599.408 599.409 599.393 599.388 599.396 599.386 599.388 599.384 599.372 599.374 599.377 599.341 599.388 
599.732 599.621 599.628 599.625 599.625 599.631 599.631 599.614 599.644 599.628 599.653 599.629 599.639 599.644 599.636 599.632 599.618 599.637 599.612 599.641 599.643 599.626 599.62 599.632 599.618 599.62 599.615 599.608 599.606 599.607 599.571 599.62 
599.983 599.856 599.865 599.864 599.863 599.87 599.868 599.852 599.884 599.869 599.892 599.868 599.88 599.881 599.875 599.871 599.856 599.878 599.851 599.881 599.883 599.866 599.858 599.873 599.857 599.858 599.852 599.851 599.844 599.844 599.808 599.858 
600.24 600.098 600.107 600.109 600.107 600.115 600.111 600.096 600.129 600.118 600.136 600.112 600.126 600.124 600.12 600.116 600.099 600.125 600.096 600.126 600.13 600.111 600.103 600.12 600.102 600.103 600.096 600.1 600.086 600.086 600.05 600.101 
600.503 600.345 600.355 600.36 600.357 600.365 600.361 600.346 600.379 600.371 600.385 600.362 600.378 600.373 600.371 600.366 600.349 600.377 600.347 600.379 600.383 600.362 600.354 600.373 600.354 600.354 600.346 600.355 600.334 600.335 600.298 600.349 
600.773 600.597 600.608 600.616 600.612 600.62 600.617 600.6 600.636 600.629 600.639 600.617 600.635 600.627 600.626 600.622 600.605 600.633 600.603 600.637 600.641 600.618 600.609 600.63 600.611 600.609 600.602 600.615 600.587 600.589 600.552 600.602 
601.048 600.855 600.866 600.878 600.872 600.88 600.879 600.86 600.898 600.891 600.898 600.878 600.897 600.887 600.886 600.883 600.866 600.895 600.864 600.9 600.905 600.88 600.87 600.893 600.875 600.87 600.864 600.88 600.846 600.849 600.811 600.861 
601.328 601.117 601.129 601.145 601.138 601.145 601.147 601.125 601.165 601.158 601.162 601.144 601.163 601.153 601.15 601.149 601.133 601.161 601.131 601.168 601.174 601.146 601.137 601.161 601.143 601.135 601.132 601.15 601.111 601.114 601.075 601.124 
601.612 601.384 601.397 601.417 601.409 601.414 601.42 601.394 601.436 601.429 601.432 601.414 601.434 601.424 601.417 601.42 601.404 601.432 601.402 601.441 601.447 601.417 601.408 601.432 601.416 601.405 601.405 601.423 601.382 601.384 601.344 601.392 
601.9 601.654 601.669 601.692 601.685 601.688 601.697 601.667 601.712 601.703 601.707 601.688 601.709 601.7 601.69 601.695 601.68 601.707 601.678 601.717 601.725 601.692 601.685 601.709 601.694 601.681 601.682 601.702 601.658 601.658 601.617 601.665 
602.192 601.929 601.945 601.971 601.965 601.965 601.977 601.945 601.992 601.982 601.986 601.967 601.988 601.979 601.966 601.976 601.959 601.986 601.958 601.997 602.006 601.972 601.967 601.989 601.976 601.96 601.962 601.984 601.937 601.937 601.894 601.943 
602.488 602.209 602.224 602.252 602.248 602.247 602.261 602.226 602.276 602.264 602.271 602.249 602.269 602.261 602.246 602.261 602.242 602.27 602.241 602.281 602.291 602.255 602.253 602.273 602.261 602.244 602.245 602.271 602.22 602.221 602.174 602.226 
602.789 602.492 602.507 602.537 602.534 602.532 602.548 602.511 602.564 602.55 602.56 602.534 602.554 602.548 602.531 602.549 602.53 602.557 602.528 602.569 602.579 602.542 602.542 602.561 602.549 602.532 602.533 602.561 602.507 602.509 602.457 602.514 
603.093 602.78 602.793 602.825 602.824 602.821 602.838 602.799 602.856 602.841 602.853 602.823 602.842 602.839 602.818 602.841 602.822 602.849 602.819 602.861 602.871 602.832 602.834 602.853 602.839 602.823 602.825 602.855 602.797 602.8 602.743 602.807 
603.4 603.071 603.081 603.116 603.116 603.114 603.132 603.092 603.15 603.136 603.148 603.116 603.133 603.135 603.109 603.136 603.118 603.145 603.113 603.156 603.166 603.125 603.129 603.149 603.132 603.117 603.121 603.152 603.092 603.095 603.032 603.102 
603.711 603.365 603.373 603.411 603.412 603.409 603.428 603.39 603.448 603.435 603.446 603.412 603.428 603.434 603.403 603.433 603.419 603.444 603.412 603.454 603.466 603.42 603.427 603.448 603.428 603.415 603.421 603.451 603.39 603.393 603.324 603.401 
604.024 603.661 603.667 603.709 603.711 603.708 603.728 603.691 603.748 603.736 603.747 603.712 603.726 603.737 603.699 603.734 603.723 603.747 603.715 603.755 603.768 603.719 603.729 603.749 603.728 603.716 603.724 603.753 603.692 603.693 603.619 603.702 
604.34 603.961 603.965 604.01 604.013 604.008 604.031 603.996 604.051 604.04 604.051 604.015 604.028 604.043 603.997 604.037 604.03 604.053 604.021 604.058 604.074 604.02 604.032 604.054 604.031 604.02 604.031 604.058 603.995 603.996 603.918 604.006 
604.659 604.262 604.266 604.314 604.316 604.311 604.337 604.304 604.356 604.347 604.357 604.32 604.332 604.35 604.299 604.342 604.338 604.361 604.329 604.365 604.381 604.325 604.339 604.361 604.339 604.327 604.341 604.366 604.3 604.301 604.22 604.314 
604.981 604.567 604.571 604.62 604.623 604.615 604.646 604.614 604.663 604.656 604.666 604.629 604.64 604.659 604.605 604.65 604.648 604.673 604.639 604.674 604.691 604.633 604.647 604.671 604.648 604.636 604.653 604.676 604.607 604.607 604.525 604.625 
605.305 604.873 604.879 604.929 604.932 604.922 604.956 604.925 604.972 604.968 604.976 604.94 604.95 604.97 604.913 604.959 604.96 604.986 604.95 604.985 605.002 604.943 604.958 604.983 604.96 604.948 604.966 604.989 604.916 604.916 604.832 604.939 
605.631 605.182 605.188 605.239 605.244 605.232 605.268 605.239 605.284 605.281 605.289 605.253 605.262 605.283 605.225 605.271 605.273 605.302 605.262 605.299 605.314 605.256 605.27 605.297 605.274 605.262 605.281 605.303 605.227 605.226 605.141 605.256 
605.959 605.492 605.498 605.552 605.559 605.544 605.58 605.553 605.598 605.595 605.603 605.568 605.576 605.598 605.538 605.586 605.589 605.619 605.576 605.615 605.63 605.571 605.584 605.613 605.589 605.577 605.598 605.619 605.54 605.537 605.451 605.575 
606.289 605.804 605.81 605.865 605.877 605.858 605.895 605.869 605.915 605.911 605.92 605.885 605.891 605.915 605.854 605.902 605.906 605.937 605.894 605.933 605.947 605.888 605.901 605.93 605.907 605.895 605.915 605.936 605.855 605.85 605.763 605.895 
606.621 606.117 606.123 606.18 606.197 606.174 606.211 606.187 606.233 606.228 606.241 606.202 606.208 606.233 606.172 606.221 606.224 606.257 606.215 606.253 606.266 606.206 606.218 606.25 606.227 606.215 606.234 606.255 606.173 606.164 606.077 606.217 
606.955 606.431 606.438 606.497 606.517 606.492 606.528 606.506 606.553 606.548 606.564 606.522 606.526 606.554 606.493 606.541 606.544 606.578 606.538 606.575 606.586 606.526 606.538 606.571 606.549 606.536 606.554 606.575 606.492 606.48 606.393 606.539 
607.292 606.746 606.754 606.816 606.837 606.811 606.848 606.828 606.874 606.87 606.889 606.843 606.847 606.876 606.816 606.863 606.866 606.901 606.864 606.898 606.908 606.847 606.858 606.894 606.873 606.859 606.876 606.897 606.813 606.798 606.711 606.861 
607.63 607.064 607.074 607.136 607.157 607.131 607.168 607.152 607.195 607.194 607.216 607.166 607.17 607.2 607.141 607.185 607.19 607.225 607.191 607.222 607.23 607.17 607.181 607.218 607.198 607.183 607.199 607.218 607.135 607.118 607.03 607.185 
607.97 607.383 607.396 607.459 607.478 607.453 607.491 607.477 607.517 607.519 607.543 607.491 607.496 607.525 607.466 607.51 607.516 607.552 607.519 607.546 607.553 607.494 607.505 607.543 607.525 607.508 607.524 607.54 607.458 607.439 607.351 607.509 
608.31 607.702 607.72 607.782 607.799 607.777 607.814 607.802 607.84 607.846 607.871 607.818 607.822 607.852 607.794 607.835 607.844 607.88 607.848 607.871 607.878 607.821 607.83 607.868 607.853 607.834 607.85 607.863 607.78 607.763 607.674 607.835 
608.651 608.023 608.044 608.107 608.121 608.102 608.139 608.128 608.163 608.173 608.197 608.146 608.15 608.179 608.122 608.163 608.172 608.209 608.178 608.197 608.205 608.148 608.157 608.194 608.183 608.161 608.177 608.187 608.104 608.087 607.997 608.163 
608.993 608.343 608.37 608.431 608.445 608.428 608.465 608.454 608.487 608.5 608.524 608.474 608.478 608.506 608.452 608.493 608.501 608.538 608.508 608.523 608.533 608.477 608.484 608.521 608.512 608.489 608.505 608.513 608.428 608.411 608.322 608.491 
609.335 608.665 608.696 608.755 608.771 608.753 608.791 608.781 608.811 608.829 608.851 608.802 608.806 608.834 608.782 608.823 608.83 608.868 608.838 608.851 608.862 608.806 608.812 608.848 608.842 608.817 608.835 608.84 608.753 608.736 608.647 608.82 
609.678 608.986 609.022 609.079 609.098 609.079 609.117 609.108 609.137 609.157 609.178 609.129 609.135 609.162 609.113 609.154 609.16 609.198 609.168 609.179 609.192 609.135 609.141 609.176 609.172 609.145 609.165 609.17 609.079 609.061 608.973 609.15 
610.021 609.309 609.348 609.403 609.427 609.404 609.444 609.437 609.463 609.486 609.507 609.455 609.464 609.491 609.443 609.485 609.492 609.529 609.5 609.508 609.521 609.465 609.47 609.505 609.5 609.474 609.497 609.5 609.407 609.387 609.299 609.48 
610.364 609.633 609.675 609.728 609.757 609.731 609.77 609.767 609.79 609.816 609.837 609.782 609.794 609.822 609.774 609.816 609.824 609.862 609.832 609.838 609.852 609.795 609.799 609.833 609.828 609.803 609.829 609.831 609.735 609.714 609.627 609.809 
610.706 609.957 610.002 610.054 610.087 610.059 610.097 610.099 610.118 610.145 610.168 610.11 610.125 610.153 610.105 610.147 610.158 610.196 610.165 610.167 610.184 610.125 610.129 610.162 610.156 610.132 610.162 610.162 610.064 610.041 609.955 610.139 
611.047 610.282 610.33 610.381 610.417 610.389 610.424 610.431 610.447 610.475 610.498 610.438 610.456 610.484 610.437 610.479 610.491 610.531 610.497 610.497 610.516 610.455 610.459 610.492 610.484 610.462 610.496 610.492 610.393 610.368 610.283 610.469 
611.389 610.608 610.658 610.708 610.746 610.719 610.752 610.764 610.777 610.804 610.829 610.767 610.786 610.815 610.77 610.812 610.823 610.865 610.829 610.827 610.849 610.785 610.79 610.823 610.813 610.792 610.828 610.822 610.722 610.695 610.612 610.798 
611.732 610.933 610.986 611.036 611.074 611.051 611.081 611.097 611.109 611.134 611.16 611.097 611.117 611.146 611.104 611.145 611.155 611.2 611.161 611.157 611.183 611.115 611.121 611.154 611.142 611.123 611.161 611.153 611.052 611.022 610.94 611.128 
612.076 611.259 611.316 611.364 611.402 611.383 611.41 611.43 611.441 611.463 611.49 611.428 611.447 611.475 611.438 611.478 611.486 611.533 611.492 611.487 611.517 611.446 611.453 611.486 611.472 611.455 611.494 611.484 611.383 611.35 611.267 611.457 
612.421 611.585 611.646 611.692 611.729 611.715 611.74 611.763 611.775 611.794 611.82 611.76 611.777 611.804 611.772 611.812 611.818 611.867 611.822 611.818 611.85 611.777 611.786 611.818 611.803 611.788 611.826 611.815 611.715 611.677 611.592 611.785 
612.766 611.911 611.977 612.022 612.056 612.049 612.069 612.095 612.108 612.125 612.149 612.093 612.109 612.133 612.106 612.144 612.149 612.2 612.153 612.148 612.183 612.11 612.119 612.15 612.134 612.121 612.159 612.147 612.047 612.005 611.918 612.114 
613.111 612.237 612.309 612.353 612.384 612.382 612.398 612.427 612.442 612.456 612.478 612.425 612.441 612.463 612.44 612.476 612.481 612.533 612.483 612.478 612.514 612.443 612.451 612.481 612.465 612.454 612.491 612.478 612.378 612.333 612.243 612.444 
613.457 612.562 612.641 612.684 612.712 612.715 612.726 612.759 612.775 612.787 612.807 612.756 612.774 612.793 612.772 612.806 612.813 612.866 612.812 612.808 612.845 612.777 612.783 612.813 612.795 612.786 612.823 612.808 612.709 612.661 612.568 612.774 
613.802 612.887 612.973 613.016 613.041 613.047 613.054 613.09 613.108 613.118 613.136 613.087 613.107 613.124 613.104 613.136 613.145 613.199 613.142 613.139 613.175 613.109 613.114 613.145 613.125 613.117 613.154 613.139 613.04 612.989 612.893 613.105 
614.147 613.211 613.304 613.347 613.37 613.377 613.382 613.42 613.441 613.448 613.466 613.418 613.439 613.455 613.436 613.465 613.476 613.532 613.473 613.47 613.505 613.44 613.445 613.478 613.454 613.447 613.485 613.468 613.371 613.317 613.217 613.436 
614.492 613.536 613.635 613.677 613.698 613.705 613.711 613.75 613.774 613.778 613.797 613.749 613.77 613.784 613.767 613.795 613.807 613.864 613.804 613.802 613.835 613.769 613.775 613.811 613.783 613.775 613.815 613.798 613.702 613.645 613.54 613.766 
614.837 613.862 613.966 614.007 614.027 614.032 614.041 614.079 614.106 614.109 614.129 614.081 614.1 614.113 614.098 614.126 614.139 614.196 614.136 614.135 614.165 614.098 614.104 614.143 614.112 614.102 614.144 614.128 614.033 613.972 613.864 614.097 
615.182 614.188 614.297 614.336 614.356 614.358 614.37 614.409 614.439 614.442 614.462 614.414 614.429 614.442 614.428 614.458 614.471 614.528 614.468 614.468 614.494 614.427 614.433 614.475 614.441 614.429 614.474 614.458 614.364 614.298 614.188 614.427 
615.526 614.514 614.627 614.665 614.685 614.685 614.698 614.738 614.772 614.775 614.795 614.746 614.759 614.772 614.758 614.79 614.803 614.86 614.8 614.8 614.824 614.756 614.761 614.806 614.771 614.756 614.803 614.788 614.695 614.625 614.512 614.757 
615.871 614.84 614.956 614.994 615.016 615.011 615.025 615.067 615.105 615.109 615.126 615.078 615.089 615.101 615.088 615.122 615.135 615.192 615.131 615.131 615.153 615.087 615.09 615.135 615.1 615.083 615.132 615.116 615.024 614.95 614.837 615.087 
616.216 615.165 615.284 615.322 615.347 615.338 615.352 615.396 615.437 615.443 615.457 615.408 615.419 615.43 615.419 615.453 615.467 615.524 615.461 615.461 615.481 615.417 615.418 615.462 615.428 615.411 615.462 615.445 615.353 615.276 615.161 615.417 
616.56 615.488 615.61 615.65 615.679 615.666 615.678 615.724 615.769 615.776 615.787 615.738 615.749 615.758 615.749 615.783 615.798 615.856 615.791 615.79 615.808 615.748 615.747 615.789 615.756 615.738 615.791 615.772 615.681 615.601 615.485 615.747 
616.904 615.81 615.934 615.976 616.009 615.992 616.003 616.052 616.099 616.108 616.115 616.068 616.078 616.084 616.08 616.113 616.127 616.187 616.119 616.118 616.135 616.079 616.074 616.114 616.082 616.067 616.12 616.098 616.008 615.925 615.808 616.077 
617.247 616.131 616.257 616.302 616.337 616.318 616.327 616.379 616.428 616.438 616.442 616.398 616.407 616.409 616.41 616.441 616.454 616.517 616.446 616.445 616.461 616.409 616.401 616.439 616.407 616.395 616.448 616.424 616.334 616.249 616.129 616.407 
617.589 616.452 616.578 616.627 616.664 616.643 616.65 616.705 616.757 616.768 616.768 616.726 616.735 616.733 616.738 616.768 616.78 616.845 616.772 616.77 616.787 616.738 616.727 616.762 616.731 616.722 616.774 616.748 616.658 616.571 616.45 616.735 
617.929 616.774 616.898 616.95 616.99 616.966 616.973 617.031 617.085 617.096 617.093 617.053 617.062 617.057 617.065 617.093 617.104 617.171 617.097 617.095 617.112 617.066 617.052 617.086 617.054 617.049 617.099 617.07 616.979 616.892 616.769 617.063 
618.266 617.095 617.216 617.271 617.314 617.29 617.294 617.356 617.411 617.422 617.416 617.378 617.387 617.38 617.391 617.415 617.426 617.496 617.421 617.419 617.436 617.392 617.377 617.409 617.375 617.375 617.421 617.392 617.3 617.213 617.086 617.389 
618.6 617.415 617.534 617.591 617.636 617.612 617.614 617.68 617.736 617.746 617.738 617.7 617.711 617.703 617.714 617.735 617.748 617.818 617.744 617.742 617.759 617.717 617.7 617.732 617.695 617.698 617.741 617.711 617.619 617.532 617.401 617.714 
618.931 617.734 617.851 617.909 617.956 617.934 617.932 618.001 618.058 618.067 618.057 618.02 618.033 618.025 618.035 618.054 618.069 618.138 618.064 618.063 618.081 618.039 618.021 618.054 618.014 618.021 618.061 618.03 617.937 617.851 617.715 618.037 
619.259 618.05 618.166 618.225 618.273 618.254 618.249 618.319 618.377 618.385 618.375 618.339 618.353 618.346 618.353 618.371 618.388 618.457 618.383 618.383 618.401 618.359 618.34 618.374 618.331 618.342 618.378 618.346 618.253 618.169 618.027 618.359 
619.584 618.364 618.479 618.54 618.589 618.572 618.565 618.636 618.694 618.701 618.69 618.655 618.671 618.665 618.669 618.687 618.706 618.773 618.698 618.699 618.72 618.676 618.658 618.693 618.647 618.661 618.694 618.661 618.567 618.484 618.337 618.679 
619.908 618.674 618.791 618.852 618.902 618.889 618.879 618.95 619.009 619.015 619.004 618.969 618.987 618.982 618.981 619.001 619.021 619.088 619.012 619.012 619.036 618.991 618.973 619.009 618.962 618.979 619.007 618.972 618.878 618.797 618.646 618.996 
620.229 618.983 619.101 619.162 619.213 619.202 619.19 619.261 619.321 619.326 619.315 619.28 619.299 619.295 619.29 619.313 619.333 619.4 619.323 619.322 619.349 619.303 619.287 619.322 619.274 619.294 619.317 619.281 619.185 619.107 618.951 619.31 
620.549 619.289 619.409 619.468 619.521 619.512 619.499 619.568 619.632 619.634 619.625 619.589 619.609 619.605 619.596 619.622 619.641 619.708 619.633 619.629 619.658 619.612 619.597 619.632 619.583 619.606 619.626 619.587 619.49 619.414 619.253 619.621 
620.867 619.593 619.714 619.772 619.826 619.819 619.805 619.872 619.941 619.94 619.931 619.894 619.916 619.913 619.901 619.929 619.947 620.013 619.94 619.932 619.963 619.919 619.903 619.938 619.889 619.914 619.931 619.891 619.792 619.718 619.551 619.929 
621.182 619.894 620.016 620.073 620.128 620.123 620.108 620.172 620.247 620.243 620.235 620.197 620.218 620.218 620.203 620.233 620.251 620.314 620.244 620.233 620.265 620.223 620.206 620.239 620.192 620.219 620.234 620.192 620.091 620.019 619.846 620.233 
621.494 620.191 620.315 620.371 620.428 620.423 620.408 620.468 620.548 620.543 620.535 620.496 620.518 620.519 620.504 620.534 620.552 620.611 620.544 620.532 620.565 620.523 620.505 620.538 620.492 620.521 620.534 620.491 620.389 620.317 620.138 620.535 
621.802 620.483 620.609 620.666 620.724 620.72 620.705 620.761 620.844 620.839 620.831 620.793 620.814 620.818 620.801 620.831 620.85 620.905 620.841 620.827 620.861 620.82 620.801 620.832 620.788 620.819 620.83 620.785 620.683 620.611 620.428 620.833 
622.107 620.771 620.899 620.958 621.017 621.015 620.997 621.051 621.135 621.132 621.123 621.086 621.107 621.111 621.096 621.123 621.144 621.197 621.134 621.119 621.154 621.113 621.093 621.123 621.08 621.113 621.123 621.077 620.975 620.902 620.714 621.128 
622.407 621.054 621.186 621.247 621.307 621.305 621.286 621.337 621.421 621.42 621.412 621.375 621.396 621.4 621.386 621.411 621.435 621.486 621.423 621.407 621.444 621.402 621.383 621.41 621.368 621.401 621.412 621.364 621.262 621.188 620.996 621.418 
622.703 621.332 621.468 621.531 621.593 621.59 621.569 621.618 621.704 621.704 621.697 621.659 621.682 621.684 621.672 621.694 621.722 621.77 621.707 621.69 621.729 621.686 621.669 621.694 621.652 621.685 621.696 621.647 621.546 621.469 621.274 621.702 
622.996 621.606 621.747 621.809 621.875 621.87 621.848 621.894 621.983 621.982 621.977 621.939 621.962 621.964 621.953 621.973 622.006 622.05 621.987 621.968 622.01 621.966 621.951 621.975 621.933 621.963 621.975 621.926 621.824 621.746 621.548 621.98 
623.283 621.875 622.02 622.083 622.151 622.144 622.121 622.166 622.257 622.255 622.253 622.214 622.237 622.24 622.229 622.246 622.284 622.326 622.262 622.242 622.287 622.24 622.228 622.251 622.208 622.236 622.25 622.2 622.098 622.019 621.816 622.252 
623.566 622.14 622.288 622.351 622.422 622.413 622.389 622.432 622.528 622.522 622.524 622.485 622.507 622.511 622.5 622.515 622.558 622.596 622.531 622.512 622.558 622.51 622.5 622.523 622.479 622.504 622.519 622.468 622.368 622.286 622.079 622.519 
623.843 622.399 622.55 622.613 622.686 622.675 622.65 622.694 622.793 622.783 622.79 622.749 622.77 622.777 622.764 622.778 622.826 622.861 622.795 622.776 622.824 622.774 622.765 622.789 622.744 622.765 622.783 622.732 622.632 622.549 622.335 622.782 
624.114 622.653 622.804 622.869 622.944 622.931 622.907 622.951 623.052 623.039 623.049 623.009 623.028 623.036 623.022 623.036 623.088 623.12 623.053 623.034 623.083 623.033 623.024 623.048 623.002 623.021 623.041 622.99 622.89 622.807 622.586 623.039 
624.379 622.9 623.052 623.119 623.196 623.181 623.158 623.203 623.305 623.29 623.302 623.262 623.28 623.288 623.275 623.288 623.342 623.373 623.304 623.287 623.337 623.287 623.276 623.301 623.254 623.272 623.293 623.243 623.142 623.058 622.83 623.291 
624.636 623.14 623.294 623.362 623.441 623.426 623.403 623.449 623.551 623.536 623.547 623.508 623.525 623.535 623.521 623.534 623.59 623.621 623.549 623.533 623.583 623.535 623.521 623.548 623.499 623.516 623.539 623.489 623.388 623.303 623.068 623.536 
624.887 623.375 623.53 623.598 623.679 623.664 623.642 623.688 623.789 623.776 623.785 623.748 623.764 623.774 623.76 623.774 623.83 623.863 623.787 623.772 623.823 623.777 623.759 623.788 623.738 623.753 623.778 623.728 623.627 623.542 623.301 623.774 
625.131 623.603 623.76 623.829 623.911 623.897 623.874 623.921 624.022 624.01 624.017 623.981 623.996 624.008 623.994 624.009 624.064 624.097 624.019 624.004 624.055 624.013 623.99 624.021 623.97 623.984 624.011 623.959 623.859 623.774 623.528 624.005 
625.368 623.826 623.983 624.053 624.137 624.122 624.101 624.147 624.247 624.237 624.241 624.206 624.221 624.236 624.221 624.237 624.29 624.325 624.245 624.229 624.281 624.242 624.215 624.247 624.196 624.207 624.237 624.183 624.083 623.999 623.748 624.229 
625.598 624.042 624.199 624.272 624.356 624.341 624.321 624.366 624.465 624.457 624.458 624.424 624.439 624.457 624.441 624.458 624.509 624.545 624.464 624.447 624.499 624.463 624.434 624.466 624.414 624.423 624.455 624.4 624.301 624.216 623.962 624.445 
625.82 624.251 624.408 624.483 624.569 624.551 624.534 624.579 624.676 624.67 624.669 624.635 624.65 624.67 624.654 624.673 624.72 624.757 624.676 624.658 624.71 624.677 624.646 624.678 624.625 624.633 624.667 624.61 624.511 624.426 624.168 624.655 
626.034 624.453 624.61 624.689 624.774 624.755 624.741 624.785 624.88 624.875 624.872 624.838 624.855 624.877 624.86 624.88 624.923 624.962 624.881 624.862 624.915 624.882 624.851 624.883 624.829 624.835 624.871 624.813 624.716 624.629 624.368 624.858 
626.242 624.649 624.804 624.887 624.972 624.952 624.94 624.985 625.077 625.073 625.069 625.035 625.053 625.077 625.058 625.081 625.119 625.159 625.08 625.059 625.114 625.081 625.049 625.081 625.025 625.031 625.069 625.011 624.914 624.824 624.561 625.054 
626.444 624.838 624.993 625.079 625.164 625.143 625.133 625.179 625.267 625.264 625.26 625.226 625.245 625.27 625.251 625.276 625.31 625.349 625.273 625.25 625.306 625.274 625.241 625.273 625.216 625.221 625.261 625.204 625.106 625.014 624.746 625.245 
626.641 625.021 625.177 625.265 625.35 625.328 625.32 625.367 625.452 625.45 625.446 625.411 625.431 625.457 625.437 625.465 625.494 625.533 625.46 625.437 625.493 625.461 625.426 625.46 625.401 625.405 625.448 625.391 625.292 625.198 624.926 625.431 
