597.145 597.145 597.145 597.145 597.145 597.145 597.145 597.145 597.145 597.145 597.145 597.145 597.145 597.145 597.145 597.145 597.145 597.145 597.145 597.145 597.145 597.145 597.145 597.145 597.145 597.145 597.145 597.145 597.145 597.145 597.145 597.145 
597.306 597.305 597.303 597.301 597.302 597.302 597.304 597.303 597.304 597.301 597.303 597.303 597.303 597.303 597.302 597.302 597.302 597.303 597.299 597.305 597.302 597.302 597.301 597.299 597.303 597.301 597.299 597.3 597.299 597.301 597.298 597.297 
597.47 597.467 597.465 597.461 597.462 597.464 597.466 597.465 597.467 597.462 597.466 597.464 597.464 597.465 597.463 597.464 597.462 597.464 597.458 597.468 597.463 597.462 597.462 597.457 597.465 597.461 597.457 597.459 597.457 597.461 597.455 597.454 
597.639 597.634 597.633 597.626 597.627 597.63 597.633 597.63 597.634 597.628 597.635 597.63 597.631 597.631 597.629 597.631 597.626 597.63 597.622 597.635 597.63 597.628 597.628 597.622 597.631 597.627 597.621 597.622 597.62 597.626 597.617 597.616 
597.815 597.806 597.806 597.796 597.799 597.802 597.805 597.801 597.808 597.801 597.81 597.802 597.804 597.804 597.802 597.805 597.797 597.802 597.793 597.809 597.802 597.8 597.8 597.793 597.803 597.799 597.791 597.791 597.79 597.797 597.784 597.785 
597.998 597.984 597.987 597.974 597.978 597.982 597.984 597.977 597.988 597.981 597.993 597.981 597.984 597.984 597.982 597.986 597.974 597.981 597.97 597.989 597.982 597.98 597.979 597.972 597.981 597.977 597.969 597.967 597.968 597.974 597.957 597.961 
598.19 598.17 598.174 598.159 598.164 598.169 598.172 598.161 598.175 598.168 598.182 598.167 598.172 598.173 598.169 598.174 598.16 598.167 598.156 598.176 598.17 598.166 598.165 598.159 598.166 598.164 598.154 598.15 598.154 598.159 598.138 598.145 
598.39 598.363 598.369 598.353 598.359 598.363 598.367 598.353 598.37 598.362 598.379 598.361 598.368 598.369 598.364 598.369 598.353 598.361 598.348 598.371 598.365 598.36 598.358 598.354 598.359 598.357 598.349 598.341 598.348 598.352 598.328 598.337 
598.598 598.564 598.571 598.556 598.562 598.565 598.57 598.553 598.573 598.563 598.582 598.562 598.57 598.574 598.568 598.57 598.555 598.564 598.549 598.574 598.569 598.562 598.559 598.557 598.56 598.559 598.551 598.541 598.549 598.553 598.525 598.537 
598.814 598.772 598.779 598.767 598.772 598.775 598.781 598.76 598.784 598.771 598.793 598.771 598.78 598.786 598.779 598.779 598.765 598.774 598.757 598.784 598.78 598.771 598.768 598.767 598.768 598.768 598.761 598.749 598.756 598.76 598.73 598.744 
599.037 598.988 598.994 598.984 598.989 598.992 598.997 598.976 599.002 598.986 599.011 598.988 598.997 599.004 598.996 598.995 598.981 598.991 598.973 599.001 598.998 598.987 598.983 598.985 598.983 598.984 598.978 598.965 598.971 598.975 598.942 598.958 
599.268 599.209 599.216 599.209 599.212 599.215 599.219 599.199 599.227 599.209 599.236 599.212 599.221 599.229 599.221 599.218 599.205 599.216 599.196 599.224 599.224 599.211 599.205 599.211 599.205 599.206 599.202 599.188 599.193 599.196 599.162 599.18 
599.507 599.438 599.445 599.44 599.441 599.446 599.448 599.429 599.458 599.44 599.467 599.443 599.452 599.459 599.451 599.447 599.434 599.449 599.426 599.455 599.456 599.441 599.435 599.443 599.434 599.435 599.431 599.42 599.422 599.424 599.389 599.407 
599.752 599.672 599.68 599.676 599.676 599.683 599.682 599.665 599.696 599.679 599.704 599.68 599.69 599.695 599.687 599.683 599.67 599.688 599.663 599.692 599.694 599.678 599.671 599.683 599.669 599.671 599.666 599.659 599.657 599.659 599.622 599.641 
600.004 599.911 599.92 599.919 599.918 599.926 599.923 599.907 599.939 599.925 599.947 599.923 599.935 599.936 599.93 599.926 599.911 599.933 599.906 599.936 599.939 599.921 599.913 599.928 599.912 599.913 599.907 599.906 599.899 599.899 599.863 599.881 
600.263 600.157 600.167 600.168 600.166 600.174 600.17 600.155 600.188 600.177 600.195 600.171 600.185 600.183 600.179 600.175 600.158 600.184 600.155 600.186 600.189 600.17 600.162 600.179 600.161 600.162 600.155 600.159 600.145 600.145 600.109 600.125 
600.528 600.407 600.418 600.423 600.42 600.428 600.423 600.408 600.442 600.434 600.448 600.425 600.441 600.436 600.434 600.429 600.412 600.439 600.409 600.442 600.446 600.425 600.416 600.436 600.417 600.417 600.409 600.418 600.397 600.398 600.361 600.375 
600.799 600.664 600.675 600.683 600.679 600.687 600.684 600.667 600.703 600.696 600.706 600.684 600.702 600.694 600.693 600.689 600.671 600.7 600.67 600.704 600.708 600.685 600.676 600.697 600.678 600.676 600.669 600.683 600.654 600.656 600.619 600.63 
601.075 600.925 600.937 600.949 600.943 600.951 600.95 600.931 600.969 600.962 600.969 600.949 600.967 600.958 600.957 600.954 600.937 600.965 600.935 600.971 600.976 600.951 600.941 600.964 600.945 600.941 600.935 600.951 600.917 600.92 600.882 600.889 
601.357 601.192 601.204 601.22 601.213 601.22 601.222 601.199 601.239 601.233 601.237 601.218 601.238 601.228 601.224 601.224 601.208 601.235 601.205 601.243 601.249 601.221 601.211 601.235 601.217 601.21 601.207 601.225 601.186 601.189 601.15 601.154 
601.643 601.462 601.476 601.496 601.488 601.493 601.498 601.472 601.515 601.507 601.511 601.492 601.513 601.503 601.496 601.498 601.483 601.51 601.481 601.519 601.526 601.495 601.487 601.511 601.495 601.484 601.484 601.502 601.461 601.463 601.423 601.424 
601.932 601.737 601.751 601.775 601.767 601.77 601.779 601.75 601.794 601.786 601.789 601.771 601.792 601.782 601.772 601.778 601.762 601.789 601.761 601.8 601.807 601.775 601.768 601.791 601.776 601.763 601.764 601.785 601.74 601.741 601.7 601.698 
602.226 602.016 602.031 602.057 602.051 602.052 602.063 602.031 602.078 602.068 602.073 602.053 602.074 602.065 602.052 602.063 602.045 602.072 602.044 602.084 602.093 602.058 602.054 602.075 602.062 602.047 602.048 602.071 602.024 602.024 601.981 601.978 
602.524 602.299 602.315 602.342 602.338 602.337 602.351 602.316 602.366 602.354 602.362 602.339 602.36 602.351 602.337 602.351 602.333 602.36 602.332 602.372 602.381 602.346 602.343 602.363 602.352 602.335 602.336 602.362 602.311 602.311 602.265 602.263 
602.826 602.587 602.602 602.631 602.628 602.626 602.642 602.605 602.658 602.645 602.655 602.628 602.648 602.642 602.625 602.644 602.624 602.652 602.623 602.664 602.673 602.637 602.636 602.655 602.643 602.626 602.627 602.656 602.601 602.603 602.552 602.553 
603.131 602.878 602.891 602.923 602.922 602.919 602.936 602.898 602.954 602.939 602.951 602.921 602.94 602.937 602.917 602.939 602.92 602.947 602.917 602.959 602.969 602.93 602.932 602.951 602.937 602.921 602.923 602.954 602.896 602.899 602.841 602.847 
603.44 603.173 603.184 603.218 603.218 603.216 603.233 603.195 603.252 603.238 603.251 603.218 603.235 603.237 603.212 603.238 603.221 603.247 603.216 603.258 603.269 603.227 603.231 603.251 603.234 603.219 603.223 603.254 603.194 603.197 603.134 603.144 
603.752 603.47 603.479 603.517 603.518 603.516 603.534 603.496 603.554 603.541 603.553 603.518 603.534 603.54 603.509 603.54 603.525 603.55 603.518 603.56 603.572 603.526 603.533 603.554 603.534 603.521 603.527 603.557 603.496 603.499 603.43 603.444 
604.067 603.771 603.777 603.819 603.821 603.818 603.837 603.801 603.858 603.846 603.858 603.822 603.836 603.847 603.809 603.844 603.833 603.857 603.825 603.865 603.879 603.829 603.838 603.859 603.838 603.826 603.834 603.863 603.802 603.803 603.729 603.747 
604.385 604.074 604.079 604.124 604.127 604.122 604.144 604.11 604.165 604.154 604.165 604.128 604.142 604.156 604.111 604.151 604.144 604.166 604.135 604.172 604.188 604.134 604.146 604.168 604.145 604.134 604.145 604.172 604.109 604.11 604.032 604.053 
604.705 604.38 604.384 604.432 604.434 604.429 604.455 604.422 604.474 604.465 604.476 604.438 604.45 604.468 604.417 604.46 604.456 604.479 604.447 604.483 604.5 604.443 604.456 604.479 604.456 604.445 604.459 604.484 604.418 604.418 604.338 604.362 
605.029 604.688 604.693 604.742 604.745 604.737 604.767 604.735 604.785 604.778 604.788 604.75 604.761 604.781 604.727 604.772 604.77 604.794 604.761 604.795 604.813 604.755 604.769 604.793 604.77 604.758 604.774 604.798 604.729 604.729 604.646 604.675 
605.354 604.999 605.005 605.055 605.058 605.048 605.082 605.051 605.098 605.093 605.102 605.066 605.076 605.096 605.039 605.085 605.086 605.112 605.075 605.111 605.128 605.069 605.083 605.109 605.086 605.074 605.092 605.115 605.042 605.042 604.958 604.991 
605.682 605.311 605.318 605.369 605.374 605.361 605.397 605.368 605.414 605.41 605.419 605.383 605.392 605.413 605.354 605.401 605.403 605.431 605.392 605.428 605.445 605.385 605.399 605.427 605.403 605.391 605.411 605.433 605.357 605.356 605.27 605.309 
606.012 605.626 605.632 605.685 605.693 605.677 605.714 605.687 605.732 605.729 605.737 605.702 605.71 605.732 605.672 605.72 605.722 605.752 605.71 605.748 605.764 605.704 605.718 605.747 605.723 605.711 605.731 605.753 605.674 605.671 605.585 605.629 
606.343 605.941 605.948 606.003 606.015 605.996 606.032 606.007 606.052 606.048 606.058 606.022 606.029 606.052 605.992 606.04 606.043 606.075 606.032 606.071 606.085 606.025 606.038 606.068 606.044 606.033 606.053 606.074 605.993 605.988 605.901 605.951 
606.677 606.258 606.265 606.322 606.338 606.316 606.352 606.328 606.374 606.37 606.382 606.343 606.349 606.374 606.314 606.363 606.366 606.398 606.356 606.395 606.408 606.348 606.359 606.391 606.368 606.356 606.375 606.397 606.314 606.306 606.219 606.274 
607.013 606.576 606.583 606.643 606.662 606.637 606.673 606.652 606.698 606.693 606.71 606.667 606.672 606.698 606.638 606.687 606.69 606.723 606.684 606.72 606.732 606.671 606.683 606.716 606.694 606.682 606.7 606.721 606.638 606.625 606.538 606.598 
607.35 606.895 606.904 606.965 606.986 606.96 606.996 606.977 607.023 607.019 607.039 606.992 606.997 607.025 606.965 607.013 607.016 607.05 607.013 607.047 607.058 606.996 607.007 607.043 607.022 607.008 607.025 607.046 606.963 606.947 606.86 606.922 
607.69 607.217 607.228 607.29 607.31 607.284 607.321 607.305 607.349 607.347 607.37 607.318 607.324 607.353 607.294 607.339 607.343 607.378 607.344 607.375 607.384 607.323 607.334 607.371 607.351 607.336 607.352 607.372 607.288 607.271 607.183 607.247 
608.032 607.539 607.553 607.616 607.635 607.61 607.647 607.634 607.675 607.677 607.701 607.647 607.653 607.682 607.624 607.667 607.673 607.708 607.676 607.704 607.711 607.652 607.662 607.7 607.682 607.665 607.681 607.698 607.615 607.597 607.508 607.573 
608.374 607.863 607.881 607.943 607.96 607.938 607.975 607.963 608.001 608.007 608.032 607.978 607.983 608.012 607.955 607.997 608.005 608.04 608.009 608.033 608.04 607.982 607.991 608.029 608.014 607.995 608.011 608.025 607.942 607.924 607.835 607.901 
608.716 608.187 608.21 608.272 608.286 608.267 608.304 608.293 608.328 608.338 608.363 608.31 608.315 608.343 608.287 608.329 608.337 608.373 608.343 608.362 608.37 608.313 608.321 608.359 608.348 608.326 608.342 608.352 608.269 608.252 608.162 608.23 
609.059 608.512 608.539 608.6 608.614 608.597 608.633 608.623 608.656 608.669 608.694 608.643 608.647 608.674 608.621 608.662 608.67 608.706 608.677 608.692 608.702 608.646 608.653 608.69 608.681 608.658 608.674 608.682 608.597 608.58 608.491 608.56 
609.403 608.837 608.869 608.928 608.944 608.926 608.963 608.954 608.984 609.001 609.024 608.974 608.979 609.006 608.955 608.996 609.003 609.04 609.011 609.023 609.036 608.979 608.984 609.021 609.015 608.99 609.008 609.014 608.926 608.909 608.82 608.891 
609.748 609.163 609.199 609.255 609.275 609.255 609.294 609.285 609.313 609.334 609.356 609.305 609.312 609.338 609.29 609.331 609.337 609.374 609.345 609.356 609.369 609.312 609.317 609.353 609.349 609.322 609.342 609.347 609.256 609.238 609.15 609.222 
610.092 609.489 609.53 609.583 609.608 609.585 609.624 609.617 609.644 609.667 609.688 609.636 609.645 609.672 609.624 609.666 609.672 609.71 609.681 609.689 609.703 609.646 609.65 609.685 609.681 609.654 609.678 609.681 609.588 609.568 609.48 609.553 
610.436 609.817 609.86 609.912 609.942 609.916 609.954 609.952 609.975 610.001 610.022 609.966 609.979 610.006 609.959 610.001 610.009 610.046 610.017 610.022 610.037 609.98 609.984 610.018 610.013 609.987 610.014 610.016 609.92 609.898 609.811 609.884 
610.78 610.145 610.191 610.242 610.276 610.248 610.285 610.287 610.307 610.334 610.357 610.298 610.313 610.341 610.294 610.336 610.346 610.384 610.354 610.356 610.373 610.314 610.317 610.351 610.345 610.321 610.351 610.351 610.253 610.229 610.143 610.216 
611.123 610.474 610.523 610.573 610.609 610.581 610.616 610.624 610.64 610.667 610.691 610.63 610.648 610.676 610.629 610.672 610.683 610.723 610.69 610.689 610.709 610.648 610.651 610.685 610.677 610.654 610.688 610.685 610.585 610.561 610.476 610.547 
611.466 610.804 610.855 610.904 610.942 610.916 610.948 610.961 610.974 611.001 611.026 610.963 610.983 611.011 610.966 611.009 611.019 611.061 611.026 611.023 611.047 610.982 610.986 611.019 611.009 610.989 611.025 611.019 610.919 610.892 610.808 610.878 
611.811 611.133 611.187 611.236 611.275 611.251 611.281 611.298 611.309 611.334 611.361 611.297 611.317 611.345 611.304 611.346 611.355 611.399 611.361 611.357 611.384 611.316 611.321 611.355 611.342 611.324 611.362 611.354 611.253 611.223 611.14 611.209 
612.156 611.463 611.521 611.568 611.606 611.587 611.614 611.634 611.646 611.668 611.695 611.632 611.651 611.679 611.642 611.683 611.69 611.737 611.696 611.692 611.722 611.65 611.657 611.69 611.676 611.66 611.698 611.689 611.588 611.554 611.471 611.54 
612.502 611.793 611.855 611.901 611.937 611.923 611.948 611.971 611.983 612.002 612.029 611.968 611.986 612.012 611.981 612.021 612.026 612.075 612.031 612.026 612.059 611.985 611.994 612.026 612.011 611.996 612.035 612.024 611.923 611.886 611.801 611.87 
612.849 612.123 612.19 612.234 612.269 612.261 612.281 612.307 612.321 612.337 612.362 612.304 612.321 612.345 612.318 612.357 612.362 612.412 612.365 612.36 612.395 612.322 612.33 612.362 612.346 612.333 612.371 612.359 612.259 612.218 612.13 612.201 
613.196 612.453 612.526 612.569 612.6 612.598 612.613 612.643 612.658 612.672 612.695 612.64 612.658 612.678 612.656 612.693 612.697 612.749 612.699 612.694 612.731 612.659 612.666 612.697 612.681 612.67 612.708 612.694 612.594 612.549 612.459 612.532 
613.543 612.782 612.862 612.904 612.932 612.935 612.945 612.979 612.995 613.007 613.028 612.976 612.994 613.013 612.992 613.027 613.033 613.085 613.032 613.028 613.065 612.997 613.002 613.033 613.016 613.006 613.043 613.029 612.93 612.881 612.788 612.864 
613.89 613.11 613.197 613.24 613.265 613.271 613.277 613.313 613.332 613.342 613.361 613.311 613.331 613.348 613.328 613.36 613.369 613.422 613.366 613.363 613.4 613.333 613.337 613.369 613.349 613.341 613.378 613.363 613.264 613.213 613.117 613.196 
614.237 613.438 613.532 613.575 613.598 613.605 613.609 613.648 613.669 613.676 613.694 613.645 613.667 613.682 613.664 613.694 613.704 613.759 613.701 613.698 613.733 613.668 613.672 613.705 613.682 613.675 613.713 613.697 613.599 613.545 613.444 613.528 
614.583 613.767 613.868 613.909 613.93 613.937 613.943 613.981 614.006 614.01 614.029 613.981 614.002 614.015 613.999 614.028 614.039 614.095 614.036 614.034 614.067 614.001 614.006 614.042 614.015 614.007 614.047 614.031 613.934 613.877 613.772 613.861 
614.93 614.097 614.203 614.243 614.263 614.268 614.276 614.315 614.342 614.345 614.366 614.316 614.336 614.348 614.334 614.363 614.375 614.431 614.372 614.371 614.401 614.334 614.339 614.379 614.348 614.338 614.38 614.364 614.269 614.207 614.099 614.193 
615.276 614.427 614.537 614.576 614.595 614.598 614.609 614.648 614.679 614.682 614.702 614.653 614.669 614.681 614.668 614.698 614.711 614.767 614.708 614.707 614.735 614.667 614.672 614.715 614.681 614.669 614.713 614.698 614.604 614.538 614.428 614.524 
615.622 614.757 614.871 614.909 614.929 614.928 614.941 614.982 615.016 615.019 615.039 614.989 615.002 615.015 615.002 615.034 615.047 615.103 615.043 615.044 615.068 615 615.004 615.049 615.014 615 615.047 615.032 614.938 614.868 614.756 614.856 
615.968 615.087 615.205 615.242 615.264 615.259 615.272 615.315 615.353 615.357 615.375 615.324 615.336 615.348 615.336 615.37 615.383 615.439 615.378 615.379 615.401 615.334 615.337 615.382 615.347 615.331 615.38 615.365 615.272 615.198 615.085 615.188 
616.314 615.415 615.536 615.574 615.599 615.59 615.603 615.647 615.689 615.695 615.709 615.659 615.67 615.681 615.67 615.705 615.719 615.775 615.713 615.712 615.733 615.669 615.669 615.714 615.68 615.662 615.713 615.697 615.605 615.528 615.413 615.52 
616.661 615.743 615.866 615.905 615.934 615.921 615.932 615.979 616.024 616.031 616.043 615.993 616.004 616.012 616.005 616.039 616.054 616.111 616.046 616.045 616.064 616.004 616.001 616.044 616.011 615.994 616.047 616.028 615.937 615.856 615.741 615.851 
617.006 616.069 616.194 616.236 616.268 616.252 616.261 616.311 616.359 616.367 616.375 616.327 616.338 616.342 616.339 616.373 616.387 616.446 616.379 616.377 616.395 616.339 616.333 616.374 616.341 616.326 616.38 616.358 616.268 616.185 616.067 616.183 
617.351 616.394 616.521 616.566 616.601 616.581 616.59 616.642 616.692 616.702 616.706 616.66 616.671 616.671 616.673 616.705 616.718 616.779 616.71 616.708 616.725 616.673 616.663 616.702 616.671 616.658 616.712 616.688 616.597 616.512 616.393 616.514 
617.694 616.719 616.846 616.894 616.932 616.91 616.917 616.973 617.024 617.035 617.036 616.993 617.002 616.999 617.006 617.036 617.047 617.111 617.04 617.038 617.055 617.005 616.993 617.03 616.999 616.99 617.042 617.016 616.925 616.838 616.717 616.844 
618.035 617.044 617.17 617.221 617.261 617.238 617.243 617.303 617.356 617.367 617.365 617.324 617.333 617.327 617.337 617.365 617.375 617.442 617.369 617.366 617.384 617.337 617.323 617.357 617.325 617.32 617.37 617.342 617.251 617.163 617.04 617.173 
618.374 617.369 617.492 617.547 617.589 617.565 617.568 617.632 617.686 617.697 617.692 617.652 617.662 617.654 617.666 617.691 617.701 617.77 617.696 617.694 617.712 617.667 617.651 617.684 617.651 617.65 617.696 617.668 617.575 617.488 617.361 617.501 
618.71 617.693 617.814 617.87 617.915 617.891 617.892 617.959 618.015 618.025 618.018 617.978 617.99 617.981 617.993 618.015 618.027 618.096 618.023 618.021 618.039 617.996 617.978 618.011 617.974 617.977 618.021 617.991 617.898 617.811 617.68 617.827 
619.042 618.016 618.134 618.192 618.239 618.217 618.215 618.284 618.341 618.35 618.341 618.303 618.316 618.307 618.318 618.338 618.352 618.42 618.347 618.346 618.365 618.322 618.303 618.337 618.297 618.304 618.344 618.314 618.22 618.134 617.998 618.152 
619.372 618.336 618.454 618.512 618.56 618.541 618.536 618.606 618.664 618.672 618.663 618.625 618.64 618.632 618.64 618.659 618.675 618.743 618.669 618.669 618.689 618.646 618.627 618.661 618.618 618.628 618.665 618.634 618.54 618.456 618.314 618.476 
619.699 618.654 618.771 618.831 618.88 618.863 618.855 618.927 618.985 618.992 618.982 618.945 618.962 618.956 618.96 618.978 618.997 619.063 618.989 618.99 619.012 618.967 618.948 618.984 618.938 618.952 618.985 618.953 618.858 618.775 618.628 618.797 
620.024 618.968 619.087 619.147 619.197 619.183 619.173 619.244 619.304 619.31 619.299 619.263 619.282 619.276 619.276 619.296 619.316 619.382 619.307 619.307 619.332 619.286 619.268 619.304 619.256 619.273 619.302 619.268 619.173 619.092 618.94 619.116 
620.347 619.281 619.4 619.461 619.511 619.501 619.488 619.559 619.62 619.625 619.615 619.578 619.598 619.593 619.589 619.612 619.631 619.698 619.622 619.62 619.648 619.602 619.585 619.621 619.572 619.592 619.616 619.581 619.484 619.406 619.25 619.432 
620.668 619.591 619.712 619.771 619.824 619.815 619.801 619.871 619.935 619.937 619.928 619.89 619.912 619.907 619.899 619.926 619.944 620.01 619.935 619.931 619.961 619.915 619.899 619.934 619.885 619.908 619.929 619.891 619.792 619.717 619.555 619.745 
620.987 619.899 620.021 620.079 620.133 620.126 620.111 620.178 620.248 620.247 620.239 620.2 620.222 620.218 620.207 620.237 620.254 620.319 620.246 620.239 620.271 620.226 620.209 620.244 620.196 620.221 620.238 620.198 620.098 620.024 619.858 620.054 
621.304 620.204 620.328 620.383 620.439 620.433 620.418 620.482 620.557 620.554 620.546 620.506 620.529 620.527 620.514 620.545 620.561 620.623 620.554 620.544 620.577 620.533 620.516 620.55 620.503 620.53 620.545 620.504 620.402 620.329 620.157 620.36 
621.617 620.504 620.63 620.685 620.742 620.738 620.722 620.783 620.862 620.857 620.85 620.81 620.833 620.833 620.818 620.849 620.866 620.925 620.859 620.846 620.88 620.838 620.819 620.852 620.806 620.836 620.848 620.806 620.703 620.631 620.453 620.663 
621.927 620.8 620.928 620.985 621.042 621.039 621.022 621.08 621.162 621.158 621.15 621.11 621.133 621.135 621.12 621.15 621.168 621.223 621.16 621.146 621.18 621.138 621.118 621.15 621.106 621.138 621.149 621.105 621.002 620.93 620.746 620.963 
622.233 621.092 621.223 621.281 621.34 621.337 621.319 621.373 621.457 621.454 621.447 621.407 621.429 621.433 621.418 621.446 621.467 621.519 621.456 621.441 621.478 621.435 621.415 621.445 621.402 621.435 621.446 621.4 621.297 621.224 621.036 621.259 
622.535 621.379 621.513 621.573 621.634 621.631 621.611 621.663 621.748 621.747 621.739 621.7 621.723 621.725 621.712 621.738 621.762 621.811 621.749 621.733 621.771 621.728 621.708 621.736 621.694 621.727 621.738 621.691 621.589 621.514 621.322 621.551 
622.833 621.662 621.8 621.861 621.923 621.92 621.899 621.948 622.034 622.034 622.028 621.989 622.012 622.013 622.002 622.025 622.053 622.1 622.037 622.02 622.061 622.017 621.998 622.024 621.983 622.015 622.026 621.978 621.876 621.799 621.604 621.836 
623.127 621.939 622.082 622.144 622.209 622.204 622.181 622.228 622.317 622.317 622.313 622.272 622.296 622.297 622.288 622.308 622.34 622.384 622.321 622.303 622.346 622.3 622.284 622.309 622.267 622.297 622.309 622.261 622.159 622.08 621.882 622.116 
623.416 622.212 622.359 622.421 622.489 622.483 622.458 622.504 622.596 622.593 622.592 622.552 622.576 622.577 622.568 622.585 622.623 622.663 622.6 622.581 622.626 622.578 622.565 622.59 622.546 622.574 622.588 622.539 622.437 622.357 622.154 622.39 
623.7 622.481 622.631 622.693 622.764 622.755 622.73 622.774 622.87 622.864 622.867 622.826 622.849 622.852 622.842 622.858 622.9 622.937 622.873 622.854 622.901 622.852 622.841 622.865 622.821 622.846 622.861 622.812 622.71 622.628 622.421 622.659 
623.979 622.744 622.897 622.959 623.032 623.021 622.995 623.04 623.139 623.129 623.137 623.094 623.117 623.122 623.11 623.125 623.172 623.206 623.141 623.122 623.171 623.12 623.11 623.135 623.09 623.111 623.129 623.079 622.978 622.895 622.681 622.922 
624.252 623.002 623.155 623.219 623.294 623.281 623.256 623.301 623.402 623.389 623.4 623.358 623.378 623.385 623.372 623.387 623.438 623.469 623.403 623.384 623.434 623.383 623.373 623.398 623.352 623.371 623.391 623.341 623.24 623.157 622.935 623.181 
624.518 623.253 623.407 623.473 623.55 623.535 623.511 623.557 623.659 623.644 623.657 623.614 623.634 623.641 623.628 623.643 623.696 623.726 623.658 623.64 623.692 623.641 623.629 623.655 623.607 623.626 623.647 623.598 623.496 623.412 623.184 623.435 
624.777 623.497 623.653 623.72 623.798 623.784 623.76 623.807 623.908 623.893 623.906 623.865 623.883 623.891 623.878 623.893 623.948 623.978 623.907 623.891 623.942 623.893 623.878 623.905 623.857 623.874 623.897 623.848 623.746 623.661 623.426 623.682 
625.029 623.735 623.893 623.96 624.041 624.026 624.002 624.05 624.151 624.138 624.148 624.109 624.126 624.135 624.122 624.137 624.192 624.223 624.149 624.134 624.186 624.139 624.12 624.149 624.099 624.115 624.14 624.091 623.989 623.904 623.663 623.921 
625.275 623.968 624.127 624.195 624.277 624.262 624.239 624.287 624.387 624.376 624.383 624.346 624.362 624.373 624.36 624.375 624.43 624.462 624.385 624.37 624.422 624.379 624.355 624.387 624.336 624.349 624.377 624.326 624.224 624.139 623.893 624.154 
625.513 624.194 624.354 624.423 624.506 624.492 624.469 624.517 624.617 624.607 624.612 624.575 624.591 624.604 624.591 624.607 624.66 624.694 624.615 624.599 624.651 624.612 624.584 624.617 624.565 624.577 624.606 624.554 624.453 624.368 624.118 624.379 
625.744 624.414 624.574 624.645 624.73 624.714 624.693 624.74 624.839 624.831 624.833 624.797 624.813 624.829 624.815 624.833 624.882 624.918 624.837 624.82 624.874 624.837 624.806 624.84 624.788 624.797 624.829 624.774 624.674 624.59 624.335 624.598 
625.968 624.627 624.787 624.861 624.946 624.929 624.91 624.957 625.054 625.047 625.048 625.011 625.028 625.047 625.032 625.051 625.097 625.134 625.054 625.035 625.089 625.054 625.022 625.055 625.003 625.01 625.044 624.988 624.889 624.804 624.546 624.809 
626.184 624.834 624.992 625.07 625.155 625.136 625.121 625.167 625.262 625.256 625.255 625.219 625.236 625.257 625.241 625.263 625.304 625.342 625.263 625.243 625.298 625.264 625.231 625.264 625.21 625.217 625.253 625.196 625.097 625.01 624.749 625.013 
626.394 625.033 625.191 625.272 625.357 625.337 625.325 625.371 625.462 625.458 625.456 625.419 625.438 625.461 625.444 625.468 625.505 625.543 625.466 625.444 625.5 625.467 625.433 625.466 625.411 625.416 625.454 625.398 625.299 625.21 624.946 625.211 
626.597 625.226 625.384 625.468 625.553 625.532 625.522 625.568 625.657 625.654 625.65 625.614 625.634 625.658 625.64 625.666 625.699 625.737 625.662 625.64 625.697 625.663 625.629 625.663 625.605 625.61 625.651 625.594 625.495 625.403 625.136 625.404 
626.795 625.413 625.571 625.658 625.743 625.721 625.713 625.76 625.845 625.844 625.84 625.804 625.825 625.85 625.83 625.86 625.888 625.925 625.853 625.83 625.888 625.855 625.818 625.854 625.794 625.799 625.842 625.786 625.686 625.592 625.32 625.591 
