597.145 597.145 597.145 597.145 597.145 597.145 597.145 597.145 597.145 597.145 597.145 597.145 597.145 597.145 597.145 597.145 597.145 597.145 597.145 597.145 597.145 597.145 597.145 597.145 597.145 597.145 597.145 597.145 597.145 597.145 597.145 597.145 
597.306 597.305 597.303 597.301 597.302 597.302 597.304 597.303 597.304 597.301 597.303 597.303 597.303 597.303 597.302 597.302 597.302 597.303 597.299 597.305 597.302 597.302 597.301 597.299 597.303 597.301 597.299 597.3 597.299 597.301 597.298 597.297 
597.47 597.467 597.465 597.461 597.462 597.464 597.466 597.465 597.467 597.462 597.466 597.464 597.464 597.465 597.463 597.464 597.462 597.464 597.458 597.468 597.463 597.462 597.462 597.457 597.465 597.461 597.457 597.459 597.457 597.461 597.455 597.454 
597.639 597.634 597.633 597.626 597.627 597.63 597.633 597.63 597.634 597.628 597.635 597.63 597.631 597.631 597.629 597.631 597.626 597.63 597.622 597.635 597.63 597.628 597.628 597.622 597.631 597.627 597.621 597.622 597.62 597.626 597.617 597.616 
597.815 597.806 597.806 597.796 597.799 597.802 597.805 597.801 597.808 597.801 597.81 597.802 597.804 597.804 597.802 597.805 597.797 597.802 597.793 597.809 597.802 597.8 597.8 597.793 597.803 597.799 597.791 597.791 597.79 597.797 597.784 597.785 
597.998 597.984 597.987 597.974 597.978 597.982 597.984 597.978 597.988 597.981 597.993 597.981 597.984 597.984 597.982 597.986 597.974 597.981 597.97 597.989 597.982 597.979 597.979 597.972 597.981 597.977 597.969 597.967 597.968 597.974 597.957 597.961 
598.19 598.17 598.174 598.159 598.164 598.169 598.172 598.162 598.175 598.168 598.182 598.167 598.172 598.173 598.169 598.174 598.16 598.167 598.156 598.176 598.17 598.166 598.165 598.159 598.166 598.164 598.154 598.15 598.154 598.159 598.138 598.145 
598.39 598.364 598.369 598.353 598.359 598.363 598.367 598.353 598.37 598.362 598.379 598.361 598.367 598.369 598.364 598.369 598.353 598.361 598.349 598.371 598.365 598.36 598.358 598.354 598.359 598.358 598.349 598.341 598.348 598.352 598.328 598.337 
598.598 598.564 598.571 598.556 598.562 598.565 598.571 598.553 598.573 598.563 598.582 598.562 598.57 598.574 598.568 598.57 598.555 598.564 598.549 598.574 598.569 598.562 598.559 598.557 598.56 598.559 598.551 598.541 598.549 598.553 598.525 598.537 
598.813 598.772 598.779 598.767 598.772 598.775 598.781 598.76 598.784 598.771 598.793 598.771 598.78 598.786 598.779 598.779 598.765 598.774 598.758 598.784 598.78 598.771 598.768 598.767 598.768 598.768 598.761 598.749 598.756 598.76 598.73 598.744 
599.037 598.988 598.994 598.984 598.989 598.992 598.997 598.976 599.002 598.986 599.011 598.988 598.997 599.005 598.996 598.995 598.981 598.992 598.973 599.001 598.998 598.987 598.983 598.985 598.983 598.984 598.978 598.964 598.971 598.975 598.942 598.958 
599.268 599.21 599.216 599.209 599.212 599.215 599.22 599.199 599.227 599.209 599.236 599.212 599.221 599.229 599.221 599.217 599.205 599.217 599.196 599.224 599.224 599.211 599.206 599.211 599.205 599.206 599.202 599.188 599.193 599.196 599.162 599.18 
599.507 599.438 599.445 599.44 599.441 599.446 599.448 599.429 599.458 599.44 599.467 599.443 599.452 599.46 599.451 599.447 599.434 599.449 599.427 599.455 599.456 599.441 599.435 599.443 599.434 599.435 599.431 599.42 599.422 599.424 599.389 599.407 
599.752 599.672 599.68 599.676 599.676 599.683 599.682 599.665 599.696 599.679 599.704 599.68 599.69 599.695 599.687 599.683 599.67 599.688 599.663 599.692 599.694 599.677 599.671 599.683 599.669 599.671 599.666 599.659 599.657 599.659 599.622 599.641 
600.004 599.911 599.92 599.919 599.918 599.926 599.923 599.908 599.939 599.925 599.947 599.923 599.935 599.937 599.93 599.926 599.911 599.933 599.906 599.936 599.939 599.921 599.914 599.928 599.912 599.913 599.907 599.906 599.899 599.899 599.863 599.881 
600.263 600.157 600.167 600.168 600.166 600.174 600.17 600.155 600.188 600.177 600.195 600.171 600.185 600.183 600.179 600.175 600.158 600.184 600.155 600.186 600.189 600.17 600.162 600.179 600.161 600.162 600.155 600.159 600.145 600.145 600.109 600.125 
600.528 600.408 600.418 600.423 600.42 600.428 600.424 600.409 600.442 600.434 600.448 600.425 600.441 600.436 600.434 600.429 600.412 600.44 600.41 600.442 600.446 600.425 600.417 600.436 600.417 600.417 600.409 600.418 600.397 600.398 600.361 600.375 
600.799 600.664 600.675 600.683 600.679 600.687 600.684 600.667 600.703 600.696 600.706 600.684 600.701 600.694 600.693 600.689 600.671 600.7 600.67 600.704 600.708 600.685 600.676 600.697 600.678 600.677 600.669 600.682 600.654 600.656 600.619 600.629 
601.075 600.926 600.937 600.949 600.943 600.951 600.95 600.931 600.969 600.962 600.969 600.949 600.967 600.958 600.957 600.953 600.937 600.966 600.935 600.971 600.976 600.95 600.941 600.964 600.945 600.941 600.935 600.951 600.917 600.92 600.882 600.889 
601.357 601.192 601.204 601.22 601.213 601.22 601.222 601.2 601.239 601.233 601.237 601.218 601.238 601.228 601.224 601.223 601.208 601.236 601.206 601.243 601.248 601.22 601.211 601.235 601.217 601.21 601.207 601.224 601.186 601.189 601.15 601.154 
601.643 601.462 601.476 601.496 601.488 601.493 601.499 601.473 601.515 601.507 601.511 601.492 601.513 601.503 601.496 601.498 601.483 601.51 601.481 601.519 601.526 601.495 601.487 601.511 601.495 601.484 601.484 601.502 601.461 601.463 601.423 601.424 
601.932 601.737 601.751 601.775 601.767 601.77 601.779 601.75 601.794 601.786 601.789 601.771 601.792 601.782 601.772 601.778 601.762 601.789 601.761 601.8 601.807 601.774 601.768 601.791 601.776 601.763 601.764 601.784 601.74 601.741 601.7 601.698 
602.226 602.016 602.031 602.057 602.051 602.052 602.063 602.031 602.078 602.068 602.073 602.053 602.074 602.065 602.052 602.062 602.045 602.072 602.045 602.084 602.092 602.058 602.054 602.075 602.062 602.047 602.048 602.071 602.023 602.024 601.981 601.978 
602.524 602.299 602.315 602.342 602.338 602.337 602.351 602.316 602.366 602.354 602.362 602.339 602.36 602.352 602.337 602.351 602.333 602.36 602.332 602.372 602.381 602.345 602.344 602.363 602.352 602.335 602.336 602.361 602.31 602.311 602.265 602.263 
602.826 602.587 602.602 602.631 602.628 602.626 602.642 602.605 602.658 602.645 602.655 602.628 602.648 602.643 602.625 602.643 602.624 602.652 602.623 602.664 602.673 602.636 602.637 602.655 602.643 602.627 602.627 602.656 602.601 602.603 602.552 602.553 
603.131 602.878 602.891 602.923 602.922 602.919 602.936 602.898 602.954 602.939 602.951 602.921 602.94 602.938 602.917 602.939 602.92 602.948 602.918 602.959 602.969 602.93 602.932 602.951 602.937 602.922 602.923 602.953 602.895 602.899 602.841 602.847 
603.44 603.173 603.184 603.218 603.218 603.216 603.234 603.195 603.252 603.238 603.251 603.218 603.235 603.237 603.212 603.238 603.221 603.247 603.216 603.258 603.269 603.227 603.231 603.251 603.234 603.22 603.223 603.254 603.194 603.197 603.134 603.144 
603.752 603.471 603.479 603.517 603.518 603.516 603.534 603.496 603.554 603.541 603.553 603.518 603.534 603.541 603.509 603.539 603.525 603.55 603.519 603.56 603.572 603.526 603.533 603.554 603.534 603.522 603.527 603.557 603.496 603.499 603.43 603.444 
604.067 603.771 603.777 603.819 603.821 603.818 603.838 603.802 603.858 603.846 603.858 603.822 603.836 603.847 603.809 603.844 603.833 603.857 603.825 603.865 603.878 603.828 603.839 603.859 603.838 603.827 603.834 603.863 603.801 603.803 603.729 603.747 
604.385 604.075 604.079 604.124 604.127 604.122 604.145 604.11 604.165 604.154 604.165 604.128 604.141 604.157 604.111 604.151 604.144 604.167 604.135 604.172 604.188 604.134 604.147 604.168 604.145 604.135 604.145 604.172 604.109 604.11 604.032 604.053 
604.705 604.38 604.384 604.432 604.434 604.429 604.455 604.422 604.474 604.465 604.476 604.438 604.45 604.468 604.417 604.46 604.456 604.479 604.447 604.483 604.499 604.443 604.457 604.479 604.456 604.445 604.459 604.484 604.418 604.418 604.338 604.362 
605.028 604.689 604.693 604.742 604.745 604.737 604.768 604.736 604.785 604.778 604.788 604.75 604.761 604.781 604.727 604.772 604.77 604.795 604.761 604.795 604.812 604.754 604.769 604.793 604.77 604.759 604.774 604.798 604.729 604.729 604.646 604.675 
605.354 604.999 605.005 605.055 605.058 605.048 605.082 605.051 605.098 605.093 605.102 605.066 605.075 605.096 605.039 605.085 605.086 605.112 605.076 605.111 605.127 605.068 605.083 605.109 605.086 605.074 605.092 605.114 605.042 605.042 604.958 604.99 
605.682 605.312 605.318 605.369 605.374 605.361 605.397 605.369 605.414 605.41 605.419 605.383 605.391 605.413 605.354 605.401 605.403 605.432 605.392 605.428 605.444 605.385 605.4 605.427 605.403 605.392 605.411 605.433 605.356 605.356 605.27 605.309 
606.012 605.626 605.632 605.685 605.693 605.677 605.714 605.687 605.732 605.729 605.737 605.702 605.709 605.732 605.672 605.719 605.722 605.753 605.71 605.748 605.763 605.704 605.718 605.747 605.723 605.711 605.731 605.752 605.673 605.671 605.585 605.629 
606.343 605.942 605.948 606.003 606.015 605.996 606.032 606.007 606.052 606.048 606.058 606.022 606.028 606.052 605.992 606.04 606.043 606.075 606.032 606.071 606.084 606.025 606.038 606.068 606.044 606.033 606.053 606.074 605.992 605.988 605.901 605.951 
606.677 606.258 606.265 606.322 606.338 606.316 606.352 606.329 606.374 606.37 606.382 606.343 606.349 606.375 606.314 606.363 606.366 606.399 606.357 606.395 606.407 606.347 606.36 606.391 606.368 606.357 606.375 606.396 606.314 606.306 606.219 606.274 
607.012 606.576 606.583 606.643 606.662 606.637 606.674 606.652 606.698 606.693 606.71 606.667 606.671 606.699 606.638 606.687 606.69 606.724 606.684 606.72 606.732 606.671 606.683 606.716 606.694 606.682 606.7 606.721 606.637 606.625 606.538 606.598 
607.35 606.896 606.904 606.965 606.986 606.96 606.997 606.978 607.023 607.019 607.039 606.992 606.996 607.025 606.965 607.012 607.016 607.05 607.014 607.047 607.057 606.996 607.008 607.043 607.022 607.009 607.025 607.046 606.962 606.947 606.86 606.922 
607.69 607.217 607.228 607.29 607.31 607.284 607.322 607.305 607.349 607.347 607.37 607.318 607.323 607.353 607.294 607.339 607.343 607.379 607.345 607.375 607.383 607.323 607.334 607.371 607.351 607.337 607.352 607.372 607.288 607.271 607.183 607.247 
608.031 607.54 607.553 607.616 607.635 607.61 607.648 607.634 607.675 607.677 607.701 607.647 607.652 607.682 607.624 607.667 607.673 607.709 607.677 607.704 607.71 607.651 607.662 607.7 607.682 607.666 607.681 607.698 607.614 607.597 607.508 607.573 
608.373 607.864 607.881 607.943 607.96 607.938 607.976 607.964 608.001 608.007 608.032 607.978 607.983 608.013 607.955 607.997 608.005 608.041 608.01 608.033 608.039 607.981 607.991 608.029 608.014 607.996 608.011 608.024 607.941 607.924 607.835 607.901 
608.716 608.188 608.21 608.272 608.286 608.267 608.304 608.294 608.328 608.338 608.363 608.31 608.314 608.344 608.287 608.328 608.337 608.374 608.343 608.362 608.37 608.313 608.322 608.359 608.348 608.327 608.342 608.352 608.268 608.252 608.162 608.23 
609.059 608.512 608.539 608.6 608.614 608.597 608.634 608.624 608.656 608.669 608.694 608.643 608.646 608.675 608.621 608.662 608.67 608.707 608.677 608.692 608.702 608.645 608.653 608.69 608.681 608.658 608.674 608.681 608.596 608.58 608.491 608.56 
609.403 608.837 608.869 608.928 608.944 608.926 608.964 608.954 608.984 609.001 609.024 608.974 608.978 609.006 608.955 608.996 609.003 609.041 609.011 609.023 609.035 608.978 608.985 609.021 609.015 608.99 609.008 609.013 608.925 608.909 608.82 608.891 
609.747 609.163 609.199 609.255 609.275 609.255 609.294 609.285 609.313 609.334 609.356 609.305 609.311 609.339 609.29 609.331 609.337 609.375 609.346 609.356 609.368 609.312 609.318 609.353 609.349 609.322 609.342 609.346 609.256 609.238 609.15 609.222 
610.092 609.49 609.53 609.583 609.608 609.585 609.624 609.618 609.644 609.667 609.688 609.636 609.645 609.672 609.624 609.666 609.672 609.71 609.681 609.689 609.702 609.645 609.651 609.685 609.681 609.655 609.678 609.681 609.587 609.568 609.48 609.553 
610.436 609.817 609.86 609.912 609.942 609.916 609.955 609.952 609.975 610 610.022 609.966 609.978 610.007 609.959 610.001 610.009 610.047 610.018 610.022 610.037 609.979 609.984 610.018 610.013 609.988 610.014 610.016 609.919 609.898 609.811 609.884 
610.779 610.146 610.191 610.242 610.276 610.248 610.286 610.288 610.307 610.334 610.357 610.298 610.313 610.342 610.294 610.336 610.346 610.385 610.354 610.356 610.372 610.313 610.318 610.351 610.345 610.321 610.351 610.35 610.252 610.229 610.143 610.216 
611.123 610.475 610.523 610.573 610.609 610.581 610.617 610.624 610.64 610.667 610.691 610.63 610.648 610.677 610.629 610.672 610.683 610.724 610.691 610.689 610.709 610.647 610.652 610.685 610.677 610.655 610.688 610.685 610.585 610.561 610.476 610.547 
611.466 610.804 610.855 610.904 610.942 610.916 610.949 610.961 610.974 611.001 611.026 610.963 610.982 611.012 610.966 611.008 611.019 611.062 611.026 611.023 611.046 610.981 610.986 611.019 611.009 610.989 611.025 611.019 610.918 610.892 610.808 610.878 
611.81 611.134 611.187 611.236 611.275 611.251 611.282 611.298 611.309 611.334 611.361 611.297 611.316 611.346 611.304 611.346 611.355 611.4 611.362 611.357 611.384 611.315 611.322 611.355 611.342 611.324 611.362 611.353 611.252 611.223 611.14 611.209 
612.156 611.463 611.521 611.568 611.606 611.587 611.615 611.635 611.646 611.668 611.695 611.632 611.651 611.679 611.642 611.683 611.69 611.738 611.697 611.692 611.721 611.649 611.658 611.69 611.676 611.66 611.698 611.688 611.587 611.554 611.471 611.539 
612.502 611.794 611.855 611.901 611.937 611.923 611.948 611.971 611.983 612.002 612.029 611.968 611.985 612.012 611.981 612.02 612.026 612.075 612.031 612.026 612.058 611.985 611.994 612.026 612.011 611.997 612.035 612.024 611.922 611.886 611.801 611.87 
612.849 612.124 612.19 612.234 612.269 612.261 612.281 612.308 612.321 612.337 612.362 612.304 612.32 612.345 612.318 612.356 612.362 612.412 612.366 612.36 612.395 612.321 612.331 612.362 612.346 612.334 612.371 612.359 612.258 612.218 612.13 612.2 
613.196 612.453 612.526 612.569 612.6 612.598 612.614 612.644 612.658 612.672 612.695 612.64 612.657 612.679 612.656 612.692 612.697 612.749 612.699 612.694 612.73 612.659 612.667 612.697 612.681 612.671 612.708 612.694 612.594 612.549 612.459 612.531 
613.543 612.782 612.862 612.904 612.932 612.935 612.946 612.979 612.995 613.007 613.028 612.976 612.994 613.014 612.992 613.026 613.033 613.086 613.033 613.028 613.065 612.996 613.003 613.033 613.016 613.007 613.043 613.028 612.929 612.881 612.788 612.863 
613.889 613.111 613.197 613.24 613.265 613.271 613.278 613.314 613.332 613.342 613.361 613.311 613.33 613.348 613.328 613.36 613.369 613.423 613.367 613.363 613.399 613.332 613.338 613.369 613.349 613.342 613.378 613.363 613.264 613.213 613.117 613.196 
614.236 613.439 613.532 613.575 613.598 613.605 613.61 613.648 613.669 613.676 613.694 613.645 613.666 613.683 613.664 613.693 613.704 613.76 613.701 613.698 613.733 613.667 613.673 613.705 613.682 613.676 613.713 613.696 613.598 613.545 613.444 613.528 
614.583 613.768 613.868 613.909 613.93 613.937 613.943 613.982 614.006 614.01 614.029 613.981 614.001 614.016 613.999 614.027 614.039 614.096 614.037 614.034 614.067 614 614.007 614.042 614.015 614.008 614.047 614.03 613.933 613.877 613.772 613.86 
614.929 614.098 614.203 614.243 614.263 614.268 614.276 614.316 614.342 614.345 614.366 614.316 614.335 614.349 614.334 614.362 614.375 614.432 614.372 614.371 614.4 614.333 614.34 614.379 614.348 614.339 614.38 614.364 614.268 614.207 614.099 614.192 
615.275 614.428 614.537 614.576 614.595 614.598 614.609 614.649 614.679 614.682 614.702 614.653 614.668 614.682 614.668 614.698 614.711 614.767 614.708 614.707 614.734 614.666 614.672 614.715 614.681 614.67 614.713 614.698 614.603 614.538 614.428 614.524 
615.621 614.758 614.871 614.909 614.929 614.928 614.942 614.983 615.016 615.019 615.039 614.989 615.002 615.015 615.002 615.034 615.047 615.104 615.044 615.044 615.068 614.999 615.005 615.049 615.014 615 615.047 615.031 614.938 614.868 614.756 614.856 
615.968 615.088 615.205 615.242 615.264 615.259 615.273 615.316 615.353 615.357 615.375 615.324 615.335 615.349 615.336 615.369 615.383 615.44 615.379 615.379 615.4 615.333 615.338 615.382 615.347 615.331 615.38 615.364 615.271 615.198 615.085 615.188 
616.314 615.416 615.536 615.574 615.599 615.59 615.603 615.648 615.689 615.695 615.709 615.659 615.67 615.682 615.67 615.705 615.719 615.776 615.713 615.712 615.732 615.668 615.67 615.714 615.68 615.663 615.713 615.696 615.604 615.528 615.413 615.519 
616.66 615.743 615.866 615.905 615.934 615.921 615.933 615.98 616.024 616.031 616.043 615.993 616.004 616.013 616.005 616.039 616.054 616.112 616.047 616.045 616.064 616.003 616.002 616.044 616.011 615.995 616.047 616.027 615.936 615.856 615.741 615.851 
617.006 616.069 616.194 616.236 616.268 616.252 616.262 616.312 616.359 616.367 616.375 616.327 616.337 616.343 616.339 616.372 616.387 616.446 616.379 616.377 616.394 616.338 616.333 616.374 616.341 616.327 616.38 616.358 616.267 616.185 616.067 616.182 
617.35 616.395 616.521 616.566 616.601 616.581 616.59 616.643 616.692 616.702 616.706 616.66 616.67 616.672 616.673 616.704 616.718 616.78 616.71 616.708 616.725 616.672 616.664 616.702 616.671 616.659 616.712 616.687 616.596 616.512 616.393 616.513 
617.694 616.72 616.846 616.894 616.932 616.91 616.918 616.974 617.024 617.035 617.036 616.993 617.002 617 617.006 617.035 617.047 617.112 617.04 617.038 617.054 617.005 616.994 617.03 616.999 616.99 617.042 617.015 616.924 616.838 616.717 616.844 
618.035 617.045 617.17 617.221 617.261 617.238 617.244 617.303 617.356 617.367 617.365 617.324 617.332 617.328 617.337 617.364 617.375 617.443 617.369 617.366 617.383 617.336 617.323 617.357 617.325 617.321 617.37 617.341 617.25 617.163 617.04 617.173 
618.374 617.37 617.492 617.547 617.589 617.565 617.569 617.632 617.686 617.697 617.692 617.652 617.661 617.655 617.666 617.69 617.701 617.771 617.697 617.694 617.711 617.666 617.652 617.684 617.651 617.651 617.696 617.667 617.574 617.488 617.361 617.501 
618.709 617.694 617.814 617.87 617.915 617.891 617.893 617.96 618.015 618.025 618.018 617.978 617.989 617.982 617.993 618.014 618.027 618.097 618.024 618.021 618.038 617.995 617.979 618.011 617.974 617.978 618.021 617.991 617.897 617.811 617.68 617.827 
619.042 618.017 618.134 618.192 618.239 618.217 618.215 618.285 618.341 618.35 618.341 618.303 618.315 618.308 618.318 618.337 618.352 618.421 618.348 618.346 618.364 618.321 618.304 618.337 618.297 618.304 618.344 618.313 618.219 618.134 617.998 618.152 
619.371 618.337 618.454 618.512 618.56 618.541 618.536 618.607 618.664 618.672 618.663 618.625 618.639 618.633 618.64 618.658 618.675 618.744 618.67 618.669 618.688 618.645 618.627 618.661 618.618 618.629 618.665 618.633 618.539 618.456 618.314 618.475 
619.698 618.654 618.771 618.831 618.88 618.863 618.856 618.928 618.985 618.992 618.982 618.945 618.961 618.956 618.96 618.978 618.997 619.064 618.99 618.99 619.011 618.966 618.949 618.984 618.938 618.953 618.985 618.952 618.857 618.775 618.628 618.797 
620.023 618.969 619.087 619.147 619.197 619.183 619.174 619.245 619.304 619.31 619.299 619.263 619.281 619.277 619.276 619.296 619.316 619.383 619.308 619.307 619.331 619.285 619.268 619.304 619.256 619.274 619.302 619.267 619.172 619.092 618.94 619.116 
620.346 619.282 619.4 619.461 619.511 619.501 619.489 619.56 619.62 619.625 619.615 619.578 619.597 619.594 619.589 619.611 619.631 619.699 619.623 619.62 619.648 619.601 619.585 619.621 619.572 619.593 619.616 619.58 619.483 619.406 619.25 619.432 
620.667 619.592 619.712 619.771 619.824 619.815 619.802 619.872 619.935 619.937 619.928 619.89 619.911 619.908 619.899 619.925 619.944 620.011 619.936 619.931 619.96 619.914 619.9 619.934 619.885 619.909 619.929 619.89 619.792 619.717 619.555 619.744 
620.986 619.9 620.021 620.079 620.133 620.126 620.112 620.179 620.248 620.247 620.239 620.2 620.221 620.219 620.207 620.236 620.254 620.32 620.247 620.239 620.27 620.225 620.21 620.244 620.196 620.222 620.238 620.198 620.097 620.024 619.858 620.053 
621.303 620.205 620.328 620.383 620.439 620.433 620.419 620.483 620.557 620.554 620.546 620.506 620.528 620.528 620.514 620.544 620.561 620.624 620.555 620.544 620.576 620.533 620.517 620.55 620.503 620.531 620.545 620.503 620.401 620.329 620.157 620.359 
621.617 620.505 620.63 620.685 620.742 620.738 620.723 620.784 620.862 620.857 620.85 620.81 620.832 620.834 620.818 620.848 620.866 620.925 620.86 620.846 620.879 620.837 620.82 620.852 620.806 620.837 620.848 620.805 620.702 620.631 620.453 620.663 
621.927 620.801 620.928 620.985 621.042 621.039 621.023 621.081 621.162 621.158 621.15 621.11 621.132 621.136 621.12 621.149 621.168 621.224 621.161 621.146 621.18 621.137 621.119 621.15 621.106 621.138 621.149 621.104 621.001 620.93 620.746 620.963 
622.233 621.093 621.223 621.281 621.34 621.337 621.32 621.374 621.457 621.454 621.447 621.407 621.428 621.434 621.418 621.445 621.467 621.52 621.457 621.441 621.477 621.434 621.416 621.445 621.402 621.436 621.446 621.399 621.296 621.224 621.036 621.259 
622.535 621.38 621.513 621.573 621.634 621.631 621.612 621.664 621.748 621.747 621.739 621.7 621.722 621.726 621.712 621.737 621.762 621.812 621.75 621.733 621.77 621.727 621.709 621.736 621.694 621.728 621.738 621.69 621.588 621.514 621.322 621.55 
622.833 621.663 621.8 621.861 621.923 621.92 621.9 621.949 622.034 622.034 622.028 621.989 622.011 622.014 622.002 622.024 622.053 622.101 622.038 622.02 622.06 622.016 621.999 622.024 621.983 622.016 622.026 621.977 621.875 621.799 621.604 621.836 
623.126 621.94 622.082 622.144 622.209 622.204 622.182 622.229 622.317 622.317 622.313 622.272 622.295 622.298 622.288 622.307 622.34 622.385 622.322 622.303 622.344 622.299 622.285 622.309 622.267 622.298 622.309 622.26 622.158 622.08 621.882 622.115 
623.416 622.213 622.359 622.421 622.489 622.483 622.459 622.505 622.596 622.593 622.592 622.551 622.575 622.578 622.568 622.584 622.623 622.664 622.601 622.581 622.625 622.577 622.566 622.59 622.546 622.575 622.588 622.538 622.436 622.357 622.154 622.389 
623.7 622.482 622.631 622.693 622.764 622.755 622.731 622.775 622.87 622.864 622.867 622.826 622.848 622.853 622.842 622.857 622.9 622.938 622.874 622.854 622.9 622.851 622.842 622.865 622.821 622.847 622.861 622.811 622.709 622.628 622.421 622.658 
623.979 622.745 622.897 622.959 623.032 623.021 622.997 623.041 623.139 623.129 623.137 623.094 623.116 623.123 623.11 623.124 623.172 623.207 623.142 623.122 623.17 623.119 623.111 623.135 623.09 623.112 623.129 623.078 622.977 622.895 622.681 622.922 
624.251 623.003 623.155 623.219 623.294 623.281 623.257 623.302 623.402 623.389 623.4 623.358 623.377 623.386 623.372 623.386 623.438 623.47 623.404 623.384 623.433 623.382 623.374 623.398 623.352 623.372 623.391 623.34 623.239 623.157 622.935 623.181 
624.517 623.254 623.407 623.473 623.55 623.535 623.512 623.558 623.659 623.644 623.657 623.614 623.633 623.642 623.628 623.642 623.696 623.727 623.659 623.64 623.691 623.64 623.63 623.655 623.607 623.627 623.647 623.597 623.495 623.412 623.184 623.434 
624.776 623.498 623.653 623.72 623.798 623.784 623.761 623.808 623.908 623.893 623.906 623.865 623.882 623.892 623.878 623.892 623.948 623.979 623.908 623.891 623.941 623.892 623.879 623.905 623.857 623.875 623.897 623.847 623.745 623.661 623.426 623.681 
625.029 623.737 623.893 623.96 624.041 624.026 624.003 624.051 624.151 624.138 624.148 624.109 624.124 624.136 624.122 624.136 624.192 624.224 624.15 624.134 624.184 624.138 624.121 624.149 624.099 624.116 624.14 624.089 623.988 623.904 623.663 623.921 
625.274 623.969 624.127 624.195 624.277 624.262 624.24 624.288 624.387 624.376 624.383 624.346 624.361 624.374 624.36 624.374 624.43 624.463 624.386 624.37 624.421 624.378 624.356 624.387 624.336 624.35 624.377 624.325 624.223 624.139 623.893 624.153 
625.513 624.195 624.354 624.423 624.506 624.492 624.47 624.518 624.617 624.607 624.612 624.575 624.59 624.606 624.591 624.606 624.66 624.695 624.616 624.599 624.65 624.611 624.585 624.617 624.565 624.578 624.606 624.553 624.452 624.368 624.118 624.379 
625.744 624.415 624.574 624.645 624.73 624.714 624.694 624.741 624.839 624.831 624.833 624.797 624.812 624.83 624.815 624.831 624.882 624.919 624.839 624.82 624.872 624.836 624.807 624.84 624.788 624.798 624.829 624.773 624.673 624.59 624.335 624.597 
625.967 624.629 624.787 624.861 624.946 624.929 624.912 624.958 625.054 625.047 625.048 625.011 625.027 625.048 625.032 625.05 625.097 625.135 625.055 625.035 625.088 625.053 625.023 625.055 625.003 625.011 625.044 624.987 624.888 624.804 624.546 624.808 
626.184 624.835 624.992 625.07 625.155 625.136 625.122 625.168 625.262 625.256 625.255 625.219 625.235 625.258 625.241 625.262 625.304 625.343 625.264 625.243 625.297 625.263 625.232 625.264 625.21 625.218 625.253 625.195 625.096 625.01 624.749 625.013 
626.393 625.034 625.191 625.272 625.357 625.337 625.326 625.372 625.462 625.458 625.456 625.419 625.437 625.462 625.444 625.467 625.505 625.544 625.467 625.444 625.499 625.465 625.434 625.466 625.411 625.417 625.454 625.397 625.298 625.21 624.946 625.211 
626.597 625.227 625.384 625.468 625.553 625.532 625.523 625.569 625.657 625.654 625.65 625.614 625.633 625.659 625.64 625.665 625.699 625.738 625.663 625.64 625.695 625.662 625.63 625.663 625.605 625.611 625.651 625.593 625.494 625.403 625.136 625.403 
626.795 625.415 625.571 625.658 625.743 625.721 625.714 625.762 625.845 625.844 625.84 625.804 625.823 625.851 625.83 625.859 625.888 625.927 625.855 625.83 625.886 625.854 625.82 625.854 625.794 625.8 625.842 625.785 625.685 625.592 625.32 625.59 
