0 0 0 0 0 0 0 0 0 0 0 0 0 0 0 0 0 0 0 0 0 0 0 0 0 0 0 0 0 0 0 0 
3.04655e-05 4.7813e-08 9.56261e-08 9.5626e-08 9.56261e-08 1.90849e-05 4.78132e-08 1.90849e-05 -1.89415e-05 9.56261e-08 9.56263e-08 4.78133e-08 1.90849e-05 1.90849e-05 9.56262e-08 1.90849e-05 -1.89415e-05 9.56262e-08 1.90849e-05 9.56261e-08 4.78132e-08 1.90849e-05 4.78132e-08 -1.89415e-05 9.56264e-08 9.56263e-08 4.7813e-08 1.90849e-05 4.78132e-08 9.56263e-08 9.56262e-08 2.97041e-05 
5.92457e-05 9.56275e-08 1.91254e-07 1.91254e-07 1.91254e-07 3.81702e-05 9.56273e-08 3.81702e-05 -3.78833e-05 1.91254e-07 1.91254e-07 9.56269e-08 3.81702e-05 3.81701e-05 1.91254e-07 3.81701e-05 -3.78833e-05 1.91254e-07 3.81701e-05 1.91254e-07 9.56271e-08 3.81701e-05 9.5627e-08 -3.78832e-05 1.91254e-07 1.91254e-07 9.56267e-08 3.81701e-05 9.56271e-08 1.91254e-07 1.91254e-07 5.76267e-05 
8.8027e-05 1.43443e-07 2.86884e-07 2.86884e-07 2.86883e-07 5.72558e-05 1.43442e-07 5.72558e-05 -5.68255e-05 2.86884e-07 2.86884e-07 1.43442e-07 5.72558e-05 5.72558e-05 2.86884e-07 5.72557e-05 -5.68254e-05 2.86884e-07 5.72557e-05 2.86884e-07 1.43442e-07 5.72557e-05 1.43442e-07 -5.68254e-05 2.86884e-07 2.86884e-07 1.43441e-07 5.72557e-05 1.43442e-07 2.86884e-07 2.86883e-07 8.55225e-05 
0.00011678 1.91259e-07 3.82516e-07 3.82516e-07 3.82515e-07 7.63418e-05 1.91258e-07 7.63419e-05 -7.57681e-05 3.82516e-07 3.82516e-07 1.91258e-07 7.63418e-05 7.63418e-05 3.82516e-07 7.63417e-05 -7.5768e-05 3.82516e-07 7.63417e-05 3.82516e-07 1.91258e-07 7.63417e-05 1.91258e-07 -7.57679e-05 3.82515e-07 3.82515e-07 1.91257e-07 7.63416e-05 1.91258e-07 3.82515e-07 3.82515e-07 0.000113425 
0.000145543 2.39076e-07 4.78149e-07 4.78149e-07 4.78149e-07 9.54283e-05 2.39075e-07 9.54284e-05 -9.47111e-05 4.7815e-07 4.7815e-07 2.39074e-07 9.54283e-05 9.54282e-05 4.7815e-07 9.54282e-05 -9.4711e-05 4.78149e-07 9.54281e-05 4.78149e-07 2.39074e-07 9.54281e-05 2.39075e-07 -9.47108e-05 4.78149e-07 4.78149e-07 2.39073e-07 9.54279e-05 2.39075e-07 4.78148e-07 4.78148e-07 0.000141324 
0.000174311 2.86894e-07 5.73786e-07 5.73786e-07 5.73786e-07 0.000114515 2.86893e-07 0.000114515 -0.000113655 5.73786e-07 5.73786e-07 2.86892e-07 0.000114515 0.000114515 5.73786e-07 0.000114515 -0.000113655 5.73786e-07 0.000114515 5.73785e-07 2.86892e-07 0.000114515 2.86893e-07 -0.000113654 5.73785e-07 5.73785e-07 2.86891e-07 0.000114515 2.86893e-07 5.73783e-07 5.73784e-07 0.000169224 
0.00020307 3.34714e-07 6.69426e-07 6.69425e-07 6.69425e-07 0.000133603 3.34713e-07 0.000133603 -0.000132599 6.69425e-07 6.69426e-07 3.34712e-07 0.000133603 0.000133603 6.69425e-07 0.000133603 -0.000132599 6.69424e-07 0.000133602 6.69424e-07 3.34712e-07 0.000133602 3.34712e-07 -0.000132598 6.69423e-07 6.69423e-07 3.3471e-07 0.000133602 3.34712e-07 6.69421e-07 6.69421e-07 0.000197125 
0.000231833 3.82535e-07 7.65068e-07 7.65068e-07 7.65067e-07 0.000152691 3.82534e-07 0.000152691 -0.000151543 7.65067e-07 7.65067e-07 3.82533e-07 0.000152691 0.00015269 7.65066e-07 0.00015269 -0.000151543 7.65065e-07 0.00015269 7.65065e-07 3.82532e-07 0.00015269 3.82532e-07 -0.000151543 7.65064e-07 7.65064e-07 3.82531e-07 0.00015269 3.82533e-07 7.65062e-07 7.65061e-07 0.00022503 
0.000260584 4.30358e-07 8.60713e-07 8.60713e-07 8.60712e-07 0.000171779 4.30356e-07 0.00017178 -0.000170488 8.60712e-07 8.60712e-07 4.30355e-07 0.000171779 0.000171779 8.60711e-07 0.000171779 -0.000170488 8.60709e-07 0.000171779 8.60709e-07 4.30355e-07 0.000171779 4.30353e-07 -0.000170487 8.60708e-07 8.60707e-07 4.30353e-07 0.000171778 4.30354e-07 8.60705e-07 8.60705e-07 0.00025294 
0.000289336 4.78182e-07 9.56361e-07 9.56361e-07 9.5636e-07 0.000190869 4.7818e-07 0.000190869 -0.000189434 9.5636e-07 9.5636e-07 4.78179e-07 0.000190868 0.000190868 9.56358e-07 0.000190868 -0.000189434 9.56356e-07 0.000190868 9.56357e-07 4.78178e-07 0.000190868 4.78177e-07 -0.000189433 9.56355e-07 9.56354e-07 4.78177e-07 0.000190867 4.78177e-07 9.56352e-07 9.56351e-07 0.000280843 
0.000318088 5.26008e-07 1.05201e-06 1.05201e-06 1.05201e-06 0.000209959 5.26006e-07 0.000209959 -0.00020838 1.05201e-06 1.05201e-06 5.26005e-07 0.000209958 0.000209958 1.05201e-06 0.000209958 -0.00020838 1.05201e-06 0.000209958 1.05201e-06 5.26003e-07 0.000209958 5.26002e-07 -0.000208379 1.05201e-06 1.052e-06 5.26001e-07 0.000209957 5.26002e-07 1.052e-06 1.052e-06 0.000308759 
0.000346859 5.73836e-07 1.14767e-06 1.14767e-06 1.14767e-06 0.000229049 5.73834e-07 0.000229049 -0.000227328 1.14767e-06 1.14767e-06 5.73832e-07 0.000229049 0.000229048 1.14766e-06 0.000229048 -0.000227327 1.14766e-06 0.000229048 1.14766e-06 5.7383e-07 0.000229048 5.73829e-07 -0.000227326 1.14766e-06 1.14766e-06 5.73828e-07 0.000229047 5.73829e-07 1.14765e-06 1.14765e-06 0.000336673 
0.00037562 6.21665e-07 1.24333e-06 1.24333e-06 1.24333e-06 0.000248141 6.21663e-07 0.000248141 -0.000246275 1.24332e-06 1.24332e-06 6.21661e-07 0.00024814 0.000248139 1.24332e-06 0.00024814 -0.000246275 1.24332e-06 0.000248139 1.24332e-06 6.21659e-07 0.000248139 6.21658e-07 -0.000246274 1.24332e-06 1.24331e-06 6.21656e-07 0.000248138 6.21657e-07 1.24331e-06 1.24331e-06 0.000364595 
0.000404384 6.69496e-07 1.33899e-06 1.33899e-06 1.33899e-06 0.000267233 6.69494e-07 0.000267233 -0.000265224 1.33899e-06 1.33898e-06 6.69492e-07 0.000267232 0.000267231 1.33898e-06 0.000267231 -0.000265223 1.33898e-06 0.000267231 1.33898e-06 6.69489e-07 0.000267231 6.69488e-07 -0.000265222 1.33898e-06 1.33898e-06 6.69487e-07 0.00026723 6.69487e-07 1.33897e-06 1.33897e-06 0.000392508 
0.00043316 7.17329e-07 1.43466e-06 1.43466e-06 1.43465e-06 0.000286326 7.17327e-07 0.000286326 -0.000284173 1.43465e-06 1.43465e-06 7.17324e-07 0.000286325 0.000286324 1.43465e-06 0.000286324 -0.000284173 1.43464e-06 0.000286324 1.43465e-06 7.17321e-07 0.000286323 7.17321e-07 -0.000284171 1.43464e-06 1.43464e-06 7.17319e-07 0.000286322 7.1732e-07 1.43463e-06 1.43463e-06 0.000420415 
0.000461928 7.65164e-07 1.53033e-06 1.53033e-06 1.53032e-06 0.000305419 7.65162e-07 0.000305419 -0.000303123 1.53032e-06 1.53032e-06 7.65159e-07 0.000305418 0.000305417 1.53032e-06 0.000305418 -0.000303123 1.53031e-06 0.000305417 1.53031e-06 7.65155e-07 0.000305417 7.65156e-07 -0.000303121 1.53031e-06 1.53031e-06 7.65154e-07 0.000305416 7.65153e-07 1.5303e-06 1.5303e-06 0.000448323 
0.000490705 8.13001e-07 1.626e-06 1.626e-06 1.626e-06 0.000324514 8.13e-07 0.000324514 -0.000322074 1.626e-06 1.62599e-06 8.12996e-07 0.000324513 0.000324512 1.62599e-06 0.000324512 -0.000322073 1.62599e-06 0.000324511 1.62599e-06 8.12992e-07 0.000324511 8.12992e-07 -0.000322071 1.62598e-06 1.62598e-06 8.12989e-07 0.00032451 8.12989e-07 1.62597e-06 1.62597e-06 0.000476243 
0.000519475 8.60841e-07 1.72168e-06 1.72168e-06 1.72168e-06 0.000343609 8.60839e-07 0.000343609 -0.000341026 1.72167e-06 1.72167e-06 8.60835e-07 0.000343608 0.000343607 1.72167e-06 0.000343607 -0.000341025 1.72166e-06 0.000343606 1.72167e-06 8.6083e-07 0.000343606 8.60831e-07 -0.000341023 1.72166e-06 1.72166e-06 8.60828e-07 0.000343605 8.60826e-07 1.72165e-06 1.72164e-06 0.000504156 
0.000548272 9.08682e-07 1.81736e-06 1.81736e-06 1.81736e-06 0.000362705 9.0868e-07 0.000362705 -0.000359979 1.81736e-06 1.81735e-06 9.08676e-07 0.000362704 0.000362703 1.81735e-06 0.000362703 -0.000359977 1.81734e-06 0.000362702 1.81735e-06 9.08671e-07 0.000362702 9.08672e-07 -0.000359975 1.81734e-06 1.81734e-06 9.08668e-07 0.0003627 9.08666e-07 1.81733e-06 1.81732e-06 0.00053208 
0.000577052 9.56526e-07 1.91305e-06 1.91305e-06 1.91305e-06 0.000381803 9.56524e-07 0.000381803 -0.000378932 1.91304e-06 1.91304e-06 9.56519e-07 0.000381801 0.0003818 1.91303e-06 0.0003818 -0.000378931 1.91303e-06 0.000381799 1.91303e-06 9.56514e-07 0.000381799 9.56515e-07 -0.000378928 1.91302e-06 1.91302e-06 9.56511e-07 0.000381797 9.56509e-07 1.91301e-06 1.91301e-06 0.000559997 
0.000605823 1.00437e-06 2.00874e-06 2.00874e-06 2.00874e-06 0.000400901 1.00437e-06 0.000400901 -0.000397887 2.00874e-06 2.00873e-06 1.00437e-06 0.000400899 0.000400897 2.00873e-06 0.000400898 -0.000397885 2.00872e-06 0.000400896 2.00873e-06 1.00436e-06 0.000400896 1.00436e-06 -0.000397882 2.00871e-06 2.00871e-06 1.00436e-06 0.000400895 1.00435e-06 2.0087e-06 2.00869e-06 0.000587919 
0.000634611 1.05222e-06 2.10444e-06 2.10444e-06 2.10444e-06 0.00042 1.05222e-06 0.00042 -0.000416842 2.10443e-06 2.10443e-06 1.05221e-06 0.000419997 0.000419996 2.10442e-06 0.000419996 -0.00041684 2.10441e-06 0.000419995 2.10442e-06 1.05221e-06 0.000419995 1.05221e-06 -0.000416837 2.10441e-06 2.1044e-06 1.0522e-06 0.000419993 1.0522e-06 2.1044e-06 2.10439e-06 0.000615842 
0.000663405 1.10007e-06 2.20014e-06 2.20014e-06 2.20014e-06 0.000439099 1.10007e-06 0.000439099 -0.000435798 2.20013e-06 2.20013e-06 1.10006e-06 0.000439097 0.000439096 2.20012e-06 0.000439096 -0.000435796 2.20011e-06 0.000439094 2.20012e-06 1.10006e-06 0.000439094 1.10006e-06 -0.000435793 2.20011e-06 2.2001e-06 1.10005e-06 0.000439092 1.10005e-06 2.20009e-06 2.20008e-06 0.000643773 
0.000692191 1.14793e-06 2.29585e-06 2.29585e-06 2.29584e-06 0.0004582 1.14792e-06 0.0004582 -0.000454755 2.29584e-06 2.29583e-06 1.14792e-06 0.000458198 0.000458196 2.29583e-06 0.000458197 -0.000454753 2.29582e-06 0.000458195 2.29582e-06 1.14791e-06 0.000458195 1.14791e-06 -0.00045475 2.29581e-06 2.29581e-06 1.1479e-06 0.000458193 1.1479e-06 2.29579e-06 2.29578e-06 0.00067171 
0.000720978 1.19578e-06 2.39156e-06 2.39156e-06 2.39156e-06 0.000477302 1.19578e-06 0.000477302 -0.000473714 2.39155e-06 2.39154e-06 1.19577e-06 0.000477299 0.000477298 2.39153e-06 0.000477298 -0.000473711 2.39153e-06 0.000477296 2.39153e-06 1.19576e-06 0.000477296 1.19576e-06 -0.000473707 2.39152e-06 2.39152e-06 1.19576e-06 0.000477294 1.19576e-06 2.3915e-06 2.39149e-06 0.000699643 
0.000749762 1.24364e-06 2.48728e-06 2.48728e-06 2.48727e-06 0.000496405 1.24363e-06 0.000496405 -0.000492673 2.48727e-06 2.48726e-06 1.24363e-06 0.000496402 0.0004964 2.48725e-06 0.0004964 -0.00049267 2.48724e-06 0.000496398 2.48725e-06 1.24362e-06 0.000496399 1.24362e-06 -0.000492666 2.48723e-06 2.48723e-06 1.24361e-06 0.000496396 1.24361e-06 2.48721e-06 2.4872e-06 0.000727561 
0.000778547 1.2915e-06 2.583e-06 2.583e-06 2.58299e-06 0.000515509 1.29149e-06 0.000515508 -0.000511633 2.58299e-06 2.58298e-06 1.29149e-06 0.000515505 0.000515504 2.58297e-06 0.000515504 -0.00051163 2.58296e-06 0.000515502 2.58297e-06 1.29148e-06 0.000515502 1.29148e-06 -0.000511626 2.58295e-06 2.58295e-06 1.29147e-06 0.000515499 1.29147e-06 2.58293e-06 2.58292e-06 0.000755497 
0.000807341 1.33936e-06 2.67872e-06 2.67872e-06 2.67872e-06 0.000534613 1.33936e-06 0.000534613 -0.000530594 2.67871e-06 2.6787e-06 1.33935e-06 0.00053461 0.000534608 2.67869e-06 0.000534608 -0.000530591 2.67868e-06 0.000534606 2.67869e-06 1.33934e-06 0.000534606 1.33934e-06 -0.000530586 2.67867e-06 2.67867e-06 1.33933e-06 0.000534603 1.33933e-06 2.67865e-06 2.67864e-06 0.000783438 
0.000836116 1.38723e-06 2.77445e-06 2.77445e-06 2.77445e-06 0.000553719 1.38722e-06 0.000553719 -0.000549555 2.77444e-06 2.77443e-06 1.38721e-06 0.000553715 0.000553713 2.77442e-06 0.000553713 -0.000549553 2.77441e-06 0.000553711 2.77442e-06 1.38721e-06 0.000553712 1.38721e-06 -0.000549548 2.7744e-06 2.77439e-06 1.3872e-06 0.000553708 1.38719e-06 2.77438e-06 2.77436e-06 0.000811378 
0.000864907 1.43509e-06 2.87019e-06 2.87019e-06 2.87018e-06 0.000572826 1.43509e-06 0.000572826 -0.000568518 2.87017e-06 2.87017e-06 1.43508e-06 0.000572821 0.00057282 2.87015e-06 0.00057282 -0.000568515 2.87015e-06 0.000572818 2.87015e-06 1.43507e-06 0.000572818 1.43507e-06 -0.000568511 2.87013e-06 2.87013e-06 1.43506e-06 0.000572814 1.43506e-06 2.87011e-06 2.87009e-06 0.000839317 
0.000893701 1.48296e-06 2.96593e-06 2.96593e-06 2.96592e-06 0.000591933 1.48296e-06 0.000591933 -0.000587482 2.96591e-06 2.96591e-06 1.48295e-06 0.000591929 0.000591927 2.96589e-06 0.000591927 -0.000587479 2.96588e-06 0.000591925 2.96589e-06 1.48294e-06 0.000591925 1.48294e-06 -0.000587474 2.96587e-06 2.96586e-06 1.48293e-06 0.000591921 1.48293e-06 2.96584e-06 2.96582e-06 0.000867247 
0.000922506 1.53084e-06 3.06168e-06 3.06168e-06 3.06166e-06 0.000611042 1.53083e-06 0.000611042 -0.000606447 3.06166e-06 3.06165e-06 1.53082e-06 0.000611037 0.000611035 3.06164e-06 0.000611035 -0.000606444 3.06163e-06 0.000611033 3.06163e-06 1.53081e-06 0.000611033 1.53081e-06 -0.000606438 3.06161e-06 3.0616e-06 1.5308e-06 0.000611029 1.5308e-06 3.06158e-06 3.06156e-06 0.000895176 
0.000951297 1.57871e-06 3.15743e-06 3.15743e-06 3.15741e-06 0.000630151 1.57871e-06 0.000630152 -0.000625413 3.15741e-06 3.1574e-06 1.5787e-06 0.000630146 0.000630145 3.15739e-06 0.000630144 -0.00062541 3.15738e-06 0.000630142 3.15738e-06 1.57868e-06 0.000630142 1.57869e-06 -0.000625404 3.15736e-06 3.15735e-06 1.57867e-06 0.000630138 1.57867e-06 3.15733e-06 3.1573e-06 0.000923109 
0.000980096 1.62659e-06 3.25318e-06 3.25318e-06 3.25316e-06 0.000649262 1.62658e-06 0.000649262 -0.00064438 3.25316e-06 3.25315e-06 1.62657e-06 0.000649257 0.000649255 3.25314e-06 0.000649254 -0.000644376 3.25313e-06 0.000649252 3.25313e-06 1.62656e-06 0.000649252 1.62656e-06 -0.00064437 3.25311e-06 3.2531e-06 1.62655e-06 0.000649248 1.62655e-06 3.25308e-06 3.25305e-06 0.000951041 
0.00100888 1.67447e-06 3.34894e-06 3.34894e-06 3.34892e-06 0.000668373 1.67446e-06 0.000668373 -0.000663348 3.34892e-06 3.34891e-06 1.67445e-06 0.000668368 0.000668366 3.3489e-06 0.000668365 -0.000663344 3.34889e-06 0.000668363 3.34889e-06 1.67444e-06 0.000668363 1.67444e-06 -0.000663337 3.34887e-06 3.34886e-06 1.67443e-06 0.000668359 1.67442e-06 3.34883e-06 3.3488e-06 0.000979 
0.00103768 1.72235e-06 3.44471e-06 3.4447e-06 3.44469e-06 0.000687485 1.72235e-06 0.000687486 -0.000682316 3.44469e-06 3.44467e-06 1.72234e-06 0.00068748 0.000687478 3.44466e-06 0.000687477 -0.000682313 3.44465e-06 0.000687475 3.44465e-06 1.72232e-06 0.000687475 1.72232e-06 -0.000682305 3.44463e-06 3.44462e-06 1.72231e-06 0.00068747 1.7223e-06 3.44459e-06 3.44456e-06 0.00100693 
0.00106649 1.77024e-06 3.54048e-06 3.54047e-06 3.54046e-06 0.000706599 1.77023e-06 0.000706599 -0.000701286 3.54046e-06 3.54044e-06 1.77022e-06 0.000706593 0.000706591 3.54043e-06 0.00070659 -0.000701282 3.54042e-06 0.000706588 3.54042e-06 1.7702e-06 0.000706588 1.7702e-06 -0.000701274 3.54039e-06 3.54039e-06 1.77019e-06 0.000706583 1.77019e-06 3.54035e-06 3.54032e-06 0.00103486 
0.00109529 1.81812e-06 3.63625e-06 3.63625e-06 3.63623e-06 0.000725713 1.81812e-06 0.000725713 -0.000720257 3.63623e-06 3.63621e-06 1.81811e-06 0.000725707 0.000725705 3.6362e-06 0.000725704 -0.000720253 3.63619e-06 0.000725702 3.63619e-06 1.81809e-06 0.000725702 1.81809e-06 -0.000720244 3.63616e-06 3.63616e-06 1.81808e-06 0.000725697 1.81807e-06 3.63612e-06 3.63609e-06 0.0010628 
0.00112409 1.86601e-06 3.73203e-06 3.73203e-06 3.73201e-06 0.000744828 1.866e-06 0.000744829 -0.000739228 3.73201e-06 3.73199e-06 1.86599e-06 0.000744822 0.00074482 3.73197e-06 0.000744819 -0.000739224 3.73196e-06 0.000744817 3.73196e-06 1.86598e-06 0.000744817 1.86598e-06 -0.000739215 3.73194e-06 3.73193e-06 1.86596e-06 0.000744811 1.86596e-06 3.73189e-06 3.73186e-06 0.00109074 
0.00115289 1.9139e-06 3.82782e-06 3.82781e-06 3.82779e-06 0.000763945 1.9139e-06 0.000763945 -0.000758201 3.82779e-06 3.82777e-06 1.91388e-06 0.000763938 0.000763936 3.82775e-06 0.000763935 -0.000758197 3.82774e-06 0.000763932 3.82775e-06 1.91387e-06 0.000763933 1.91387e-06 -0.000758187 3.82772e-06 3.82771e-06 1.91386e-06 0.000763927 1.91384e-06 3.82767e-06 3.82763e-06 0.00111868 
0.0011817 1.9618e-06 3.9236e-06 3.9236e-06 3.92358e-06 0.000783062 1.96179e-06 0.000783062 -0.000777175 3.92358e-06 3.92356e-06 1.96178e-06 0.000783055 0.000783053 3.92354e-06 0.000783052 -0.00077717 3.92353e-06 0.000783049 3.92353e-06 1.96176e-06 0.000783049 1.96176e-06 -0.00077716 3.9235e-06 3.9235e-06 1.96175e-06 0.000783043 1.96174e-06 3.92345e-06 3.92341e-06 0.00114662 
0.00121051 2.00969e-06 4.0194e-06 4.01939e-06 4.01937e-06 0.00080218 2.00968e-06 0.00080218 -0.000796149 4.01937e-06 4.01935e-06 2.00967e-06 0.000802173 0.000802171 4.01933e-06 0.000802169 -0.000796144 4.01932e-06 0.000802166 4.01932e-06 2.00966e-06 0.000802167 2.00965e-06 -0.000796134 4.01929e-06 4.01929e-06 2.00964e-06 0.000802161 2.00963e-06 4.01924e-06 4.01919e-06 0.00117457 
0.00123933 2.05759e-06 4.11519e-06 4.11519e-06 4.11517e-06 0.000821299 2.05758e-06 0.000821299 -0.000815124 4.11517e-06 4.11515e-06 2.05757e-06 0.000821292 0.00082129 4.11513e-06 0.000821288 -0.000815119 4.11511e-06 0.000821285 4.11512e-06 2.05755e-06 0.000821286 2.05755e-06 -0.000815109 4.11509e-06 4.11508e-06 2.05754e-06 0.000821279 2.05753e-06 4.11503e-06 4.11498e-06 0.00120253 
0.00126814 2.10549e-06 4.211e-06 4.21099e-06 4.21097e-06 0.000840419 2.10548e-06 0.000840419 -0.000834101 4.21097e-06 4.21095e-06 2.10547e-06 0.000840411 0.000840409 4.21093e-06 0.000840408 -0.000834095 4.21091e-06 0.000840404 4.21092e-06 2.10545e-06 0.000840405 2.10545e-06 -0.000834085 4.21089e-06 4.21088e-06 2.10544e-06 0.000840398 2.10543e-06 4.21083e-06 4.21078e-06 0.00123049 
0.00129695 2.15339e-06 4.3068e-06 4.30679e-06 4.30678e-06 0.00085954 2.15339e-06 0.00085954 -0.000853078 4.30678e-06 4.30676e-06 2.15337e-06 0.000859532 0.00085953 4.30673e-06 0.000859528 -0.000853072 4.30672e-06 0.000859524 4.30672e-06 2.15336e-06 0.000859526 2.15335e-06 -0.000853061 4.30669e-06 4.30668e-06 2.15334e-06 0.000859518 2.15333e-06 4.30663e-06 4.30658e-06 0.00125844 
0.00132576 2.2013e-06 4.40261e-06 4.40261e-06 4.40259e-06 0.000878662 2.20129e-06 0.000878661 -0.000872056 4.40259e-06 4.40257e-06 2.20128e-06 0.000878653 0.000878651 4.40254e-06 0.00087865 -0.00087205 4.40252e-06 0.000878646 4.40253e-06 2.20126e-06 0.000878647 2.20126e-06 -0.000872039 4.4025e-06 4.40249e-06 2.20124e-06 0.000878639 2.20123e-06 4.40244e-06 4.40238e-06 0.00128639 
0.00135459 2.24921e-06 4.49843e-06 4.49842e-06 4.4984e-06 0.000897784 2.2492e-06 0.000897784 -0.000891035 4.4984e-06 4.49838e-06 2.24919e-06 0.000897776 0.000897774 4.49836e-06 0.000897772 -0.000891029 4.49834e-06 0.000897768 4.49835e-06 2.24917e-06 0.000897769 2.24916e-06 -0.000891017 4.49831e-06 4.4983e-06 2.24915e-06 0.000897761 2.24913e-06 4.49825e-06 4.49819e-06 0.00131434 
0.00138341 2.29712e-06 4.59425e-06 4.59424e-06 4.59422e-06 0.000916908 2.29711e-06 0.000916907 -0.000910015 4.59422e-06 4.5942e-06 2.2971e-06 0.000916899 0.000916897 4.59418e-06 0.000916895 -0.000910009 4.59416e-06 0.000916891 4.59416e-06 2.29708e-06 0.000916892 2.29707e-06 -0.000909997 4.59412e-06 4.59412e-06 2.29705e-06 0.000916884 2.29704e-06 4.59406e-06 4.594e-06 0.00134231 
0.00141224 2.34503e-06 4.69008e-06 4.69007e-06 4.69005e-06 0.000936032 2.34502e-06 0.000936032 -0.000928995 4.69005e-06 4.69002e-06 2.34501e-06 0.000936023 0.000936021 4.69e-06 0.00093602 -0.000928989 4.68998e-06 0.000936015 4.68999e-06 2.34499e-06 0.000936016 2.34498e-06 -0.000928977 4.68995e-06 4.68994e-06 2.34496e-06 0.000936008 2.34495e-06 4.68988e-06 4.68981e-06 0.00137025 
0.00144107 2.39294e-06 4.78591e-06 4.7859e-06 4.78588e-06 0.000955158 2.39293e-06 0.000955157 -0.000947977 4.78588e-06 4.78585e-06 2.39292e-06 0.000955148 0.000955146 4.78583e-06 0.000955145 -0.000947971 4.7858e-06 0.000955139 4.78581e-06 2.3929e-06 0.000955141 2.3929e-06 -0.000947958 4.78577e-06 4.78577e-06 2.39288e-06 0.000955132 2.39286e-06 4.7857e-06 4.78563e-06 0.00139821 
0.00146987 2.44086e-06 4.88174e-06 4.88173e-06 4.88171e-06 0.000974284 2.44085e-06 0.000974283 -0.00096696 4.88171e-06 4.88168e-06 2.44084e-06 0.000974274 0.000974272 4.88166e-06 0.000974271 -0.000966953 4.88164e-06 0.000974265 4.88164e-06 2.44082e-06 0.000974267 2.44081e-06 -0.00096694 4.8816e-06 4.8816e-06 2.44079e-06 0.000974258 2.44078e-06 4.88153e-06 4.88146e-06 0.00142616 
0.0014987 2.48878e-06 4.97758e-06 4.97757e-06 4.97755e-06 0.000993412 2.48877e-06 0.000993411 -0.000985943 4.97755e-06 4.97752e-06 2.48876e-06 0.000993401 0.000993399 4.9775e-06 0.000993398 -0.000985936 4.97747e-06 0.000993391 4.97748e-06 2.48873e-06 0.000993393 2.48873e-06 -0.000985923 4.97744e-06 4.97743e-06 2.48871e-06 0.000993384 2.4887e-06 4.97736e-06 4.97729e-06 0.00145412 
0.00152756 2.5367e-06 5.07342e-06 5.07342e-06 5.0734e-06 0.00101254 2.53669e-06 0.00101254 -0.00100493 5.07339e-06 5.07337e-06 2.53668e-06 0.00101253 0.00101253 5.07334e-06 0.00101253 -0.00100492 5.07331e-06 0.00101252 5.07332e-06 2.53665e-06 0.00101252 2.53665e-06 -0.00100491 5.07328e-06 5.07327e-06 2.53663e-06 0.00101251 2.53661e-06 5.0732e-06 5.07312e-06 0.00148207 
0.00155638 2.58462e-06 5.16927e-06 5.16927e-06 5.16924e-06 0.00103167 2.58461e-06 0.00103167 -0.00102391 5.16924e-06 5.16921e-06 2.5846e-06 0.00103166 0.00103166 5.16918e-06 0.00103165 -0.00102391 5.16915e-06 0.00103165 5.16917e-06 2.58457e-06 0.00103165 2.58457e-06 -0.00102389 5.16912e-06 5.16911e-06 2.58455e-06 0.00103164 2.58454e-06 5.16904e-06 5.16895e-06 0.00151002 
0.00158522 2.63255e-06 5.26512e-06 5.26512e-06 5.2651e-06 0.0010508 2.63254e-06 0.0010508 -0.0010429 5.26509e-06 5.26507e-06 2.63252e-06 0.00105079 0.00105079 5.26503e-06 0.00105078 -0.00104289 5.265e-06 0.00105078 5.26502e-06 2.6325e-06 0.00105078 2.6325e-06 -0.00104288 5.26497e-06 5.26496e-06 2.63247e-06 0.00105077 2.63246e-06 5.26488e-06 5.26479e-06 0.00153798 
0.00161406 2.68048e-06 5.36098e-06 5.36097e-06 5.36095e-06 0.00106993 2.68047e-06 0.00106993 -0.00106189 5.36094e-06 5.36092e-06 2.68045e-06 0.00106992 0.00106992 5.36088e-06 0.00106991 -0.00106188 5.36086e-06 0.00106991 5.36087e-06 2.68043e-06 0.00106991 2.68042e-06 -0.00106186 5.36082e-06 5.36081e-06 2.6804e-06 0.0010699 2.68038e-06 5.36073e-06 5.36064e-06 0.00156593 
0.00164289 2.72841e-06 5.45684e-06 5.45683e-06 5.45681e-06 0.00108906 2.7284e-06 0.00108906 -0.00108087 5.4568e-06 5.45678e-06 2.72838e-06 0.00108905 0.00108905 5.45674e-06 0.00108905 -0.00108087 5.45671e-06 0.00108904 5.45673e-06 2.72835e-06 0.00108904 2.72835e-06 -0.00108085 5.45668e-06 5.45667e-06 2.72832e-06 0.00108903 2.72831e-06 5.45658e-06 5.45649e-06 0.00159389 
0.00167173 2.77634e-06 5.55271e-06 5.5527e-06 5.55268e-06 0.00110819 2.77633e-06 0.00110819 -0.00109986 5.55267e-06 5.55264e-06 2.77631e-06 0.00110818 0.00110818 5.55261e-06 0.00110818 -0.00109985 5.55258e-06 0.00110817 5.55259e-06 2.77628e-06 0.00110817 2.77628e-06 -0.00109984 5.55254e-06 5.55253e-06 2.77625e-06 0.00110816 2.77624e-06 5.55244e-06 5.55234e-06 0.00162185 
0.00170056 2.82428e-06 5.64857e-06 5.64857e-06 5.64855e-06 0.00112733 2.82426e-06 0.00112733 -0.00111885 5.64854e-06 5.64851e-06 2.82425e-06 0.00112731 0.00112731 5.64848e-06 0.00112731 -0.00111884 5.64844e-06 0.0011273 5.64846e-06 2.82422e-06 0.00112731 2.82421e-06 -0.00111883 5.6484e-06 5.64839e-06 2.82418e-06 0.00112729 2.82417e-06 5.6483e-06 5.6482e-06 0.00164982 
0.00172938 2.87221e-06 5.74445e-06 5.74444e-06 5.74442e-06 0.00114646 2.8722e-06 0.00114646 -0.00113784 5.74441e-06 5.74438e-06 2.87218e-06 0.00114645 0.00114645 5.74435e-06 0.00114644 -0.00113783 5.74431e-06 0.00114644 5.74433e-06 2.87215e-06 0.00114644 2.87215e-06 -0.00113782 5.74427e-06 5.74426e-06 2.87212e-06 0.00114643 2.87211e-06 5.74417e-06 5.74406e-06 0.00167778 
0.00175821 2.92015e-06 5.84033e-06 5.84032e-06 5.8403e-06 0.00116559 2.92014e-06 0.00116559 -0.00115684 5.84029e-06 5.84026e-06 2.92012e-06 0.00116558 0.00116558 5.84022e-06 0.00116558 -0.00115682 5.84019e-06 0.00116557 5.8402e-06 2.92009e-06 0.00116557 2.92008e-06 -0.00115681 5.84014e-06 5.84013e-06 2.92005e-06 0.00116556 2.92004e-06 5.84004e-06 5.83992e-06 0.00170576 
0.00178706 2.96809e-06 5.93621e-06 5.9362e-06 5.93618e-06 0.00118473 2.96808e-06 0.00118473 -0.00117583 5.93617e-06 5.93614e-06 2.96806e-06 0.00118472 0.00118472 5.9361e-06 0.00118471 -0.00117581 5.93607e-06 0.00118471 5.93608e-06 2.96803e-06 0.00118471 2.96802e-06 -0.0011758 5.93602e-06 5.93601e-06 2.96799e-06 0.00118469 2.96798e-06 5.93591e-06 5.93579e-06 0.00173373 
0.0018159 3.01603e-06 6.0321e-06 6.03209e-06 6.03207e-06 0.00120387 3.01602e-06 0.00120387 -0.00119482 6.03206e-06 6.03203e-06 3.01601e-06 0.00120385 0.00120385 6.03199e-06 0.00120385 -0.00119481 6.03195e-06 0.00120384 6.03197e-06 3.01597e-06 0.00120385 3.01596e-06 -0.00119479 6.0319e-06 6.03189e-06 3.01593e-06 0.00120383 3.01592e-06 6.03179e-06 6.03166e-06 0.00176171 
0.00184474 3.06398e-06 6.12799e-06 6.12798e-06 6.12796e-06 0.001223 3.06397e-06 0.001223 -0.00121381 6.12795e-06 6.12792e-06 3.06395e-06 0.00122299 0.00122299 6.12788e-06 0.00122299 -0.0012138 6.12784e-06 0.00122298 6.12786e-06 3.06392e-06 0.00122298 3.06391e-06 -0.00121378 6.12778e-06 6.12777e-06 3.06387e-06 0.00122297 3.06386e-06 6.12767e-06 6.12754e-06 0.00178968 
0.00187359 3.11193e-06 6.22388e-06 6.22387e-06 6.22385e-06 0.00124214 3.11191e-06 0.00124214 -0.00123281 6.22384e-06 6.22381e-06 3.11189e-06 0.00124213 0.00124213 6.22377e-06 0.00124213 -0.00123279 6.22373e-06 0.00124212 6.22375e-06 3.11186e-06 0.00124212 3.11185e-06 -0.00123278 6.22367e-06 6.22366e-06 3.11181e-06 0.0012421 3.1118e-06 6.22355e-06 6.22342e-06 0.00181765 
0.00190243 3.15988e-06 6.31978e-06 6.31977e-06 6.31975e-06 0.00126128 3.15986e-06 0.00126128 -0.0012518 6.31974e-06 6.3197e-06 3.15984e-06 0.00126127 0.00126127 6.31967e-06 0.00126126 -0.00125179 6.31963e-06 0.00126126 6.31964e-06 3.15981e-06 0.00126126 3.1598e-06 -0.00125177 6.31957e-06 6.31955e-06 3.15976e-06 0.00126124 3.15975e-06 6.31944e-06 6.3193e-06 0.00184561 
0.00193128 3.20783e-06 6.41568e-06 6.41567e-06 6.41565e-06 0.00128042 3.20781e-06 0.00128042 -0.0012708 6.41564e-06 6.41561e-06 3.20779e-06 0.00128041 0.00128041 6.41557e-06 0.0012804 -0.00127078 6.41553e-06 0.00128039 6.41554e-06 3.20776e-06 0.0012804 3.20775e-06 -0.00127077 6.41546e-06 6.41545e-06 3.20771e-06 0.00128038 3.2077e-06 6.41533e-06 6.41519e-06 0.00187359 
0.00196013 3.25578e-06 6.51159e-06 6.51158e-06 6.51156e-06 0.00129956 3.25576e-06 0.00129956 -0.0012898 6.51155e-06 6.51151e-06 3.25574e-06 0.00129955 0.00129955 6.51147e-06 0.00129954 -0.00128978 6.51143e-06 0.00129953 6.51145e-06 3.25571e-06 0.00129954 3.2557e-06 -0.00128976 6.51136e-06 6.51135e-06 3.25566e-06 0.00129952 3.25565e-06 6.51123e-06 6.51108e-06 0.00190156 
0.001989 3.30373e-06 6.6075e-06 6.60748e-06 6.60747e-06 0.0013187 3.30372e-06 0.0013187 -0.00130879 6.60746e-06 6.60742e-06 3.3037e-06 0.00131869 0.00131869 6.60738e-06 0.00131869 -0.00130878 6.60734e-06 0.00131868 6.60735e-06 3.30366e-06 0.00131868 3.30365e-06 -0.00130876 6.60727e-06 6.60725e-06 3.30361e-06 0.00131866 3.3036e-06 6.60713e-06 6.60698e-06 0.00192954 
0.00201786 3.35169e-06 6.70341e-06 6.7034e-06 6.70338e-06 0.00133785 3.35167e-06 0.00133784 -0.00132779 6.70337e-06 6.70333e-06 3.35165e-06 0.00133783 0.00133783 6.70329e-06 0.00133783 -0.00132777 6.70325e-06 0.00133782 6.70326e-06 3.35162e-06 0.00133782 3.3516e-06 -0.00132776 6.70317e-06 6.70316e-06 3.35156e-06 0.0013378 3.35155e-06 6.70303e-06 6.70287e-06 0.00195752 
0.0020467 3.39965e-06 6.79933e-06 6.79931e-06 6.7993e-06 0.00135699 3.39963e-06 0.00135699 -0.00134679 6.79928e-06 6.79924e-06 3.39961e-06 0.00135697 0.00135697 6.7992e-06 0.00135697 -0.00134677 6.79916e-06 0.00135696 6.79918e-06 3.39957e-06 0.00135696 3.39956e-06 -0.00134675 6.79908e-06 6.79907e-06 3.39951e-06 0.00135694 3.39951e-06 6.79894e-06 6.79878e-06 0.0019855 
0.00207557 3.44761e-06 6.89525e-06 6.89523e-06 6.89522e-06 0.00137613 3.44759e-06 0.00137613 -0.00136579 6.8952e-06 6.89516e-06 3.44757e-06 0.00137612 0.00137612 6.89512e-06 0.00137611 -0.00136577 6.89508e-06 0.0013761 6.89509e-06 3.44753e-06 0.0013761 3.44752e-06 -0.00136575 6.895e-06 6.89499e-06 3.44747e-06 0.00137608 3.44746e-06 6.89485e-06 6.89468e-06 0.00201348 
0.00210444 3.49557e-06 6.99117e-06 6.99115e-06 6.99114e-06 0.00139528 3.49555e-06 0.00139527 -0.00138479 6.99112e-06 6.99108e-06 3.49553e-06 0.00139526 0.00139526 6.99104e-06 0.00139526 -0.00138477 6.991e-06 0.00139525 6.99101e-06 3.49549e-06 0.00139525 3.49547e-06 -0.00138475 6.99091e-06 6.9909e-06 3.49543e-06 0.00139523 3.49542e-06 6.99076e-06 6.99059e-06 0.00204147 
0.0021333 3.54353e-06 7.0871e-06 7.08708e-06 7.08707e-06 0.00141442 3.54351e-06 0.00141442 -0.00140379 7.08705e-06 7.08701e-06 3.54349e-06 0.0014144 0.00141441 7.08697e-06 0.0014144 -0.00140377 7.08693e-06 0.00141439 7.08693e-06 3.54345e-06 0.00141439 3.54343e-06 -0.00140375 7.08684e-06 7.08682e-06 3.54339e-06 0.00141437 3.54338e-06 7.08668e-06 7.0865e-06 0.00206946 
0.00216216 3.5915e-06 7.18303e-06 7.18301e-06 7.183e-06 0.00143357 3.59148e-06 0.00143356 -0.00142279 7.18298e-06 7.18294e-06 3.59145e-06 0.00143355 0.00143355 7.18289e-06 0.00143355 -0.00142277 7.18285e-06 0.00143353 7.18286e-06 3.59141e-06 0.00143354 3.59139e-06 -0.00142275 7.18276e-06 7.18275e-06 3.59135e-06 0.00143351 3.59134e-06 7.1826e-06 7.18242e-06 0.00209745 
0.00219101 3.63946e-06 7.27896e-06 7.27894e-06 7.27893e-06 0.00145271 3.63944e-06 0.00145271 -0.0014418 7.27891e-06 7.27887e-06 3.63942e-06 0.00145269 0.0014527 7.27882e-06 0.00145269 -0.00144177 7.27878e-06 0.00145268 7.27879e-06 3.63938e-06 0.00145268 3.63936e-06 -0.00144175 7.27869e-06 7.27867e-06 3.63932e-06 0.00145266 3.6393e-06 7.27852e-06 7.27833e-06 0.00212542 
0.00221987 3.68743e-06 7.37489e-06 7.37487e-06 7.37486e-06 0.00147186 3.68741e-06 0.00147186 -0.0014608 7.37484e-06 7.3748e-06 3.68739e-06 0.00147184 0.00147184 7.37475e-06 0.00147184 -0.00146078 7.37471e-06 0.00147182 7.37472e-06 3.68734e-06 0.00147183 3.68732e-06 -0.00146075 7.37462e-06 7.3746e-06 3.68728e-06 0.0014718 3.68727e-06 7.37445e-06 7.37425e-06 0.00215341 
0.00224873 3.7354e-06 7.47083e-06 7.47081e-06 7.4708e-06 0.00149101 3.73538e-06 0.001491 -0.0014798 7.47078e-06 7.47074e-06 3.73535e-06 0.00149099 0.00149099 7.47069e-06 0.00149099 -0.00147978 7.47064e-06 0.00149097 7.47065e-06 3.73531e-06 0.00149097 3.73529e-06 -0.00147976 7.47055e-06 7.47053e-06 3.73524e-06 0.00149095 3.73523e-06 7.47037e-06 7.47017e-06 0.00218141 
0.00227758 3.78337e-06 7.56677e-06 7.56675e-06 7.56674e-06 0.00151015 3.78335e-06 0.00151015 -0.0014988 7.56671e-06 7.56668e-06 3.78332e-06 0.00151013 0.00151014 7.56663e-06 0.00151013 -0.00149878 7.56658e-06 0.00151012 7.56658e-06 3.78327e-06 0.00151012 3.78326e-06 -0.00149876 7.56648e-06 7.56646e-06 3.78321e-06 0.00151009 3.7832e-06 7.5663e-06 7.56609e-06 0.0022094 
0.00230644 3.83134e-06 7.66271e-06 7.66269e-06 7.66268e-06 0.0015293 3.83132e-06 0.0015293 -0.00151781 7.66265e-06 7.66262e-06 3.83129e-06 0.00152928 0.00152928 7.66257e-06 0.00152928 -0.00151779 7.66252e-06 0.00152926 7.66252e-06 3.83124e-06 0.00152927 3.83122e-06 -0.00151776 7.66242e-06 7.66239e-06 3.83118e-06 0.00152924 3.83116e-06 7.66223e-06 7.66202e-06 0.00223739 
0.0023353 3.87931e-06 7.75865e-06 7.75863e-06 7.75862e-06 0.00154845 3.87929e-06 0.00154845 -0.00153681 7.7586e-06 7.75856e-06 3.87926e-06 0.00154843 0.00154843 7.75851e-06 0.00154843 -0.00153679 7.75846e-06 0.00154841 7.75846e-06 3.87921e-06 0.00154841 3.87919e-06 -0.00153676 7.75836e-06 7.75833e-06 3.87915e-06 0.00154839 3.87913e-06 7.75816e-06 7.75795e-06 0.00226538 
0.00236417 3.92728e-06 7.85459e-06 7.85457e-06 7.85456e-06 0.0015676 3.92726e-06 0.0015676 -0.00155582 7.85454e-06 7.8545e-06 3.92723e-06 0.00156758 0.00156758 7.85445e-06 0.00156758 -0.00155579 7.8544e-06 0.00156756 7.8544e-06 3.92718e-06 0.00156756 3.92716e-06 -0.00155577 7.8543e-06 7.85427e-06 3.92712e-06 0.00156753 3.9271e-06 7.8541e-06 7.85387e-06 0.00229336 
0.00239303 3.97525e-06 7.95054e-06 7.95052e-06 7.95051e-06 0.00158675 3.97523e-06 0.00158674 -0.00157482 7.95048e-06 7.95045e-06 3.97521e-06 0.00158673 0.00158673 7.95039e-06 0.00158672 -0.0015748 7.95034e-06 0.00158671 7.95035e-06 3.97515e-06 0.00158671 3.97513e-06 -0.00157477 7.95024e-06 7.95021e-06 3.97509e-06 0.00158668 3.97507e-06 7.95003e-06 7.9498e-06 0.00232134 
0.00242189 4.02323e-06 8.04649e-06 8.04647e-06 8.04646e-06 0.00160589 4.02321e-06 0.00160589 -0.00159383 8.04643e-06 8.04639e-06 4.02318e-06 0.00160587 0.00160588 8.04634e-06 0.00160587 -0.0015938 8.04629e-06 0.00160586 8.04629e-06 4.02313e-06 0.00160586 4.02311e-06 -0.00159377 8.04618e-06 8.04615e-06 4.02306e-06 0.00160583 4.02304e-06 8.04597e-06 8.04573e-06 0.00234932 
0.00245074 4.0712e-06 8.14243e-06 8.14241e-06 8.14241e-06 0.00162504 4.07118e-06 0.00162504 -0.00161283 8.14237e-06 8.14234e-06 4.07115e-06 0.00162502 0.00162502 8.14228e-06 0.00162502 -0.00161281 8.14223e-06 0.001625 8.14224e-06 4.0711e-06 0.00162501 4.07108e-06 -0.00161278 8.14213e-06 8.14209e-06 4.07103e-06 0.00162498 4.07101e-06 8.14191e-06 8.14166e-06 0.00237733 
0.0024796 4.11917e-06 8.23838e-06 8.23836e-06 8.23836e-06 0.00164419 4.11916e-06 0.00164419 -0.00163184 8.23832e-06 8.23829e-06 4.11913e-06 0.00164417 0.00164417 8.23823e-06 0.00164417 -0.00163181 8.23818e-06 0.00164415 8.23819e-06 4.11907e-06 0.00164415 4.11905e-06 -0.00163178 8.23807e-06 8.23803e-06 4.119e-06 0.00164412 4.11898e-06 8.23785e-06 8.23759e-06 0.00240531 
0.00250847 4.16715e-06 8.33433e-06 8.33431e-06 8.33431e-06 0.00166334 4.16713e-06 0.00166334 -0.00165084 8.33427e-06 8.33424e-06 4.1671e-06 0.00166332 0.00166332 8.33418e-06 0.00166332 -0.00165082 8.33413e-06 0.0016633 8.33413e-06 4.16704e-06 0.0016633 4.16702e-06 -0.00165079 8.33401e-06 8.33397e-06 4.16697e-06 0.00166327 4.16695e-06 8.33379e-06 8.33353e-06 0.00243328 
0.00253733 4.21512e-06 8.43028e-06 8.43026e-06 8.43026e-06 0.00168249 4.21511e-06 0.00168249 -0.00166985 8.43022e-06 8.43018e-06 4.21507e-06 0.00168247 0.00168247 8.43013e-06 0.00168247 -0.00166982 8.43007e-06 0.00168245 8.43008e-06 4.21502e-06 0.00168245 4.21499e-06 -0.00166979 8.42995e-06 8.42992e-06 4.21494e-06 0.00168242 4.21492e-06 8.42973e-06 8.42946e-06 0.00246127 
0.00256618 4.2631e-06 8.52623e-06 8.52621e-06 8.52621e-06 0.00170164 4.26308e-06 0.00170164 -0.00168885 8.52617e-06 8.52613e-06 4.26305e-06 0.00170162 0.00170162 8.52607e-06 0.00170162 -0.00168882 8.52602e-06 0.0017016 8.52603e-06 4.26299e-06 0.0017016 4.26297e-06 -0.00168879 8.52589e-06 8.52586e-06 4.26291e-06 0.00170157 4.26289e-06 8.52567e-06 8.52539e-06 0.00248925 
0.00259504 4.31107e-06 8.62218e-06 8.62216e-06 8.62215e-06 0.00172079 4.31105e-06 0.00172079 -0.00170786 8.62211e-06 8.62208e-06 4.31102e-06 0.00172077 0.00172077 8.62202e-06 0.00172077 -0.00170783 8.62196e-06 0.00172075 8.62197e-06 4.31096e-06 0.00172075 4.31094e-06 -0.0017078 8.62184e-06 8.6218e-06 4.31089e-06 0.00172072 4.31086e-06 8.6216e-06 8.62132e-06 0.00251723 
0.0026239 4.35904e-06 8.71812e-06 8.71811e-06 8.7181e-06 0.00173994 4.35903e-06 0.00173994 -0.00172686 8.71806e-06 8.71802e-06 4.35899e-06 0.00173991 0.00173992 8.71797e-06 0.00173991 -0.00172683 8.71791e-06 0.0017399 8.71792e-06 4.35894e-06 0.0017399 4.35891e-06 -0.0017268 8.71778e-06 8.71774e-06 4.35886e-06 0.00173986 4.35883e-06 8.71754e-06 8.71725e-06 0.00254522 
0.00265277 4.40702e-06 8.81407e-06 8.81406e-06 8.81405e-06 0.00175909 4.407e-06 0.00175909 -0.00174587 8.81401e-06 8.81397e-06 4.40697e-06 0.00175906 0.00175907 8.81391e-06 0.00175906 -0.00174584 8.81385e-06 0.00175904 8.81386e-06 4.40691e-06 0.00175904 4.40688e-06 -0.00174581 8.81372e-06 8.81368e-06 4.40683e-06 0.00175901 4.4068e-06 8.81348e-06 8.81318e-06 0.0025732 
0.00268163 4.45499e-06 8.91001e-06 8.91001e-06 8.90999e-06 0.00177824 4.45497e-06 0.00177824 -0.00176487 8.90995e-06 8.90992e-06 4.45494e-06 0.00177821 0.00177822 8.90986e-06 0.00177821 -0.00176484 8.90979e-06 0.00177819 8.90981e-06 4.45488e-06 0.00177819 4.45485e-06 -0.00176481 8.90966e-06 8.90962e-06 4.45479e-06 0.00177816 4.45477e-06 8.90941e-06 8.90911e-06 0.0026012 
0.00271049 4.50296e-06 9.00596e-06 9.00595e-06 9.00594e-06 0.00179739 4.50294e-06 0.00179738 -0.00178388 9.0059e-06 9.00586e-06 4.50291e-06 0.00179736 0.00179736 9.0058e-06 0.00179736 -0.00178385 9.00573e-06 0.00179734 9.00575e-06 4.50285e-06 0.00179734 4.50282e-06 -0.00178382 9.0056e-06 9.00556e-06 4.50276e-06 0.0017973 4.50273e-06 9.00535e-06 9.00504e-06 0.00262919 
0.00273935 4.55093e-06 9.1019e-06 9.10189e-06 9.10188e-06 0.00181653 4.55091e-06 0.00181653 -0.00180288 9.10184e-06 9.1018e-06 4.55088e-06 0.00181651 0.00181651 9.10174e-06 0.00181651 -0.00180285 9.10167e-06 0.00181649 9.10169e-06 4.55082e-06 0.00181649 4.55079e-06 -0.00180282 9.10154e-06 9.1015e-06 4.55073e-06 0.00181645 4.5507e-06 9.10128e-06 9.10097e-06 0.00265718 
0.0027682 4.5989e-06 9.19784e-06 9.19784e-06 9.19782e-06 0.00183568 4.59889e-06 0.00183568 -0.00182188 9.19778e-06 9.19774e-06 4.59885e-06 0.00183565 0.00183566 9.19768e-06 0.00183565 -0.00182185 9.19761e-06 0.00183564 9.19763e-06 4.59879e-06 0.00183563 4.59876e-06 -0.00182182 9.19748e-06 9.19743e-06 4.5987e-06 0.0018356 4.59867e-06 9.19721e-06 9.19689e-06 0.00268516 
0.00279707 4.64687e-06 9.29378e-06 9.29377e-06 9.29376e-06 0.00185483 4.64686e-06 0.00185483 -0.00184089 9.29372e-06 9.29368e-06 4.64682e-06 0.0018548 0.00185481 9.29362e-06 0.0018548 -0.00184086 9.29354e-06 0.00185478 9.29357e-06 4.64675e-06 0.00185478 4.64672e-06 -0.00184082 9.29341e-06 9.29336e-06 4.64666e-06 0.00185474 4.64663e-06 9.29314e-06 9.29281e-06 0.00271314 
0.00282593 4.69484e-06 9.38971e-06 9.38971e-06 9.3897e-06 0.00187398 4.69482e-06 0.00187397 -0.00185989 9.38965e-06 9.38962e-06 4.69479e-06 0.00187395 0.00187395 9.38955e-06 0.00187395 -0.00185986 9.38948e-06 0.00187393 9.38951e-06 4.69472e-06 0.00187393 4.69469e-06 -0.00185983 9.38934e-06 9.38929e-06 4.69463e-06 0.00187389 4.6946e-06 9.38906e-06 9.38874e-06 0.00274114 
0.00285481 4.7428e-06 9.48565e-06 9.48565e-06 9.48563e-06 0.00189312 4.74279e-06 0.00189312 -0.00187889 9.48559e-06 9.48556e-06 4.74275e-06 0.00189309 0.0018931 9.48548e-06 0.00189309 -0.00187886 9.48541e-06 0.00189307 9.48544e-06 4.74269e-06 0.00189307 4.74266e-06 -0.00187883 9.48527e-06 9.48522e-06 4.74259e-06 0.00189303 4.74256e-06 9.48499e-06 9.48466e-06 0.00276912 
0.00288521 4.79077e-06 9.58158e-06 9.58158e-06 9.58156e-06 0.00191227 4.79076e-06 0.00191227 -0.0018979 9.58152e-06 9.58149e-06 4.79072e-06 0.00191224 0.00191225 9.58142e-06 0.00191224 -0.00189786 9.58134e-06 0.00191222 9.58137e-06 4.79065e-06 0.00191222 4.79062e-06 -0.00189783 9.5812e-06 9.58115e-06 4.79056e-06 0.00191218 4.79052e-06 9.58091e-06 9.58058e-06 0.00279872 
