0 0 0 0 0 0 0 0 0 0 0 0 0 0 0 0 0 0 0 0 0 0 0 0 0 0 0 0 0 0 0 0 
-0.00477487 -0.010739 -0.0107381 -0.0107201 -0.0107381 -0.010739 -0.0107571 -0.010739 -0.01072 -0.0107381 -0.0107381 -0.010739 -0.010739 -0.0107571 -0.0107381 -0.0107571 -0.01072 -0.0107381 -0.0107571 -0.0107381 -0.010739 -0.0107571 -0.010739 -0.01072 -0.0107381 -0.0107381 -0.010739 -0.010739 -0.0107571 -0.0107381 -0.0107381 -0.00489798 
-0.00926193 -0.0208588 -0.020857 -0.0208208 -0.020857 -0.0208588 -0.020895 -0.0208588 -0.0208208 -0.020857 -0.020857 -0.0208588 -0.0208588 -0.020895 -0.020857 -0.020895 -0.0208208 -0.020857 -0.020895 -0.020857 -0.0208588 -0.020895 -0.0208588 -0.0208208 -0.020857 -0.020857 -0.0208588 -0.0208588 -0.020895 -0.020857 -0.020857 -0.00952702 
-0.0137442 -0.030974 -0.0309713 -0.030917 -0.0309713 -0.0309739 -0.0310282 -0.030974 -0.030917 -0.0309713 -0.0309713 -0.0309739 -0.0309739 -0.0310282 -0.0309712 -0.0310282 -0.030917 -0.0309713 -0.0310282 -0.0309712 -0.0309739 -0.0310282 -0.0309739 -0.0309169 -0.0309712 -0.0309712 -0.0309739 -0.0309739 -0.0310282 -0.0309712 -0.0309712 -0.0141567 
-0.0182281 -0.0410853 -0.0410817 -0.0410093 -0.0410817 -0.0410853 -0.0411577 -0.0410853 -0.0410093 -0.0410817 -0.0410817 -0.0410853 -0.0410853 -0.0411576 -0.0410817 -0.0411576 -0.0410093 -0.0410817 -0.0411576 -0.0410817 -0.0410852 -0.0411576 -0.0410852 -0.0410092 -0.0410817 -0.0410816 -0.0410852 -0.0410852 -0.0411576 -0.0410816 -0.0410816 -0.0187813 
-0.0227114 -0.0511977 -0.0511932 -0.0511027 -0.0511932 -0.0511977 -0.0512881 -0.0511977 -0.0511027 -0.0511932 -0.0511932 -0.0511976 -0.0511976 -0.0512881 -0.0511931 -0.0512881 -0.0511027 -0.0511931 -0.051288 -0.0511931 -0.0511976 -0.051288 -0.0511975 -0.0511026 -0.0511931 -0.0511931 -0.0511975 -0.0511975 -0.051288 -0.051193 -0.0511929 -0.0234075 
-0.0271948 -0.0613113 -0.0613059 -0.0611973 -0.0613058 -0.0613112 -0.0614197 -0.0613112 -0.0611972 -0.0613058 -0.0613058 -0.0613111 -0.0613111 -0.0614197 -0.0613057 -0.0614197 -0.0611972 -0.0613058 -0.0614196 -0.0613057 -0.0613111 -0.0614196 -0.061311 -0.061197 -0.0613057 -0.0613056 -0.061311 -0.0613109 -0.0614195 -0.0613055 -0.0613055 -0.0280345 
-0.0316785 -0.0714235 -0.0714172 -0.0712905 -0.0714171 -0.0714234 -0.07155 -0.0714234 -0.0712904 -0.0714171 -0.0714171 -0.0714232 -0.0714233 -0.0715499 -0.071417 -0.0715499 -0.0712904 -0.071417 -0.0715498 -0.0714169 -0.0714232 -0.0715498 -0.0714231 -0.0712901 -0.0714169 -0.0714168 -0.071423 -0.071423 -0.0715497 -0.0714167 -0.0714166 -0.0326601 
-0.0361628 -0.0815369 -0.0815297 -0.0813849 -0.0815296 -0.0815367 -0.0816814 -0.0815368 -0.0813848 -0.0815296 -0.0815295 -0.0815366 -0.0815366 -0.0816813 -0.0815294 -0.0816813 -0.0813847 -0.0815294 -0.0816812 -0.0815294 -0.0815365 -0.0816812 -0.0815363 -0.0813844 -0.0815293 -0.0815292 -0.0815363 -0.0815362 -0.081681 -0.081529 -0.0815289 -0.0372861 
-0.0406485 -0.0916495 -0.0916414 -0.0914784 -0.0916412 -0.0916493 -0.0918121 -0.0916493 -0.0914783 -0.0916412 -0.0916411 -0.0916491 -0.0916491 -0.0918119 -0.091641 -0.0918119 -0.0914782 -0.0916409 -0.0918118 -0.091641 -0.0916489 -0.0918118 -0.0916488 -0.0914779 -0.0916408 -0.0916407 -0.0916487 -0.0916486 -0.0918115 -0.0916405 -0.0916404 -0.04191 
-0.0451328 -0.101761 -0.101752 -0.101571 -0.101752 -0.10176 -0.101941 -0.101761 -0.101571 -0.101752 -0.101751 -0.10176 -0.10176 -0.101941 -0.101751 -0.101941 -0.10157 -0.101751 -0.101941 -0.101751 -0.10176 -0.101941 -0.10176 -0.10157 -0.101751 -0.101751 -0.10176 -0.10176 -0.101941 -0.101751 -0.10175 -0.0465341 
-0.0496195 -0.111874 -0.111864 -0.111665 -0.111864 -0.111874 -0.112073 -0.111874 -0.111665 -0.111864 -0.111864 -0.111874 -0.111874 -0.112073 -0.111864 -0.112073 -0.111665 -0.111864 -0.112073 -0.111864 -0.111873 -0.112073 -0.111873 -0.111664 -0.111864 -0.111863 -0.111873 -0.111873 -0.112072 -0.111863 -0.111863 -0.0511578 
-0.0541055 -0.121991 -0.12198 -0.121763 -0.12198 -0.12199 -0.122208 -0.12199 -0.121762 -0.12198 -0.12198 -0.12199 -0.12199 -0.122207 -0.121979 -0.122207 -0.121762 -0.121979 -0.122207 -0.121979 -0.12199 -0.122207 -0.12199 -0.121762 -0.121979 -0.121979 -0.121989 -0.121989 -0.122206 -0.121978 -0.121978 -0.0557848 
-0.0585931 -0.132107 -0.132095 -0.13186 -0.132095 -0.132107 -0.132342 -0.132107 -0.13186 -0.132095 -0.132095 -0.132106 -0.132106 -0.132341 -0.132095 -0.132341 -0.131859 -0.132094 -0.132341 -0.132094 -0.132106 -0.132341 -0.132106 -0.131859 -0.132094 -0.132094 -0.132105 -0.132105 -0.13234 -0.132093 -0.132093 -0.06041 
-0.0630792 -0.142222 -0.14221 -0.141956 -0.142209 -0.142222 -0.142475 -0.142222 -0.141956 -0.142209 -0.142209 -0.142221 -0.142221 -0.142475 -0.142209 -0.142475 -0.141955 -0.142209 -0.142474 -0.142209 -0.142221 -0.142474 -0.142221 -0.141955 -0.142208 -0.142208 -0.14222 -0.14222 -0.142474 -0.142208 -0.142207 -0.0650359 
-0.067564 -0.152338 -0.152325 -0.152053 -0.152325 -0.152338 -0.152609 -0.152338 -0.152053 -0.152324 -0.152324 -0.152337 -0.152338 -0.152609 -0.152324 -0.152609 -0.152053 -0.152324 -0.152608 -0.152324 -0.152337 -0.152608 -0.152337 -0.152052 -0.152323 -0.152323 -0.152336 -0.152336 -0.152608 -0.152323 -0.152322 -0.0696638 
-0.0720492 -0.162453 -0.162439 -0.162149 -0.162439 -0.162453 -0.162742 -0.162453 -0.162149 -0.162438 -0.162438 -0.162452 -0.162452 -0.162742 -0.162438 -0.162742 -0.162148 -0.162438 -0.162741 -0.162438 -0.162452 -0.162741 -0.162452 -0.162147 -0.162437 -0.162437 -0.162451 -0.162451 -0.16274 -0.162436 -0.162436 -0.0742904 
-0.0765365 -0.172572 -0.172557 -0.172249 -0.172557 -0.172572 -0.172879 -0.172572 -0.172249 -0.172556 -0.172556 -0.172571 -0.172571 -0.172878 -0.172556 -0.172879 -0.172248 -0.172555 -0.172878 -0.172556 -0.17257 -0.172878 -0.17257 -0.172247 -0.172555 -0.172555 -0.17257 -0.17257 -0.172877 -0.172554 -0.172553 -0.0789182 
-0.0810227 -0.182688 -0.182672 -0.182346 -0.182672 -0.182688 -0.183014 -0.182688 -0.182346 -0.182672 -0.182671 -0.182687 -0.182687 -0.183013 -0.182671 -0.183013 -0.182345 -0.182671 -0.183012 -0.182671 -0.182686 -0.183012 -0.182686 -0.182344 -0.18267 -0.18267 -0.182686 -0.182686 -0.183011 -0.182669 -0.182668 -0.0835449 
-0.0855104 -0.192811 -0.192795 -0.19245 -0.192794 -0.192811 -0.193155 -0.192811 -0.19245 -0.192794 -0.192793 -0.19281 -0.19281 -0.193154 -0.192793 -0.193154 -0.192449 -0.192792 -0.193153 -0.192793 -0.192809 -0.193153 -0.192809 -0.192448 -0.192792 -0.192792 -0.192809 -0.192808 -0.193152 -0.192791 -0.19279 -0.0881761 
-0.0899972 -0.20293 -0.202912 -0.20255 -0.202912 -0.20293 -0.203291 -0.20293 -0.202549 -0.202911 -0.202911 -0.202929 -0.202929 -0.20329 -0.20291 -0.20329 -0.202549 -0.20291 -0.20329 -0.20291 -0.202928 -0.20329 -0.202927 -0.202547 -0.202909 -0.202909 -0.202927 -0.202927 -0.203288 -0.202908 -0.202907 -0.0928043 
-0.0944851 -0.213048 -0.213029 -0.212649 -0.213029 -0.213048 -0.213427 -0.213048 -0.212648 -0.213028 -0.213028 -0.213046 -0.213046 -0.213426 -0.213027 -0.213426 -0.212647 -0.213027 -0.213425 -0.213027 -0.213045 -0.213425 -0.213045 -0.212646 -0.213026 -0.213026 -0.213045 -0.213044 -0.213424 -0.213025 -0.213024 -0.0974307 
-0.0989729 -0.223169 -0.22315 -0.222751 -0.223149 -0.223169 -0.223567 -0.223169 -0.22275 -0.223149 -0.223148 -0.223168 -0.223168 -0.223565 -0.223148 -0.223565 -0.222749 -0.223147 -0.223564 -0.223147 -0.223166 -0.223565 -0.223166 -0.222748 -0.223146 -0.223146 -0.223165 -0.223165 -0.223563 -0.223145 -0.223144 -0.10206 
-0.103462 -0.233293 -0.233273 -0.232856 -0.233272 -0.233292 -0.233708 -0.233292 -0.232855 -0.233272 -0.233271 -0.233291 -0.233291 -0.233707 -0.23327 -0.233707 -0.232854 -0.23327 -0.233706 -0.23327 -0.23329 -0.233706 -0.23329 -0.232852 -0.233269 -0.233268 -0.233289 -0.233289 -0.233704 -0.233267 -0.233266 -0.106691 
-0.107953 -0.243416 -0.243395 -0.24296 -0.243394 -0.243416 -0.24385 -0.243416 -0.242959 -0.243394 -0.243393 -0.243414 -0.243414 -0.243848 -0.243392 -0.243848 -0.242958 -0.243392 -0.243847 -0.243392 -0.243413 -0.243847 -0.243413 -0.242956 -0.243391 -0.24339 -0.243412 -0.243412 -0.243845 -0.243389 -0.243388 -0.111319 
-0.112442 -0.253539 -0.253517 -0.253064 -0.253516 -0.253538 -0.25399 -0.253538 -0.253063 -0.253516 -0.253515 -0.253537 -0.253537 -0.253989 -0.253514 -0.253989 -0.253062 -0.253513 -0.253988 -0.253514 -0.253535 -0.253988 -0.253535 -0.25306 -0.253512 -0.253512 -0.253534 -0.253534 -0.253986 -0.253511 -0.253509 -0.115948 
-0.11693 -0.263659 -0.263636 -0.263165 -0.263635 -0.263658 -0.264128 -0.263658 -0.263164 -0.263634 -0.263634 -0.263656 -0.263656 -0.264127 -0.263633 -0.264127 -0.263162 -0.263632 -0.264125 -0.263633 -0.263655 -0.264126 -0.263655 -0.26316 -0.263631 -0.26363 -0.263654 -0.263654 -0.264124 -0.263629 -0.263628 -0.120577 
-0.12142 -0.273781 -0.273757 -0.273269 -0.273757 -0.273781 -0.274269 -0.273781 -0.273267 -0.273756 -0.273756 -0.273779 -0.273779 -0.274267 -0.273754 -0.274267 -0.273266 -0.273754 -0.274266 -0.273754 -0.273777 -0.274266 -0.273777 -0.273263 -0.273752 -0.273752 -0.273776 -0.273776 -0.274264 -0.27375 -0.273749 -0.125205 
-0.125912 -0.283907 -0.283882 -0.283375 -0.283881 -0.283906 -0.284412 -0.283906 -0.283373 -0.283881 -0.28388 -0.283904 -0.283904 -0.28441 -0.283879 -0.28441 -0.283372 -0.283878 -0.284409 -0.283878 -0.283903 -0.28441 -0.283902 -0.28337 -0.283877 -0.283876 -0.283901 -0.283901 -0.284407 -0.283874 -0.283873 -0.129835 
-0.130403 -0.294029 -0.294003 -0.293478 -0.294002 -0.294028 -0.294552 -0.294028 -0.293476 -0.294001 -0.294001 -0.294026 -0.294026 -0.29455 -0.293999 -0.29455 -0.293475 -0.293999 -0.294549 -0.293999 -0.294024 -0.294549 -0.294024 -0.293472 -0.293997 -0.293996 -0.294022 -0.294022 -0.294547 -0.293995 -0.293993 -0.134461 
-0.134894 -0.304153 -0.304127 -0.303583 -0.304126 -0.304152 -0.304695 -0.304153 -0.303581 -0.304125 -0.304124 -0.30415 -0.30415 -0.304693 -0.304123 -0.304693 -0.30358 -0.304122 -0.304691 -0.304122 -0.304148 -0.304691 -0.304148 -0.303577 -0.304121 -0.30412 -0.304146 -0.304147 -0.304689 -0.304118 -0.304116 -0.13909 
-0.139384 -0.314276 -0.314249 -0.313688 -0.314248 -0.314276 -0.314836 -0.314276 -0.313686 -0.314247 -0.314247 -0.314274 -0.314274 -0.314834 -0.314245 -0.314834 -0.313684 -0.314244 -0.314833 -0.314245 -0.314271 -0.314833 -0.314271 -0.313681 -0.314243 -0.314242 -0.314269 -0.31427 -0.31483 -0.31424 -0.314237 -0.14372 
-0.143873 -0.324402 -0.324374 -0.323794 -0.324372 -0.324401 -0.324979 -0.324401 -0.323792 -0.324372 -0.324371 -0.324399 -0.324399 -0.324977 -0.324369 -0.324977 -0.32379 -0.324369 -0.324976 -0.324369 -0.324396 -0.324976 -0.324396 -0.323787 -0.324367 -0.324366 -0.324394 -0.324395 -0.324973 -0.324364 -0.324361 -0.148352 
-0.148363 -0.334525 -0.334496 -0.333898 -0.334495 -0.334524 -0.335121 -0.334525 -0.333896 -0.334494 -0.334493 -0.334522 -0.334522 -0.335118 -0.334492 -0.335118 -0.333894 -0.334491 -0.335117 -0.334491 -0.334519 -0.335117 -0.334519 -0.333891 -0.334489 -0.334488 -0.334517 -0.334517 -0.335114 -0.334485 -0.334483 -0.152981 
-0.152853 -0.34465 -0.34462 -0.344004 -0.344618 -0.344649 -0.345264 -0.344649 -0.344002 -0.344618 -0.344617 -0.344647 -0.344646 -0.345261 -0.344615 -0.345261 -0.344 -0.344614 -0.34526 -0.344614 -0.344644 -0.34526 -0.344644 -0.343997 -0.344613 -0.344611 -0.344642 -0.344642 -0.345256 -0.344609 -0.344606 -0.157612 
-0.157348 -0.354777 -0.354746 -0.354112 -0.354744 -0.354776 -0.355409 -0.354776 -0.35411 -0.354744 -0.354743 -0.354773 -0.354773 -0.355406 -0.354741 -0.355405 -0.354108 -0.35474 -0.355404 -0.35474 -0.35477 -0.355404 -0.35477 -0.354104 -0.354738 -0.354737 -0.354768 -0.354768 -0.3554 -0.354734 -0.354731 -0.162239 
-0.161839 -0.364901 -0.36487 -0.364218 -0.364868 -0.3649 -0.365551 -0.364901 -0.364215 -0.364868 -0.364866 -0.364898 -0.364898 -0.365549 -0.364865 -0.365548 -0.364213 -0.364864 -0.365547 -0.364864 -0.364895 -0.365547 -0.364895 -0.364209 -0.364862 -0.364861 -0.364892 -0.364892 -0.365543 -0.364857 -0.364854 -0.166869 
-0.166328 -0.375027 -0.374995 -0.374324 -0.374992 -0.375026 -0.375695 -0.375026 -0.374322 -0.374992 -0.374991 -0.375023 -0.375023 -0.375692 -0.374989 -0.375691 -0.37432 -0.374988 -0.37569 -0.374988 -0.37502 -0.37569 -0.37502 -0.374315 -0.374986 -0.374985 -0.375017 -0.375017 -0.375685 -0.374981 -0.374977 -0.171501 
-0.17082 -0.385154 -0.385121 -0.384432 -0.385119 -0.385153 -0.38584 -0.385153 -0.38443 -0.385118 -0.385117 -0.38515 -0.38515 -0.385837 -0.385115 -0.385836 -0.384428 -0.385114 -0.385835 -0.385114 -0.385147 -0.385835 -0.385147 -0.384423 -0.385112 -0.385111 -0.385144 -0.385144 -0.38583 -0.385107 -0.385103 -0.176132 
-0.175312 -0.395279 -0.395246 -0.394539 -0.395244 -0.395279 -0.395984 -0.395279 -0.394537 -0.395243 -0.395242 -0.395276 -0.395276 -0.395981 -0.39524 -0.39598 -0.394535 -0.395239 -0.395979 -0.395239 -0.395272 -0.395979 -0.395272 -0.39453 -0.395236 -0.395235 -0.39527 -0.39527 -0.395974 -0.395231 -0.395227 -0.180762 
-0.179802 -0.405404 -0.40537 -0.404645 -0.405368 -0.405404 -0.406127 -0.405404 -0.404643 -0.405367 -0.405366 -0.405401 -0.4054 -0.406124 -0.405364 -0.406123 -0.40464 -0.405363 -0.406122 -0.405363 -0.405397 -0.406122 -0.405397 -0.404635 -0.40536 -0.405359 -0.405395 -0.405394 -0.406116 -0.405355 -0.40535 -0.185392 
-0.184295 -0.415533 -0.415498 -0.414755 -0.415496 -0.415533 -0.416274 -0.415533 -0.414753 -0.415496 -0.415494 -0.41553 -0.415529 -0.416271 -0.415492 -0.41627 -0.41475 -0.41549 -0.416268 -0.415491 -0.415526 -0.416269 -0.415526 -0.414745 -0.415488 -0.415487 -0.415523 -0.415523 -0.416263 -0.415482 -0.415478 -0.190023 
-0.188788 -0.425663 -0.425627 -0.424866 -0.425625 -0.425663 -0.426422 -0.425663 -0.424864 -0.425625 -0.425623 -0.42566 -0.425659 -0.426419 -0.425621 -0.426418 -0.424861 -0.425619 -0.426416 -0.42562 -0.425656 -0.426417 -0.425655 -0.424856 -0.425617 -0.425616 -0.425653 -0.425653 -0.426411 -0.425611 -0.425606 -0.194656 
-0.193283 -0.435795 -0.435759 -0.434979 -0.435756 -0.435795 -0.436572 -0.435795 -0.434977 -0.435756 -0.435754 -0.435792 -0.435791 -0.436569 -0.435752 -0.436568 -0.434974 -0.43575 -0.436566 -0.435751 -0.435788 -0.436567 -0.435787 -0.434969 -0.435748 -0.435747 -0.435785 -0.435784 -0.43656 -0.435742 -0.435736 -0.199288 
-0.197778 -0.445927 -0.445889 -0.445092 -0.445887 -0.445927 -0.446722 -0.445927 -0.44509 -0.445887 -0.445885 -0.445923 -0.445923 -0.446718 -0.445882 -0.446718 -0.445087 -0.445881 -0.446716 -0.445881 -0.445919 -0.446716 -0.445919 -0.445081 -0.445878 -0.445877 -0.445916 -0.445916 -0.44671 -0.445872 -0.445866 -0.20392 
-0.202273 -0.456058 -0.45602 -0.455204 -0.456017 -0.456058 -0.456871 -0.456058 -0.455202 -0.456017 -0.456015 -0.456054 -0.456054 -0.456867 -0.456012 -0.456867 -0.455199 -0.456011 -0.456865 -0.456011 -0.45605 -0.456865 -0.456049 -0.455193 -0.456008 -0.456007 -0.456047 -0.456046 -0.456858 -0.456001 -0.455995 -0.208552 
-0.206765 -0.466186 -0.466147 -0.465313 -0.466145 -0.466186 -0.467017 -0.466186 -0.465311 -0.466144 -0.466142 -0.466182 -0.466182 -0.467014 -0.466139 -0.467013 -0.465308 -0.466138 -0.467011 -0.466138 -0.466178 -0.467011 -0.466177 -0.465302 -0.466135 -0.466134 -0.466174 -0.466174 -0.467004 -0.466128 -0.466122 -0.213183 
-0.21126 -0.47632 -0.47628 -0.475428 -0.476278 -0.47632 -0.477169 -0.47632 -0.475426 -0.476277 -0.476275 -0.476316 -0.476315 -0.477165 -0.476272 -0.477165 -0.475422 -0.47627 -0.477162 -0.476271 -0.476311 -0.477163 -0.476311 -0.475416 -0.476267 -0.476266 -0.476308 -0.476308 -0.477156 -0.47626 -0.476254 -0.217817 
-0.215756 -0.486455 -0.486414 -0.485544 -0.486412 -0.486455 -0.487322 -0.486455 -0.485542 -0.486411 -0.486409 -0.486451 -0.48645 -0.487319 -0.486406 -0.487318 -0.485539 -0.486405 -0.487315 -0.486405 -0.486446 -0.487316 -0.486446 -0.485532 -0.486401 -0.4864 -0.486442 -0.486442 -0.487308 -0.486394 -0.486387 -0.222451 
-0.220249 -0.496587 -0.496545 -0.495657 -0.496543 -0.496587 -0.497472 -0.496586 -0.495654 -0.496542 -0.49654 -0.496583 -0.496582 -0.497468 -0.496537 -0.497467 -0.495651 -0.496535 -0.497465 -0.496536 -0.496578 -0.497466 -0.496577 -0.495644 -0.496532 -0.496531 -0.496573 -0.496574 -0.497458 -0.496524 -0.496517 -0.227085 
-0.224743 -0.50672 -0.506678 -0.505771 -0.506675 -0.50672 -0.507623 -0.50672 -0.505769 -0.506675 -0.506672 -0.506716 -0.506715 -0.507619 -0.506669 -0.507619 -0.505765 -0.506667 -0.507616 -0.506668 -0.506711 -0.507617 -0.50671 -0.505758 -0.506664 -0.506663 -0.506706 -0.506707 -0.507609 -0.506656 -0.506649 -0.231719 
-0.229237 -0.516849 -0.516806 -0.515881 -0.516803 -0.516849 -0.51777 -0.516848 -0.515878 -0.516802 -0.5168 -0.516844 -0.516843 -0.517766 -0.516797 -0.517765 -0.515875 -0.516794 -0.517762 -0.516795 -0.516839 -0.517763 -0.516839 -0.515868 -0.516791 -0.51679 -0.516834 -0.516835 -0.517755 -0.516783 -0.516775 -0.236349 
-0.233732 -0.526984 -0.52694 -0.525998 -0.526937 -0.526984 -0.527923 -0.526984 -0.525994 -0.526937 -0.526934 -0.52698 -0.526979 -0.527919 -0.526931 -0.527919 -0.525991 -0.526929 -0.527915 -0.52693 -0.526974 -0.527916 -0.526974 -0.525984 -0.526925 -0.526924 -0.526969 -0.52697 -0.527908 -0.526917 -0.526909 -0.240984 
-0.238225 -0.537121 -0.537076 -0.536116 -0.537074 -0.537121 -0.538079 -0.537121 -0.536113 -0.537073 -0.53707 -0.537116 -0.537115 -0.538074 -0.537067 -0.538074 -0.536109 -0.537064 -0.53807 -0.537066 -0.537111 -0.538071 -0.53711 -0.536101 -0.537061 -0.53706 -0.537106 -0.537106 -0.538062 -0.537052 -0.537044 -0.245623 
-0.242721 -0.547255 -0.547209 -0.54623 -0.547207 -0.547255 -0.54823 -0.547254 -0.546227 -0.547206 -0.547203 -0.54725 -0.547249 -0.548226 -0.5472 -0.548226 -0.546223 -0.547197 -0.548222 -0.547198 -0.547244 -0.548223 -0.547244 -0.546216 -0.547193 -0.547192 -0.547239 -0.547239 -0.548214 -0.547184 -0.547175 -0.250256 
-0.247215 -0.557389 -0.557343 -0.556346 -0.557341 -0.55739 -0.558383 -0.557389 -0.556343 -0.557339 -0.557337 -0.557385 -0.557384 -0.558379 -0.557333 -0.558378 -0.556339 -0.55733 -0.558375 -0.557332 -0.557379 -0.558376 -0.557378 -0.556331 -0.557327 -0.557326 -0.557373 -0.557373 -0.558366 -0.557318 -0.557308 -0.254892 
-0.25171 -0.567526 -0.567479 -0.566464 -0.567476 -0.567526 -0.568537 -0.567525 -0.56646 -0.567475 -0.567472 -0.567521 -0.56752 -0.568534 -0.567468 -0.568533 -0.566456 -0.567466 -0.568529 -0.567467 -0.567514 -0.56853 -0.567514 -0.566448 -0.567462 -0.567461 -0.567509 -0.567509 -0.56852 -0.567452 -0.567442 -0.259528 
-0.256205 -0.577661 -0.577613 -0.57658 -0.57761 -0.577661 -0.57869 -0.57766 -0.576577 -0.577609 -0.577606 -0.577655 -0.577654 -0.578687 -0.577602 -0.578686 -0.576572 -0.577599 -0.578682 -0.577601 -0.577649 -0.578683 -0.577648 -0.576564 -0.577596 -0.577594 -0.577643 -0.577644 -0.578672 -0.577585 -0.577575 -0.264163 
-0.260701 -0.587797 -0.587748 -0.586697 -0.587746 -0.587797 -0.588845 -0.587797 -0.586694 -0.587744 -0.587742 -0.587792 -0.587791 -0.588841 -0.587738 -0.58884 -0.586689 -0.587735 -0.588836 -0.587736 -0.587785 -0.588837 -0.587784 -0.586681 -0.587731 -0.587729 -0.587779 -0.58778 -0.588826 -0.58772 -0.587709 -0.268798 
-0.265198 -0.597933 -0.597883 -0.596813 -0.59788 -0.597933 -0.598999 -0.597932 -0.596811 -0.597879 -0.597876 -0.597927 -0.597926 -0.598995 -0.597873 -0.598993 -0.596805 -0.597869 -0.598989 -0.597871 -0.597921 -0.598991 -0.59792 -0.596797 -0.597865 -0.597863 -0.597914 -0.597915 -0.59898 -0.597854 -0.597843 -0.273431 
-0.269694 -0.608067 -0.608017 -0.606929 -0.608014 -0.608067 -0.609151 -0.608067 -0.606927 -0.608013 -0.60801 -0.608062 -0.60806 -0.609148 -0.608006 -0.609146 -0.606921 -0.608003 -0.609142 -0.608004 -0.608055 -0.609143 -0.608054 -0.606912 -0.607998 -0.607997 -0.608048 -0.608049 -0.609132 -0.607987 -0.607975 -0.278065 
-0.274192 -0.618204 -0.618153 -0.617047 -0.61815 -0.618204 -0.619306 -0.618204 -0.617045 -0.618149 -0.618146 -0.618199 -0.618197 -0.619303 -0.618142 -0.619301 -0.617038 -0.618138 -0.619296 -0.61814 -0.618191 -0.619298 -0.61819 -0.61703 -0.618134 -0.618132 -0.618184 -0.618185 -0.619286 -0.618122 -0.61811 -0.282698 
-0.27869 -0.628344 -0.628292 -0.627168 -0.628289 -0.628344 -0.629464 -0.628343 -0.627165 -0.628288 -0.628285 -0.628339 -0.628337 -0.629461 -0.628281 -0.629458 -0.627159 -0.628277 -0.629454 -0.628279 -0.628331 -0.629456 -0.62833 -0.62715 -0.628272 -0.62827 -0.628323 -0.628325 -0.629443 -0.62826 -0.628247 -0.287335 
-0.28319 -0.638484 -0.638431 -0.637288 -0.638428 -0.638483 -0.639622 -0.638483 -0.637286 -0.638427 -0.638424 -0.638478 -0.638476 -0.639618 -0.63842 -0.639616 -0.637279 -0.638416 -0.639611 -0.638417 -0.63847 -0.639613 -0.638469 -0.63727 -0.63841 -0.638409 -0.638462 -0.638464 -0.6396 -0.638398 -0.638385 -0.291969 
-0.287687 -0.648623 -0.648569 -0.647408 -0.648566 -0.648622 -0.649779 -0.648622 -0.647406 -0.648565 -0.648561 -0.648617 -0.648615 -0.649775 -0.648558 -0.649773 -0.647398 -0.648553 -0.649768 -0.648555 -0.648609 -0.64977 -0.648608 -0.647389 -0.648548 -0.648546 -0.6486 -0.648602 -0.649757 -0.648535 -0.648521 -0.296605 
-0.292184 -0.658762 -0.658708 -0.657529 -0.658705 -0.658761 -0.659937 -0.658761 -0.657527 -0.658703 -0.6587 -0.658756 -0.658754 -0.659933 -0.658696 -0.65993 -0.657519 -0.658692 -0.659926 -0.658694 -0.658748 -0.659927 -0.658747 -0.657509 -0.658686 -0.658684 -0.658739 -0.658741 -0.659914 -0.658673 -0.658659 -0.301242 
-0.296681 -0.668901 -0.668845 -0.667648 -0.668843 -0.6689 -0.670093 -0.6689 -0.667646 -0.668841 -0.668838 -0.668895 -0.668893 -0.67009 -0.668834 -0.670087 -0.667638 -0.668829 -0.670082 -0.668831 -0.668887 -0.670084 -0.668885 -0.667628 -0.668823 -0.668821 -0.668877 -0.668879 -0.67007 -0.66881 -0.668795 -0.305878 
-0.30118 -0.679043 -0.678987 -0.677772 -0.678984 -0.679042 -0.680254 -0.679042 -0.677769 -0.678983 -0.678979 -0.679037 -0.679035 -0.68025 -0.678975 -0.680247 -0.677761 -0.678971 -0.680242 -0.678972 -0.679029 -0.680244 -0.679027 -0.677751 -0.678964 -0.678962 -0.679018 -0.67902 -0.680229 -0.67895 -0.678935 -0.310516 
-0.305678 -0.689183 -0.689126 -0.687892 -0.689123 -0.689182 -0.690411 -0.689181 -0.68789 -0.689121 -0.689117 -0.689176 -0.689174 -0.690408 -0.689114 -0.690405 -0.687881 -0.689109 -0.6904 -0.689111 -0.689168 -0.690401 -0.689166 -0.687871 -0.689102 -0.6891 -0.689157 -0.689159 -0.690386 -0.689088 -0.689072 -0.315152 
-0.310177 -0.699329 -0.699271 -0.69802 -0.699269 -0.699328 -0.700576 -0.699328 -0.698017 -0.699267 -0.699263 -0.699322 -0.69932 -0.700572 -0.699259 -0.70057 -0.698008 -0.699255 -0.700564 -0.699256 -0.699314 -0.700565 -0.699312 -0.697998 -0.699247 -0.699245 -0.699303 -0.699305 -0.70055 -0.699232 -0.699216 -0.319793 
-0.314676 -0.709471 -0.709412 -0.708142 -0.70941 -0.70947 -0.710736 -0.70947 -0.70814 -0.709408 -0.709404 -0.709464 -0.709462 -0.710732 -0.7094 -0.710729 -0.708131 -0.709395 -0.710724 -0.709397 -0.709456 -0.710725 -0.709453 -0.708121 -0.709387 -0.709386 -0.709444 -0.709446 -0.71071 -0.709372 -0.709355 -0.324431 
-0.319175 -0.719612 -0.719553 -0.718264 -0.71955 -0.719612 -0.720895 -0.719611 -0.718262 -0.719548 -0.719544 -0.719605 -0.719603 -0.720891 -0.71954 -0.720889 -0.718252 -0.719536 -0.720883 -0.719536 -0.719596 -0.720884 -0.719593 -0.718242 -0.719527 -0.719525 -0.719584 -0.719587 -0.720868 -0.719512 -0.719494 -0.329067 
-0.323675 -0.729757 -0.729696 -0.728389 -0.729693 -0.729756 -0.731057 -0.729755 -0.728388 -0.729691 -0.729687 -0.729749 -0.729747 -0.731053 -0.729683 -0.731051 -0.728377 -0.729679 -0.731045 -0.729679 -0.72974 -0.731046 -0.729737 -0.728367 -0.72967 -0.729668 -0.729728 -0.72973 -0.73103 -0.729654 -0.729636 -0.333705 
-0.328175 -0.739903 -0.739842 -0.738517 -0.739839 -0.739903 -0.741222 -0.739901 -0.738515 -0.739837 -0.739833 -0.739895 -0.739893 -0.741218 -0.739828 -0.741216 -0.738505 -0.739824 -0.741209 -0.739825 -0.739886 -0.74121 -0.739883 -0.738494 -0.739815 -0.739813 -0.739874 -0.739876 -0.741194 -0.739799 -0.73978 -0.338345 
-0.332677 -0.750049 -0.749987 -0.748644 -0.749984 -0.750049 -0.751386 -0.750047 -0.748642 -0.749982 -0.749978 -0.750041 -0.750039 -0.751382 -0.749973 -0.75138 -0.748631 -0.749969 -0.751372 -0.749969 -0.750032 -0.751373 -0.750028 -0.74862 -0.749959 -0.749958 -0.750019 -0.750021 -0.751357 -0.749943 -0.749923 -0.342983 
-0.337178 -0.760194 -0.760131 -0.75877 -0.760128 -0.760194 -0.761549 -0.760193 -0.758768 -0.760126 -0.760122 -0.760186 -0.760185 -0.761545 -0.760117 -0.761543 -0.758757 -0.760113 -0.761536 -0.760113 -0.760176 -0.761537 -0.760173 -0.758746 -0.760103 -0.760101 -0.760164 -0.760166 -0.76152 -0.760086 -0.760066 -0.347621 
-0.341677 -0.770336 -0.770272 -0.768893 -0.770269 -0.770336 -0.77171 -0.770335 -0.768891 -0.770267 -0.770263 -0.770328 -0.770327 -0.771705 -0.770258 -0.771703 -0.76888 -0.770254 -0.771695 -0.770254 -0.770318 -0.771696 -0.770314 -0.768868 -0.770244 -0.770242 -0.770305 -0.770307 -0.771679 -0.770226 -0.770206 -0.352259 
-0.346178 -0.780481 -0.780416 -0.779019 -0.780413 -0.780481 -0.781872 -0.78048 -0.779017 -0.780411 -0.780407 -0.780472 -0.780471 -0.781868 -0.780402 -0.781866 -0.779006 -0.780397 -0.781858 -0.780398 -0.780462 -0.781859 -0.780458 -0.778993 -0.780387 -0.780385 -0.780449 -0.780451 -0.781841 -0.780369 -0.780348 -0.356896 
-0.350681 -0.790628 -0.790563 -0.789147 -0.790559 -0.790628 -0.792038 -0.790627 -0.789145 -0.790557 -0.790553 -0.790619 -0.790618 -0.792033 -0.790548 -0.792031 -0.789134 -0.790543 -0.792023 -0.790544 -0.790609 -0.792024 -0.790605 -0.789121 -0.790533 -0.79053 -0.790596 -0.790597 -0.792005 -0.790514 -0.790493 -0.361535 
-0.355183 -0.800771 -0.800705 -0.799271 -0.800702 -0.800772 -0.802199 -0.80077 -0.799269 -0.800699 -0.800695 -0.800762 -0.800761 -0.802194 -0.80069 -0.802192 -0.799258 -0.800685 -0.802184 -0.800686 -0.800752 -0.802185 -0.800748 -0.799245 -0.800675 -0.800672 -0.800739 -0.80074 -0.802166 -0.800656 -0.800633 -0.36617 
-0.359685 -0.810917 -0.81085 -0.809398 -0.810847 -0.810917 -0.812363 -0.810916 -0.809396 -0.810844 -0.81084 -0.810908 -0.810907 -0.812358 -0.810835 -0.812356 -0.809384 -0.81083 -0.812347 -0.81083 -0.810897 -0.812348 -0.810893 -0.809371 -0.81082 -0.810816 -0.810884 -0.810885 -0.812329 -0.810799 -0.810777 -0.370808 
-0.364185 -0.821061 -0.820993 -0.819523 -0.82099 -0.821061 -0.822525 -0.82106 -0.819521 -0.820987 -0.820984 -0.821052 -0.821051 -0.82252 -0.820978 -0.822518 -0.819509 -0.820973 -0.82251 -0.820973 -0.821041 -0.82251 -0.821037 -0.819495 -0.820962 -0.820959 -0.821028 -0.821028 -0.822491 -0.820942 -0.820918 -0.375446 
-0.368684 -0.831207 -0.831138 -0.82965 -0.831135 -0.831207 -0.832689 -0.831206 -0.829648 -0.831132 -0.831128 -0.831198 -0.831196 -0.832684 -0.831123 -0.832682 -0.829636 -0.831118 -0.832673 -0.831118 -0.831186 -0.832674 -0.831182 -0.829621 -0.831107 -0.831103 -0.831173 -0.831173 -0.832654 -0.831085 -0.831061 -0.380086 
-0.373185 -0.84135 -0.84128 -0.839774 -0.841278 -0.841351 -0.842851 -0.84135 -0.839772 -0.841274 -0.841271 -0.841341 -0.841339 -0.842845 -0.841265 -0.842843 -0.83976 -0.84126 -0.842835 -0.84126 -0.841329 -0.842836 -0.841325 -0.839745 -0.841249 -0.841245 -0.841316 -0.841316 -0.842815 -0.841227 -0.841202 -0.384723 
-0.377685 -0.851495 -0.851424 -0.8499 -0.851422 -0.851495 -0.853014 -0.851494 -0.849897 -0.851418 -0.851415 -0.851485 -0.851484 -0.853008 -0.851408 -0.853006 -0.849885 -0.851403 -0.852997 -0.851404 -0.851474 -0.852998 -0.85147 -0.84987 -0.851392 -0.851388 -0.85146 -0.85146 -0.852977 -0.85137 -0.851344 -0.389362 
-0.382189 -0.861641 -0.861569 -0.860027 -0.861567 -0.861641 -0.863178 -0.86164 -0.860025 -0.861563 -0.86156 -0.861631 -0.86163 -0.863172 -0.861554 -0.86317 -0.860012 -0.861549 -0.863161 -0.861549 -0.86162 -0.863162 -0.861615 -0.859996 -0.861537 -0.861533 -0.861605 -0.861605 -0.86314 -0.861514 -0.861487 -0.393997 
-0.386689 -0.871784 -0.871712 -0.870151 -0.87171 -0.871785 -0.87334 -0.871784 -0.870149 -0.871706 -0.871702 -0.871775 -0.871773 -0.873334 -0.871696 -0.873331 -0.870136 -0.871691 -0.873322 -0.871691 -0.871763 -0.873323 -0.871759 -0.87012 -0.871679 -0.871675 -0.871748 -0.871748 -0.873301 -0.871656 -0.871628 -0.398635 
-0.391187 -0.881928 -0.881855 -0.880276 -0.881853 -0.881929 -0.883502 -0.881928 -0.880274 -0.881849 -0.881845 -0.881918 -0.881917 -0.883495 -0.881839 -0.883493 -0.88026 -0.881834 -0.883484 -0.881834 -0.881906 -0.883485 -0.881902 -0.880244 -0.881821 -0.881817 -0.881891 -0.881892 -0.883463 -0.881798 -0.881769 -0.403275 
-0.395688 -0.892073 -0.891999 -0.890403 -0.891997 -0.892074 -0.893665 -0.892073 -0.8904 -0.891993 -0.891989 -0.892063 -0.892062 -0.893659 -0.891983 -0.893656 -0.890386 -0.891978 -0.893647 -0.891978 -0.892051 -0.893648 -0.892047 -0.89037 -0.891965 -0.891961 -0.892036 -0.892036 -0.893625 -0.891941 -0.891912 -0.407913 
-0.400189 -0.902217 -0.902142 -0.900527 -0.90214 -0.902218 -0.903827 -0.902217 -0.900525 -0.902135 -0.902132 -0.902206 -0.902205 -0.90382 -0.902126 -0.903818 -0.90051 -0.90212 -0.903808 -0.90212 -0.902194 -0.903809 -0.90219 -0.900494 -0.902107 -0.902102 -0.902178 -0.902179 -0.903786 -0.902082 -0.902053 -0.412549 
-0.404688 -0.912359 -0.912283 -0.91065 -0.912281 -0.91236 -0.913987 -0.912359 -0.910648 -0.912276 -0.912272 -0.912348 -0.912347 -0.91398 -0.912267 -0.913978 -0.910632 -0.912261 -0.913968 -0.912261 -0.912336 -0.913968 -0.912331 -0.910616 -0.912247 -0.912243 -0.91232 -0.91232 -0.913945 -0.912222 -0.912192 -0.417186 
-0.40919 -0.922504 -0.922427 -0.920777 -0.922425 -0.922505 -0.92415 -0.922504 -0.920774 -0.92242 -0.922417 -0.922493 -0.922492 -0.924143 -0.922411 -0.924141 -0.920758 -0.922405 -0.924132 -0.922405 -0.922481 -0.924131 -0.922476 -0.920742 -0.922391 -0.922386 -0.922464 -0.922465 -0.924108 -0.922365 -0.922335 -0.421824 
-0.41369 -0.932649 -0.932572 -0.930903 -0.93257 -0.932651 -0.934314 -0.93265 -0.930901 -0.932565 -0.932562 -0.932639 -0.932637 -0.934307 -0.932556 -0.934305 -0.930885 -0.932549 -0.934295 -0.93255 -0.932627 -0.934295 -0.932621 -0.930869 -0.932536 -0.932531 -0.932609 -0.93261 -0.934271 -0.932509 -0.932478 -0.426463 
-0.418193 -0.942796 -0.942718 -0.941032 -0.942717 -0.942798 -0.944479 -0.942797 -0.941029 -0.942712 -0.942708 -0.942786 -0.942784 -0.944473 -0.942702 -0.94447 -0.941013 -0.942695 -0.944461 -0.942696 -0.942774 -0.94446 -0.942768 -0.940996 -0.942682 -0.942677 -0.942756 -0.942756 -0.944436 -0.942655 -0.942623 -0.431102 
-0.422695 -0.952942 -0.952864 -0.951159 -0.952862 -0.952945 -0.954644 -0.952943 -0.951156 -0.952857 -0.952853 -0.952932 -0.95293 -0.954637 -0.952847 -0.954635 -0.951139 -0.95284 -0.954625 -0.952841 -0.952919 -0.954624 -0.952913 -0.951123 -0.952826 -0.952821 -0.952901 -0.952901 -0.954599 -0.952799 -0.952766 -0.435739 
-0.427197 -0.963087 -0.963008 -0.961285 -0.963006 -0.96309 -0.964807 -0.963088 -0.961282 -0.963001 -0.962997 -0.963077 -0.963075 -0.9648 -0.962991 -0.964797 -0.961265 -0.962984 -0.964787 -0.962985 -0.963064 -0.964786 -0.963058 -0.961249 -0.96297 -0.962965 -0.963046 -0.963045 -0.964761 -0.962942 -0.962908 -0.440376 
-0.431696 -0.973228 -0.973148 -0.971407 -0.973146 -0.973231 -0.974966 -0.97323 -0.971404 -0.973141 -0.973138 -0.973218 -0.973216 -0.974959 -0.973131 -0.974957 -0.971387 -0.973124 -0.974947 -0.973126 -0.973205 -0.974946 -0.973199 -0.971371 -0.97311 -0.973105 -0.973186 -0.973186 -0.974919 -0.973081 -0.973047 -0.445013 
-0.436197 -0.983375 -0.983293 -0.981535 -0.983292 -0.983377 -0.985131 -0.983376 -0.981531 -0.983287 -0.983283 -0.983365 -0.983362 -0.985124 -0.983277 -0.985121 -0.981514 -0.983269 -0.985111 -0.983271 -0.983351 -0.98511 -0.983344 -0.981497 -0.983255 -0.983249 -0.983332 -0.983331 -0.985083 -0.983226 -0.983191 -0.449652 
-0.440699 -0.993522 -0.993439 -0.991663 -0.993438 -0.993524 -0.995296 -0.993523 -0.991659 -0.993433 -0.99343 -0.993512 -0.993509 -0.995289 -0.993423 -0.995286 -0.991642 -0.993415 -0.995276 -0.993417 -0.993498 -0.995275 -0.993491 -0.991625 -0.9934 -0.993395 -0.993478 -0.993478 -0.995247 -0.993371 -0.993336 -0.45429 
-0.445199 -1.00367 -1.00359 -1.00179 -1.00358 -1.00367 -1.00546 -1.00367 -1.00179 -1.00358 -1.00358 -1.00366 -1.00366 -1.00545 -1.00357 -1.00545 -1.00177 -1.00356 -1.00544 -1.00356 -1.00364 -1.00544 -1.00364 -1.00175 -1.00355 -1.00354 -1.00362 -1.00362 -1.00541 -1.00352 -1.00348 -0.458931 
-0.449961 -1.01438 -1.01429 -1.01248 -1.01429 -1.01438 -1.01619 -1.01438 -1.01248 -1.01429 -1.01428 -1.01437 -1.01437 -1.01618 -1.01428 -1.01618 -1.01246 -1.01427 -1.01617 -1.01427 -1.01435 -1.01617 -1.01435 -1.01244 -1.01425 -1.01425 -1.01433 -1.01433 -1.01614 -1.01422 -1.01419 -0.463815 
