753.749 753.749 753.749 753.749 753.749 753.749 753.749 753.749 753.749 753.749 753.749 753.749 753.749 753.749 753.749 753.749 753.749 753.749 753.749 753.749 753.749 753.749 753.749 753.749 753.749 753.749 753.749 753.749 753.749 753.749 753.749 753.749 
753.844 753.841 753.839 753.839 753.838 753.838 753.837 753.839 753.837 753.838 753.838 753.836 753.837 753.835 753.834 753.834 753.836 753.837 753.834 753.833 753.835 753.834 753.831 753.833 753.834 753.833 753.833 753.83 753.832 753.83 753.828 753.82 
753.942 753.935 753.932 753.932 753.929 753.929 753.927 753.932 753.928 753.929 753.929 753.926 753.927 753.923 753.922 753.922 753.926 753.927 753.921 753.921 753.923 753.922 753.915 753.92 753.922 753.919 753.919 753.913 753.917 753.913 753.91 753.894 
754.044 754.033 754.029 754.028 754.024 754.024 754.022 754.029 754.023 754.024 754.023 754.02 754.021 754.016 754.015 754.015 754.02 754.021 754.012 754.012 754.014 754.013 754.004 754.01 754.013 754.009 754.009 754 754.006 754.001 753.996 753.972 
754.151 754.135 754.13 754.129 754.124 754.124 754.121 754.131 754.123 754.124 754.123 754.117 754.12 754.114 754.113 754.112 754.12 754.118 754.107 754.109 754.111 754.109 754.098 754.104 754.108 754.103 754.102 754.093 754.099 754.092 754.085 754.054 
754.265 754.243 754.238 754.236 754.23 754.23 754.226 754.238 754.228 754.229 754.227 754.22 754.224 754.217 754.217 754.215 754.225 754.22 754.207 754.212 754.212 754.211 754.198 754.204 754.209 754.202 754.201 754.191 754.197 754.19 754.18 754.14 
754.386 754.356 754.352 754.348 754.342 754.341 754.337 754.35 754.34 754.34 754.337 754.329 754.335 754.326 754.326 754.325 754.336 754.328 754.313 754.321 754.32 754.318 754.305 754.309 754.315 754.308 754.305 754.295 754.301 754.292 754.281 754.233 
754.515 754.476 754.473 754.468 754.46 754.46 754.453 754.468 754.457 754.458 754.454 754.445 754.451 754.442 754.442 754.442 754.453 754.441 754.427 754.437 754.433 754.431 754.419 754.421 754.426 754.419 754.415 754.406 754.411 754.401 754.388 754.33 
754.65 754.603 754.6 754.594 754.584 754.584 754.577 754.592 754.58 754.582 754.577 754.567 754.574 754.563 754.565 754.564 754.576 754.56 754.547 754.559 754.552 754.551 754.539 754.539 754.545 754.536 754.532 754.524 754.528 754.515 754.501 754.433 
754.793 754.737 754.732 754.726 754.715 754.715 754.706 754.722 754.71 754.712 754.706 754.696 754.703 754.69 754.693 754.693 754.704 754.685 754.674 754.687 754.677 754.676 754.665 754.664 754.669 754.659 754.656 754.648 754.65 754.636 754.621 754.541 
754.942 754.877 754.871 754.864 754.853 754.852 754.842 754.858 754.846 754.848 754.841 754.832 754.838 754.822 754.828 754.826 754.837 754.817 754.807 754.821 754.808 754.808 754.796 754.794 754.799 754.789 754.785 754.777 754.777 754.764 754.746 754.654 
755.098 755.022 755.015 755.008 754.997 754.995 754.985 755 754.989 754.99 754.983 754.973 754.979 754.961 754.968 754.966 754.976 754.955 754.947 754.961 754.945 754.944 754.933 754.931 754.936 754.924 754.922 754.913 754.911 754.897 754.878 754.773 
755.26 755.173 755.165 755.158 755.147 755.145 755.135 755.149 755.137 755.138 755.131 755.12 755.125 755.105 755.113 755.11 755.121 755.1 755.092 755.106 755.087 755.087 755.077 755.073 755.078 755.065 755.064 755.055 755.05 755.038 755.016 754.897 
755.429 755.329 755.321 755.314 755.303 755.3 755.29 755.304 755.291 755.291 755.284 755.273 755.278 755.255 755.264 755.26 755.272 755.25 755.243 755.257 755.236 755.235 755.226 755.221 755.226 755.212 755.212 755.202 755.195 755.184 755.159 755.027 
755.604 755.489 755.482 755.476 755.465 755.461 755.452 755.465 755.45 755.45 755.443 755.43 755.436 755.411 755.421 755.416 755.429 755.406 755.399 755.413 755.39 755.389 755.382 755.374 755.38 755.365 755.366 755.355 755.346 755.337 755.308 755.161 
755.785 755.655 755.65 755.643 755.632 755.627 755.618 755.631 755.614 755.614 755.606 755.592 755.599 755.572 755.583 755.578 755.591 755.567 755.56 755.574 755.55 755.548 755.544 755.533 755.539 755.525 755.526 755.515 755.504 755.495 755.463 755.301 
755.972 755.826 755.823 755.815 755.804 755.799 755.789 755.803 755.783 755.784 755.775 755.76 755.767 755.739 755.75 755.745 755.759 755.733 755.726 755.741 755.716 755.714 755.711 755.696 755.704 755.69 755.692 755.68 755.667 755.658 755.624 755.446 
756.166 756.002 756.002 755.993 755.98 755.976 755.964 755.979 755.958 755.959 755.949 755.932 755.94 755.91 755.922 755.918 755.932 755.905 755.897 755.913 755.888 755.885 755.883 755.865 755.874 755.86 755.863 755.85 755.835 755.826 755.79 755.595 
756.366 756.182 756.184 756.175 756.161 756.157 756.144 756.16 756.137 756.14 756.128 756.111 756.118 756.087 756.1 756.096 756.109 756.081 756.072 756.091 756.065 756.061 756.06 756.038 756.05 756.035 756.038 756.025 756.008 755.999 755.96 755.748 
756.571 756.367 756.371 756.361 756.347 756.344 756.328 756.345 756.322 756.326 756.313 756.294 756.301 756.27 756.283 756.279 756.291 756.262 756.252 756.275 756.247 756.243 756.241 756.217 756.23 756.214 756.218 756.205 756.186 756.176 756.136 755.905 
756.78 756.557 756.562 756.551 756.538 756.535 756.517 756.535 756.512 756.517 756.502 756.483 756.488 756.457 756.47 756.466 756.477 756.448 756.435 756.464 756.434 756.43 756.427 756.401 756.414 756.397 756.401 756.39 756.368 756.358 756.316 756.067 
756.994 756.751 756.756 756.746 756.734 756.729 756.71 756.729 756.706 756.712 756.695 756.676 756.678 756.649 756.661 756.658 756.667 756.638 756.623 756.656 756.624 756.622 756.618 756.59 756.602 756.585 756.588 756.58 756.555 756.544 756.5 756.232 
757.211 756.949 756.955 756.945 756.934 756.928 756.907 756.927 756.905 756.91 756.892 756.872 756.873 756.846 756.856 756.853 756.861 756.833 756.815 756.852 756.819 756.818 756.813 756.784 756.794 756.777 756.78 756.774 756.747 756.734 756.689 756.402 
757.433 757.152 757.157 757.149 757.138 757.13 757.108 757.128 757.106 757.112 757.092 757.071 757.072 757.047 757.055 757.053 757.059 757.031 757.012 757.051 757.018 757.018 757.012 756.981 756.991 756.973 756.975 756.972 756.943 756.927 756.882 756.575 
757.659 757.357 757.363 757.356 757.344 757.335 757.311 757.333 757.311 757.316 757.296 757.274 757.274 757.251 757.257 757.255 757.262 757.234 757.212 757.252 757.22 757.221 757.214 757.183 757.192 757.173 757.175 757.173 757.143 757.124 757.077 756.751 
757.89 757.565 757.571 757.567 757.553 757.544 757.518 757.541 757.519 757.523 757.503 757.48 757.481 757.457 757.463 757.46 757.468 757.44 757.416 757.456 757.426 757.427 757.419 757.389 757.397 757.377 757.378 757.377 757.347 757.325 757.276 756.931 
758.126 757.776 757.782 757.781 757.763 757.755 757.727 757.753 757.729 757.733 757.714 757.689 757.691 757.666 757.671 757.667 757.677 757.649 757.624 757.662 757.635 757.636 757.627 757.597 757.605 757.583 757.584 757.583 757.554 757.528 757.478 757.114 
758.365 757.99 757.996 757.998 757.975 757.97 757.939 757.968 757.941 757.947 757.927 757.901 757.904 757.878 757.882 757.877 757.889 757.861 757.836 757.871 757.847 757.847 757.838 757.809 757.816 757.792 757.792 757.792 757.763 757.735 757.681 757.3 
758.608 758.206 758.214 758.216 758.189 758.186 758.153 758.185 758.155 758.163 758.143 758.116 758.119 758.091 758.096 758.09 758.104 758.075 758.051 758.083 758.06 758.06 758.051 758.023 758.029 758.003 758.002 758.004 757.974 757.945 757.886 757.489 
758.853 758.424 758.434 758.436 758.405 758.405 758.371 758.406 758.371 758.382 758.361 758.334 758.336 758.307 758.312 758.307 758.322 758.291 758.269 758.297 758.274 758.275 758.266 758.24 758.246 758.216 758.215 758.218 758.187 758.157 758.093 757.68 
759.101 758.644 758.657 758.657 758.623 758.626 758.591 758.628 758.59 758.603 758.581 758.555 758.555 758.526 758.532 758.525 758.541 758.51 758.489 758.514 758.491 758.492 758.484 758.458 758.464 758.432 758.431 758.434 758.401 758.371 758.301 757.872 
759.35 758.867 758.882 758.881 758.842 758.849 758.815 758.852 758.811 758.826 758.802 758.778 758.777 758.748 758.754 758.745 758.764 758.731 758.711 758.734 758.709 758.711 758.704 758.677 758.685 758.651 758.649 758.653 758.617 758.586 758.511 758.066 
759.601 759.091 759.109 759.106 759.064 759.073 759.041 759.078 759.036 759.052 759.025 759.003 759 758.972 758.978 758.967 758.988 758.954 758.934 758.956 758.929 758.932 758.925 758.898 758.907 758.872 758.868 758.873 758.835 758.803 758.722 758.261 
759.854 759.318 759.338 759.333 759.289 759.299 759.27 759.305 759.263 759.279 759.25 759.229 759.225 759.198 759.204 759.191 759.215 759.179 759.159 759.18 759.151 759.155 759.148 759.12 759.13 759.096 759.089 759.095 759.054 759.021 758.936 758.458 
760.108 759.547 759.568 759.561 759.516 759.526 759.5 759.533 759.492 759.507 759.475 759.457 759.452 759.425 759.431 759.416 759.443 759.405 759.384 759.405 759.375 759.38 759.373 759.343 759.354 759.321 759.312 759.318 759.275 759.241 759.152 758.656 
760.363 759.777 759.8 759.79 759.744 759.754 759.73 759.761 759.723 759.737 759.703 759.686 759.68 759.653 759.659 759.642 759.672 759.632 759.61 759.63 759.6 759.607 759.598 759.568 759.578 759.547 759.536 759.542 759.497 759.463 759.37 758.856 
760.619 760.007 760.031 760.021 759.975 759.983 759.96 759.99 759.954 759.967 759.931 759.915 759.909 759.882 759.887 759.869 759.902 759.86 759.837 759.856 759.828 759.835 759.825 759.794 759.803 759.775 759.762 759.768 759.72 759.687 759.59 759.057 
760.876 760.237 760.262 760.251 760.206 760.214 760.189 760.22 760.186 760.197 760.161 760.145 760.138 760.112 760.115 760.098 760.134 760.089 760.065 760.084 760.057 760.064 760.054 760.021 760.03 760.003 759.99 759.995 759.944 759.912 759.811 759.259 
761.134 760.466 760.493 760.482 760.439 760.445 760.419 760.451 760.418 760.429 760.392 760.376 760.368 760.342 760.344 760.327 760.365 760.317 760.293 760.313 760.287 760.293 760.282 760.249 760.257 760.232 760.22 760.224 760.17 760.137 760.033 759.461 
761.393 760.695 760.724 760.712 760.672 760.677 760.649 760.682 760.652 760.662 760.623 760.607 760.598 760.572 760.573 760.557 760.598 760.546 760.522 760.545 760.518 760.524 760.512 760.477 760.486 760.462 760.452 760.453 760.396 760.362 760.256 759.663 
761.652 760.923 760.956 760.943 760.906 760.91 760.88 760.914 760.886 760.895 760.855 760.838 760.829 760.803 760.803 760.787 760.83 760.776 760.751 760.777 760.75 760.755 760.741 760.707 760.715 760.693 760.684 760.681 760.623 760.588 760.479 759.865 
761.912 761.152 761.188 761.175 761.139 761.144 761.111 761.147 761.12 761.128 761.088 761.069 761.061 761.034 761.034 761.018 761.063 761.006 760.981 761.01 760.982 760.987 760.972 760.938 760.945 760.924 760.917 760.91 760.851 760.814 760.702 760.069 
762.173 761.383 761.421 761.407 761.372 761.379 761.343 761.381 761.355 761.362 761.321 761.301 761.293 761.266 761.266 761.249 761.296 761.236 761.211 761.244 761.214 761.22 761.204 761.17 761.175 761.155 761.148 761.139 761.08 761.041 760.925 760.272 
762.434 761.615 761.654 761.639 761.606 761.613 761.576 761.614 761.59 761.595 761.554 761.533 761.525 761.498 761.498 761.48 761.528 761.467 761.441 761.477 761.446 761.453 761.436 761.403 761.406 761.386 761.379 761.369 761.309 761.269 761.15 760.476 
762.696 761.847 761.887 761.873 761.839 761.848 761.808 761.847 761.825 761.829 761.788 761.767 761.757 761.731 761.73 761.713 761.761 761.698 761.672 761.71 761.678 761.686 761.669 761.636 761.637 761.616 761.609 761.6 761.538 761.498 761.375 760.68 
762.958 762.081 762.122 762.108 762.073 762.082 762.041 762.08 762.059 762.063 762.021 762 761.989 761.964 761.964 761.946 761.995 761.93 761.903 761.942 761.91 761.918 761.901 761.869 761.868 761.847 761.837 761.831 761.768 761.726 761.601 760.884 
763.219 762.315 762.357 762.343 762.307 762.315 762.274 762.313 762.294 762.298 762.254 762.234 762.222 762.197 762.198 762.179 762.229 762.163 762.134 762.175 762.142 762.15 762.133 762.102 762.099 762.078 762.065 762.063 761.998 761.955 761.828 761.088 
763.48 762.55 762.593 762.578 762.541 762.549 762.507 762.545 762.528 762.532 762.487 762.468 762.454 762.43 762.432 762.413 762.463 762.395 762.366 762.407 762.375 762.382 762.365 762.334 762.33 762.31 762.294 762.295 762.228 762.184 762.054 761.291 
763.74 762.785 762.828 762.813 762.776 762.782 762.74 762.778 762.762 762.766 762.72 762.702 762.687 762.663 762.666 762.647 762.698 762.627 762.597 762.64 762.606 762.613 762.597 762.566 762.561 762.542 762.522 762.526 762.458 762.412 762.28 761.496 
764 763.019 763.062 763.048 763.011 763.016 762.973 763.01 762.996 763 762.952 762.935 762.92 762.895 762.899 762.881 762.931 762.858 762.828 762.872 762.838 762.845 762.829 762.797 762.791 762.774 762.75 762.757 762.689 762.642 762.506 761.702 
764.26 763.252 763.296 763.284 763.246 763.251 763.206 763.244 763.229 763.233 763.185 763.169 763.153 763.127 763.132 763.115 763.164 763.089 763.059 763.104 763.069 763.076 763.062 763.029 763.022 763.006 762.979 762.988 762.919 762.871 762.731 761.908 
764.521 763.486 763.53 763.519 763.481 763.485 763.439 763.477 763.463 763.466 763.42 763.402 763.385 763.36 763.365 763.349 763.397 763.32 763.289 763.337 763.3 763.308 763.293 763.261 763.252 763.237 763.208 763.219 763.149 763.101 762.956 762.114 
764.782 763.718 763.764 763.754 763.716 763.72 763.672 763.71 763.697 763.7 763.655 763.635 763.617 763.594 763.597 763.584 763.629 763.55 763.521 763.571 763.531 763.539 763.524 763.493 763.483 763.468 763.437 763.449 763.379 763.331 763.179 762.321 
765.042 763.951 763.999 763.99 763.952 763.955 763.905 763.944 763.931 763.934 763.891 763.867 763.848 763.829 763.829 763.818 763.861 763.781 763.753 763.804 763.763 763.772 763.754 763.724 763.715 763.698 763.667 763.678 763.609 763.56 763.402 762.526 
765.302 764.184 764.233 764.224 764.187 764.189 764.138 764.177 764.165 764.167 764.126 764.098 764.08 764.065 764.061 764.052 764.094 764.012 763.986 764.038 763.994 764.004 763.984 763.956 763.946 763.928 763.896 763.907 763.838 763.788 763.624 762.732 
765.563 764.417 764.466 764.458 764.422 764.422 764.371 764.41 764.4 764.401 764.361 764.33 764.312 764.301 764.293 764.285 764.326 764.243 764.219 764.27 764.225 764.237 764.214 764.188 764.178 764.158 764.125 764.135 764.067 764.015 763.846 762.937 
765.823 764.65 764.699 764.691 764.655 764.654 764.602 764.642 764.636 764.634 764.594 764.562 764.544 764.536 764.525 764.518 764.558 764.474 764.452 764.502 764.456 764.469 764.444 764.421 764.409 764.387 764.353 764.363 764.296 764.241 764.067 763.143 
766.082 764.882 764.931 764.922 764.888 764.885 764.833 764.875 764.871 764.866 764.825 764.793 764.776 764.77 764.757 764.749 764.789 764.705 764.683 764.733 764.686 764.701 764.673 764.653 764.639 764.616 764.58 764.592 764.524 764.467 764.289 763.349 
766.341 765.115 765.163 765.153 765.119 765.115 765.064 765.107 765.106 765.098 765.055 765.025 765.007 765.004 764.99 764.98 765.02 764.936 764.914 764.963 764.917 764.933 764.903 764.885 764.869 764.845 764.807 764.822 764.753 764.692 764.51 763.554 
766.599 765.348 765.395 765.383 765.351 765.345 765.295 765.338 765.341 765.33 765.285 765.257 765.237 765.236 765.222 765.21 765.25 765.166 765.142 765.193 765.147 765.164 765.131 765.116 765.097 765.072 765.032 765.051 764.981 764.917 764.731 763.759 
766.856 765.579 765.627 765.613 765.582 765.574 765.525 765.568 765.575 765.561 765.515 765.489 765.467 765.467 765.454 765.439 765.478 765.396 765.37 765.422 765.376 765.394 765.36 765.345 765.325 765.299 765.258 765.28 765.209 765.141 764.951 763.963 
767.113 765.81 765.858 765.844 765.813 765.803 765.756 765.798 765.808 765.793 765.745 765.721 765.696 765.698 765.686 765.668 765.706 765.626 765.598 765.651 765.605 765.624 765.588 765.573 765.552 765.526 765.483 765.508 765.436 765.366 765.171 764.165 
767.369 766.041 766.089 766.074 766.044 766.031 765.987 766.027 766.04 766.024 765.976 765.951 765.924 765.93 765.917 765.897 765.933 765.855 765.826 765.88 765.834 765.853 765.816 765.799 765.778 765.752 765.707 765.734 765.661 765.59 765.391 764.368 
767.625 766.27 766.32 766.304 766.275 766.259 766.217 766.255 766.271 766.255 766.206 766.18 766.152 766.16 766.148 766.125 766.16 766.085 766.055 766.109 766.062 766.081 766.043 766.024 766.004 765.977 765.931 765.959 765.886 765.813 765.61 764.569 
767.879 766.499 766.549 766.534 766.507 766.486 766.446 766.483 766.501 766.485 766.435 766.408 766.38 766.391 766.377 766.353 766.385 766.315 766.283 766.338 766.291 766.308 766.269 766.248 766.23 766.202 766.154 766.183 766.109 766.036 765.828 764.771 
768.133 766.727 766.778 766.763 766.737 766.713 766.674 766.709 766.73 766.715 766.663 766.635 766.607 766.62 766.606 766.582 766.611 766.543 766.511 766.567 766.519 766.535 766.494 766.472 766.454 766.426 766.376 766.406 766.331 766.258 766.044 764.972 
768.385 766.955 767.006 766.991 766.967 766.94 766.901 766.935 766.958 766.944 766.889 766.861 766.833 766.848 766.834 766.81 766.835 766.77 766.738 766.795 766.746 766.76 766.718 766.695 766.677 766.65 766.598 766.629 766.553 766.479 766.26 765.173 
768.635 767.181 767.233 767.217 767.195 767.167 767.127 767.161 767.184 767.172 767.115 767.086 767.059 767.075 767.06 767.038 767.059 766.997 766.964 767.022 766.971 766.984 766.941 766.919 766.9 766.873 766.819 766.851 766.775 766.699 766.476 765.374 
768.885 767.407 767.459 767.442 767.422 767.394 767.351 767.385 767.41 767.398 767.339 767.31 767.283 767.3 767.285 767.264 767.282 767.223 767.189 767.247 767.195 767.207 767.163 767.142 767.121 767.095 767.039 767.072 766.996 766.918 766.69 765.573 
769.134 767.631 767.683 767.665 767.646 767.621 767.575 767.61 767.635 767.622 767.563 767.533 767.506 767.524 767.508 767.49 767.504 767.448 767.412 767.469 767.418 767.428 767.384 767.365 767.342 767.316 767.259 767.293 767.218 767.135 766.903 765.772 
769.382 767.855 767.906 767.887 767.869 767.846 767.799 767.833 767.859 767.844 767.785 767.755 767.728 767.747 767.73 767.714 767.725 767.672 767.634 767.689 767.639 767.648 767.602 767.586 767.561 767.537 767.478 767.512 767.438 767.352 767.116 765.97 
769.629 768.078 768.128 768.107 768.091 768.07 768.021 768.055 768.081 768.065 768.007 767.976 767.949 767.968 767.951 767.937 767.945 767.896 767.854 767.908 767.858 767.868 767.819 767.805 767.78 767.755 767.696 767.731 767.658 767.568 767.327 766.165 
769.875 768.299 768.349 768.326 768.311 768.293 768.243 768.276 768.302 768.284 768.227 768.196 768.17 768.187 768.171 768.159 768.163 768.117 768.073 768.125 768.076 768.086 768.034 768.023 767.997 767.973 767.914 767.947 767.876 767.783 767.538 766.359 
770.12 768.519 768.569 768.544 768.53 768.514 768.463 768.496 768.521 768.502 768.447 768.414 768.39 768.406 768.389 768.38 768.382 768.336 768.289 768.341 768.292 768.302 768.247 768.238 768.212 768.189 768.131 768.162 768.091 767.996 767.748 766.552 
770.363 768.737 768.786 768.76 768.748 768.733 768.681 768.715 768.738 768.718 768.665 768.63 768.608 768.623 768.606 768.599 768.598 768.553 768.504 768.557 768.507 768.517 768.459 768.452 768.427 768.403 768.346 768.374 768.304 768.209 767.955 766.743 
770.604 768.952 769.002 768.975 768.963 768.95 768.897 768.933 768.954 768.933 768.882 768.844 768.825 768.838 768.821 768.815 768.814 768.767 768.718 768.77 768.72 768.731 768.671 768.664 768.64 768.615 768.559 768.584 768.514 768.419 768.161 766.932 
770.842 769.165 769.216 769.189 769.177 769.165 769.111 769.148 769.167 769.145 769.096 769.056 769.04 769.051 769.034 769.029 769.027 768.979 768.93 768.982 768.931 768.942 768.881 768.874 768.852 768.824 768.77 768.791 768.722 768.626 768.365 767.119 
771.076 769.376 769.427 769.4 769.388 769.378 769.322 769.361 769.378 769.356 769.308 769.266 769.252 769.262 769.245 769.241 769.237 769.189 769.14 769.192 769.141 769.151 769.09 769.082 769.062 769.031 768.979 768.997 768.928 768.831 768.567 767.305 
771.308 769.584 769.635 769.61 769.597 769.587 769.532 769.572 769.588 769.565 769.517 769.475 769.461 769.472 769.454 769.45 769.445 769.397 769.348 769.399 769.348 769.358 769.297 769.288 769.27 769.235 769.186 769.201 769.132 769.034 768.766 767.488 
771.537 769.791 769.841 769.817 769.804 769.794 769.738 769.78 769.795 769.771 769.724 769.682 769.667 769.679 769.66 769.656 769.651 769.602 769.554 769.604 769.553 769.564 769.503 769.492 769.476 769.437 769.391 769.404 769.334 769.235 768.963 767.67 
771.764 769.995 770.044 770.021 770.008 769.998 769.943 769.984 769.999 769.975 769.929 769.886 769.87 769.883 769.864 769.86 769.854 769.805 769.757 769.807 769.755 769.767 769.705 769.692 769.679 769.637 769.594 769.604 769.534 769.433 769.158 767.849 
771.988 770.196 770.245 770.223 770.21 770.199 770.145 770.185 770.2 770.176 770.132 770.086 770.07 770.085 770.065 770.06 770.055 770.006 769.958 770.008 769.954 769.968 769.906 769.89 769.88 769.835 769.794 769.801 769.732 769.629 769.349 768.026 
772.209 770.394 770.442 770.421 770.409 770.397 770.344 770.384 770.398 770.373 770.331 770.284 770.267 770.283 770.263 770.258 770.254 770.205 770.156 770.207 770.151 770.167 770.103 770.085 770.077 770.031 769.991 769.996 769.928 769.822 769.538 768.2 
772.427 770.589 770.637 770.617 770.606 770.592 770.542 770.58 770.593 770.568 770.528 770.478 770.462 770.479 770.457 770.452 770.449 770.4 770.351 770.402 770.345 770.363 770.297 770.277 770.272 770.224 770.185 770.188 770.121 770.013 769.723 768.372 
772.642 770.78 770.829 770.81 770.801 770.784 770.736 770.773 770.785 770.759 770.721 770.669 770.654 770.67 770.649 770.643 770.64 770.592 770.543 770.595 770.536 770.555 770.489 770.466 770.462 770.414 770.376 770.378 770.311 770.201 769.905 768.54 
772.853 770.969 771.017 770.999 770.992 770.974 770.927 770.964 770.974 770.947 770.91 770.857 770.842 770.858 770.839 770.83 770.827 770.781 770.731 770.784 770.724 770.743 770.677 770.651 770.649 770.6 770.563 770.564 770.497 770.387 770.084 768.705 
773.06 771.154 771.202 771.186 771.18 771.161 771.114 771.15 771.16 771.132 771.095 771.042 771.027 771.042 771.025 771.014 771.01 770.966 770.916 770.969 770.91 770.927 770.862 770.833 770.831 770.783 770.746 770.748 770.68 770.569 770.259 768.867 
773.262 771.335 771.383 771.369 771.362 771.344 771.296 771.333 771.343 771.313 771.276 771.223 771.208 771.223 771.207 771.195 771.188 771.147 771.098 771.151 771.092 771.107 771.042 771.012 771.008 770.961 770.925 770.928 770.859 770.746 770.431 769.025 
773.46 771.512 771.561 771.547 771.54 771.522 771.474 771.511 771.521 771.49 771.452 771.4 771.385 771.4 771.386 771.373 771.363 771.324 771.276 771.329 771.269 771.282 771.218 771.187 771.182 771.135 771.099 771.103 771.034 770.919 770.599 769.178 
773.652 771.685 771.734 771.722 771.713 771.697 771.648 771.685 771.695 771.663 771.624 771.573 771.558 771.574 771.56 771.548 771.533 771.496 771.45 771.503 771.442 771.453 771.39 771.359 771.352 771.305 771.269 771.274 771.204 771.087 770.764 769.328 
773.84 771.853 771.903 771.892 771.882 771.866 771.816 771.854 771.864 771.832 771.792 771.742 771.725 771.744 771.729 771.718 771.699 771.663 771.619 771.671 771.611 771.62 771.557 771.527 771.519 771.471 771.434 771.44 771.37 771.251 770.925 769.474 
774.023 772.016 772.067 772.058 772.046 772.031 771.98 772.019 772.029 771.996 771.956 771.907 771.888 771.91 771.894 771.884 771.861 771.826 771.784 771.835 771.775 771.782 771.72 771.691 771.682 771.633 771.596 771.601 771.531 771.41 771.082 769.616 
774.201 772.174 772.226 772.219 772.206 772.192 772.14 772.18 772.188 772.156 772.116 772.066 772.046 772.071 772.054 772.045 772.019 771.984 771.944 771.995 771.935 771.94 771.877 771.85 771.841 771.791 771.753 771.757 771.687 771.564 771.234 769.754 
774.373 772.328 772.38 772.375 772.361 772.348 772.295 772.336 772.342 772.311 772.272 772.221 772.2 772.227 772.21 772.201 772.173 772.137 772.1 772.15 772.089 772.093 772.029 772.005 771.996 771.945 771.905 771.907 771.838 771.715 771.381 769.887 
774.541 772.477 772.53 772.526 772.511 772.499 772.445 772.487 772.492 772.461 772.424 772.372 772.35 772.378 772.361 772.352 772.323 772.285 772.25 772.301 772.239 772.242 772.177 772.156 772.146 772.093 772.053 772.053 771.984 771.861 771.524 770.016 
774.702 772.62 772.674 772.672 772.657 772.645 772.591 772.633 772.637 772.606 772.57 772.517 772.495 772.523 772.506 772.497 772.468 772.429 772.395 772.447 772.383 772.386 772.32 772.301 772.29 772.237 772.196 772.194 772.125 772.002 771.662 770.14 
774.858 772.76 772.813 772.813 772.797 772.786 772.732 772.774 772.778 772.746 772.712 772.658 772.636 772.663 772.646 772.638 772.608 772.568 772.535 772.589 772.523 772.525 772.458 772.44 772.428 772.375 772.334 772.331 772.261 772.138 771.796 770.26 
775.006 772.895 772.948 772.948 772.933 772.922 772.868 772.909 772.914 772.881 772.849 772.794 772.772 772.797 772.781 772.773 772.743 772.703 772.669 772.725 772.657 772.659 772.592 772.575 772.562 772.507 772.467 772.463 772.392 772.27 771.925 770.376 
775.149 773.025 773.077 773.079 773.063 773.052 773 773.04 773.046 773.012 772.98 772.925 772.904 772.928 772.911 772.903 772.874 772.834 772.799 772.857 772.786 772.788 772.722 772.704 772.69 772.636 772.595 772.59 772.517 772.397 772.051 770.487 
775.287 773.152 773.203 773.205 773.189 773.178 773.128 773.166 773.173 773.139 773.108 773.052 773.031 773.054 773.036 773.029 773.001 772.962 772.925 772.984 772.911 772.913 772.849 772.828 772.814 772.76 772.719 772.713 772.639 772.52 772.173 770.594 
775.419 773.274 773.324 773.326 773.31 773.3 773.251 773.288 773.295 773.263 773.232 773.174 773.154 773.177 773.158 773.152 773.124 773.085 773.048 773.106 773.033 773.033 772.973 772.949 772.934 772.881 772.838 772.833 772.758 772.639 772.292 770.697 
