753.749 753.749 753.749 753.749 753.749 753.749 753.749 753.749 753.749 753.749 753.749 753.749 753.749 753.749 753.749 753.749 753.749 753.749 753.749 753.749 753.749 753.749 753.749 753.749 753.749 753.749 753.749 753.749 753.749 753.749 753.749 753.749 
753.839 753.83 753.829 753.829 753.827 753.827 753.826 753.828 753.827 753.827 753.827 753.826 753.826 753.824 753.823 753.824 753.825 753.826 753.823 753.823 753.824 753.823 753.82 753.823 753.824 753.822 753.822 753.819 753.821 753.819 753.818 753.815 
753.932 753.915 753.911 753.911 753.908 753.908 753.906 753.911 753.907 753.908 753.908 753.905 753.906 753.903 753.901 753.902 753.905 753.906 753.9 753.9 753.902 753.901 753.894 753.899 753.901 753.898 753.898 753.892 753.896 753.892 753.889 753.884 
754.03 754.002 753.998 753.997 753.993 753.993 753.991 753.998 753.992 753.993 753.992 753.989 753.99 753.985 753.984 753.984 753.989 753.99 753.981 753.981 753.983 753.982 753.973 753.979 753.982 753.978 753.978 753.969 753.975 753.97 753.965 753.957 
754.133 754.094 754.089 754.088 754.083 754.083 754.08 754.09 754.082 754.082 754.082 754.076 754.079 754.073 754.072 754.071 754.079 754.077 754.065 754.068 754.069 754.068 754.056 754.063 754.067 754.062 754.061 754.052 754.058 754.051 754.044 754.035 
754.243 754.192 754.187 754.185 754.178 754.179 754.175 754.186 754.177 754.178 754.176 754.169 754.173 754.166 754.165 754.164 754.174 754.169 754.155 754.161 754.161 754.159 754.147 754.153 754.158 754.151 754.149 754.14 754.146 754.138 754.129 754.117 
754.359 754.295 754.291 754.287 754.28 754.28 754.275 754.289 754.278 754.279 754.276 754.268 754.273 754.265 754.265 754.264 754.275 754.266 754.252 754.26 754.258 754.256 754.244 754.248 754.253 754.246 754.244 754.234 754.24 754.231 754.22 754.205 
754.483 754.405 754.401 754.397 754.388 754.388 754.382 754.396 754.386 754.387 754.383 754.374 754.38 754.37 754.371 754.37 754.382 754.369 754.355 754.366 754.361 754.36 754.348 754.349 754.355 754.347 754.344 754.335 754.34 754.329 754.316 754.297 
754.614 754.522 754.518 754.512 754.503 754.503 754.495 754.51 754.499 754.501 754.495 754.486 754.492 754.481 754.483 754.483 754.494 754.478 754.465 754.478 754.471 754.469 754.458 754.458 754.463 754.454 754.451 754.442 754.446 754.434 754.42 754.395 
754.752 754.645 754.641 754.634 754.624 754.624 754.614 754.63 754.619 754.62 754.614 754.605 754.611 754.598 754.602 754.601 754.612 754.593 754.582 754.596 754.586 754.585 754.573 754.572 754.577 754.568 754.564 754.556 754.558 754.545 754.529 754.499 
754.897 754.775 754.769 754.762 754.751 754.75 754.74 754.756 754.745 754.746 754.74 754.73 754.736 754.72 754.726 754.724 754.735 754.715 754.705 754.72 754.706 754.706 754.695 754.693 754.698 754.687 754.684 754.676 754.675 754.662 754.645 754.607 
755.048 754.91 754.903 754.897 754.885 754.884 754.873 754.888 754.877 754.878 754.871 754.861 754.867 754.849 754.856 754.854 754.864 754.843 754.835 754.849 754.833 754.832 754.822 754.819 754.824 754.812 754.81 754.801 754.798 754.786 754.766 754.722 
755.206 755.051 755.043 755.037 755.025 755.023 755.013 755.027 755.015 755.016 755.009 754.998 755.003 754.983 754.991 754.988 754.999 754.978 754.97 754.984 754.965 754.965 754.955 754.951 754.956 754.943 754.942 754.933 754.927 754.916 754.894 754.841 
755.37 755.196 755.189 755.182 755.171 755.168 755.158 755.172 755.159 755.159 755.152 755.141 755.146 755.123 755.132 755.128 755.14 755.118 755.11 755.125 755.104 755.103 755.094 755.089 755.094 755.08 755.08 755.07 755.063 755.052 755.027 754.966 
755.54 755.347 755.34 755.334 755.323 755.319 755.309 755.323 755.308 755.308 755.3 755.288 755.294 755.268 755.279 755.274 755.287 755.264 755.256 755.27 755.248 755.246 755.24 755.232 755.237 755.223 755.224 755.213 755.204 755.195 755.166 755.096 
755.717 755.503 755.498 755.491 755.48 755.475 755.465 755.479 755.462 755.462 755.454 755.44 755.447 755.42 755.43 755.425 755.439 755.415 755.407 755.422 755.398 755.396 755.392 755.381 755.387 755.372 755.374 755.362 755.351 755.342 755.311 755.231 
755.9 755.663 755.661 755.653 755.641 755.637 755.626 755.64 755.621 755.621 755.613 755.597 755.605 755.576 755.587 755.582 755.597 755.571 755.564 755.578 755.554 755.551 755.549 755.534 755.542 755.527 755.53 755.517 755.504 755.495 755.461 755.371 
756.09 755.829 755.829 755.821 755.808 755.803 755.791 755.807 755.785 755.786 755.776 755.76 755.768 755.737 755.75 755.745 755.759 755.732 755.724 755.74 755.715 755.712 755.711 755.693 755.702 755.687 755.691 755.677 755.662 755.653 755.617 755.516 
756.285 756 756.002 755.992 755.979 755.975 755.961 755.977 755.955 755.957 755.946 755.928 755.936 755.904 755.917 755.913 755.927 755.898 755.889 755.909 755.882 755.878 755.877 755.856 755.867 755.852 755.856 755.843 755.825 755.816 755.778 755.664 
756.485 756.175 756.178 756.168 756.155 756.151 756.135 756.153 756.13 756.133 756.12 756.101 756.108 756.076 756.09 756.086 756.098 756.069 756.059 756.082 756.054 756.05 756.048 756.025 756.037 756.021 756.025 756.013 755.993 755.983 755.943 755.817 
756.69 756.354 756.359 756.349 756.335 756.332 756.314 756.332 756.31 756.314 756.299 756.28 756.285 756.254 756.267 756.263 756.274 756.245 756.232 756.261 756.231 756.227 756.224 756.198 756.211 756.194 756.198 756.187 756.165 756.155 756.113 755.974 
756.899 756.538 756.543 756.533 756.521 756.516 756.497 756.516 756.494 756.499 756.482 756.463 756.465 756.436 756.448 756.444 756.454 756.425 756.41 756.443 756.411 756.408 756.405 756.377 756.389 756.372 756.375 756.367 756.342 756.331 756.287 756.135 
757.112 756.726 756.732 756.722 756.711 756.705 756.684 756.703 756.682 756.687 756.669 756.649 756.65 756.622 756.633 756.63 756.638 756.61 756.592 756.629 756.596 756.594 756.59 756.561 756.571 756.554 756.556 756.55 756.524 756.511 756.466 756.3 
757.33 756.918 756.924 756.916 756.905 756.896 756.874 756.895 756.874 756.878 756.859 756.838 756.838 756.813 756.822 756.819 756.826 756.798 756.778 756.818 756.785 756.784 756.778 756.749 756.758 756.74 756.742 756.738 756.71 756.694 756.648 756.468 
757.552 757.114 757.119 757.113 757.101 757.092 757.068 757.09 757.068 757.072 757.053 757.03 757.031 757.007 757.014 757.011 757.019 756.991 756.968 757.009 756.977 756.977 756.97 756.94 756.949 756.93 756.931 756.929 756.899 756.881 756.834 756.64 
757.778 757.312 757.317 757.314 757.299 757.29 757.264 757.288 757.266 757.269 757.25 757.226 757.227 757.203 757.209 757.206 757.215 757.186 757.162 757.203 757.173 757.173 757.166 757.136 757.144 757.123 757.124 757.123 757.093 757.071 757.023 756.815 
758.009 757.513 757.519 757.518 757.5 757.492 757.463 757.489 757.466 757.47 757.45 757.425 757.427 757.402 757.407 757.403 757.414 757.385 757.36 757.399 757.372 757.372 757.363 757.334 757.341 757.32 757.32 757.32 757.289 757.265 757.214 756.994 
758.243 757.716 757.723 757.724 757.702 757.696 757.664 757.694 757.667 757.673 757.653 757.627 757.63 757.603 757.608 757.603 757.616 757.587 757.562 757.598 757.573 757.573 757.564 757.536 757.542 757.519 757.518 757.518 757.488 757.461 757.407 757.175 
758.482 757.922 757.93 757.932 757.905 757.902 757.869 757.902 757.871 757.879 757.859 757.832 757.835 757.807 757.812 757.806 757.821 757.791 757.766 757.799 757.776 757.776 757.767 757.74 757.745 757.719 757.719 757.72 757.69 757.661 757.603 757.359 
758.723 758.13 758.14 758.142 758.111 758.111 758.076 758.112 758.077 758.088 758.067 758.04 758.042 758.013 758.018 758.012 758.028 757.997 757.974 758.003 757.98 757.98 757.972 757.946 757.952 757.922 757.921 757.923 757.892 757.863 757.799 757.546 
758.966 758.34 758.353 758.354 758.319 758.322 758.286 758.324 758.286 758.299 758.277 758.25 758.251 758.221 758.227 758.22 758.238 758.206 758.184 758.21 758.187 758.187 758.18 758.154 758.16 758.128 758.127 758.13 758.097 758.067 757.997 757.733 
759.211 758.552 758.567 758.567 758.528 758.534 758.5 758.538 758.498 758.512 758.488 758.463 758.462 758.433 758.439 758.431 758.45 758.417 758.396 758.42 758.395 758.396 758.389 758.364 758.371 758.336 758.335 758.338 758.303 758.272 758.197 757.922 
759.457 758.767 758.784 758.782 758.74 758.749 758.716 758.754 758.712 758.727 758.701 758.678 758.676 758.647 758.653 758.642 758.664 758.63 758.609 758.632 758.605 758.607 758.601 758.574 758.583 758.548 758.544 758.549 758.51 758.478 758.398 758.113 
759.705 758.984 759.003 758.999 758.954 758.964 758.935 758.97 758.929 758.944 758.915 758.895 758.891 758.863 758.869 758.856 758.881 758.844 758.823 758.845 758.816 758.82 758.814 758.786 758.796 758.761 758.755 758.76 758.719 758.686 758.601 758.305 
759.955 759.203 759.224 759.217 759.171 759.181 759.155 759.188 759.148 759.163 759.131 759.112 759.107 759.08 759.086 759.07 759.099 759.061 759.038 759.06 759.03 759.035 759.028 758.999 759.009 758.976 758.967 758.973 758.929 758.896 758.807 758.498 
760.205 759.423 759.445 759.436 759.39 759.399 759.375 759.407 759.369 759.382 759.348 759.331 759.325 759.298 759.304 759.286 759.318 759.278 759.254 759.275 759.246 759.251 759.244 759.214 759.223 759.193 759.181 759.187 759.141 759.109 759.015 758.694 
760.457 759.643 759.666 759.656 759.61 759.618 759.594 759.626 759.59 759.602 759.566 759.55 759.544 759.517 759.522 759.504 759.538 759.495 759.471 759.491 759.463 759.469 759.461 759.43 759.439 759.41 759.397 759.403 759.354 759.322 759.225 758.89 
760.709 759.862 759.887 759.877 759.831 759.839 759.814 759.845 759.811 759.822 759.786 759.77 759.763 759.736 759.74 759.722 759.759 759.714 759.689 759.709 759.682 759.688 759.679 759.647 759.655 759.628 759.615 759.62 759.569 759.537 759.436 759.087 
760.963 760.081 760.108 760.097 760.054 760.06 760.033 760.065 760.034 760.044 760.007 759.991 759.983 759.956 759.959 759.941 759.981 759.932 759.907 759.928 759.902 759.908 759.897 759.864 759.872 759.847 759.835 759.839 759.784 759.752 759.648 759.284 
761.217 760.299 760.329 760.318 760.277 760.282 760.253 760.287 760.257 760.266 760.228 760.212 760.203 760.176 760.178 760.161 760.203 760.151 760.126 760.149 760.123 760.128 760.116 760.083 760.09 760.067 760.057 760.057 760 759.967 759.86 759.482 
761.472 760.518 760.551 760.539 760.5 760.505 760.474 760.509 760.481 760.489 760.45 760.432 760.424 760.397 760.398 760.381 760.426 760.37 760.345 760.372 760.345 760.349 760.336 760.302 760.309 760.288 760.279 760.276 760.217 760.182 760.073 759.68 
761.728 760.737 760.773 760.76 760.724 760.729 760.695 760.732 760.705 760.713 760.672 760.653 760.645 760.618 760.619 760.601 760.648 760.59 760.564 760.595 760.566 760.571 760.557 760.523 760.529 760.508 760.501 760.495 760.435 760.398 760.286 759.879 
761.984 760.957 760.995 760.982 760.947 760.953 760.917 760.955 760.93 760.936 760.895 760.875 760.867 760.84 760.84 760.822 760.871 760.81 760.784 760.818 760.788 760.794 760.778 760.745 760.749 760.729 760.723 760.714 760.654 760.615 760.5 760.077 
762.241 761.179 761.218 761.204 761.17 761.178 761.139 761.178 761.155 761.16 761.119 761.098 761.089 761.062 761.062 761.044 761.093 761.031 761.004 761.041 761.01 761.016 761.001 760.968 760.97 760.95 760.943 760.933 760.872 760.833 760.714 760.277 
762.499 761.401 761.441 761.428 761.393 761.402 761.362 761.401 761.38 761.384 761.342 761.321 761.311 761.284 761.284 761.266 761.316 761.253 761.225 761.264 761.232 761.239 761.223 761.191 761.191 761.17 761.163 761.154 761.091 761.052 760.929 760.476 
762.756 761.625 761.666 761.652 761.617 761.626 761.584 761.624 761.604 761.607 761.565 761.544 761.533 761.507 761.508 761.489 761.54 761.474 761.446 761.486 761.454 761.461 761.445 761.414 761.412 761.391 761.381 761.375 761.311 761.27 761.145 760.675 
763.012 761.849 761.891 761.877 761.841 761.849 761.807 761.846 761.828 761.831 761.788 761.768 761.755 761.73 761.731 761.712 761.764 761.696 761.667 761.708 761.676 761.683 761.667 761.637 761.633 761.612 761.599 761.597 761.531 761.489 761.361 760.874 
763.268 762.074 762.117 762.102 762.065 762.073 762.029 762.069 762.052 762.055 762.011 761.991 761.978 761.953 761.955 761.936 761.988 761.919 761.889 761.931 761.898 761.905 761.889 761.858 761.854 761.833 761.817 761.818 761.751 761.707 761.578 761.074 
763.524 762.298 762.341 762.327 762.29 762.296 762.252 762.291 762.276 762.279 762.233 762.215 762.201 762.175 762.179 762.159 762.212 762.14 762.11 762.153 762.12 762.126 762.111 762.08 762.075 762.056 762.035 762.04 761.971 761.926 761.794 761.274 
763.779 762.522 762.566 762.553 762.515 762.52 762.475 762.514 762.5 762.503 762.456 762.439 762.424 762.398 762.403 762.383 762.436 762.362 762.331 762.375 762.341 762.347 762.333 762.302 762.295 762.278 762.254 762.261 762.191 762.145 762.009 761.475 
764.035 762.746 762.79 762.778 762.739 762.744 762.698 762.737 762.724 762.726 762.679 762.663 762.646 762.62 762.626 762.607 762.659 762.583 762.551 762.597 762.563 762.569 762.555 762.524 762.515 762.499 762.472 762.482 762.411 762.365 762.224 761.676 
764.292 762.969 763.014 763.003 762.964 762.968 762.921 762.96 762.947 762.95 762.903 762.886 762.868 762.842 762.848 762.832 762.881 762.803 762.772 762.82 762.784 762.79 762.776 762.745 762.736 762.72 762.691 762.702 762.632 762.584 762.439 761.878 
764.548 763.191 763.237 763.229 763.19 763.193 763.144 763.183 763.171 763.173 763.128 763.108 763.09 763.066 763.07 763.056 763.103 763.023 762.993 763.044 763.004 763.012 762.997 762.967 762.956 762.941 762.91 762.922 762.851 762.804 762.652 762.08 
764.804 763.414 763.461 763.454 763.415 763.418 763.367 763.406 763.395 763.397 763.353 763.33 763.311 763.291 763.292 763.28 763.325 763.244 763.215 763.267 763.225 763.234 763.217 763.188 763.178 763.161 763.129 763.141 763.071 763.023 762.865 762.281 
765.06 763.637 763.685 763.678 763.64 763.641 763.59 763.629 763.619 763.62 763.579 763.551 763.533 763.517 763.514 763.504 763.547 763.465 763.438 763.49 763.446 763.456 763.437 763.41 763.399 763.381 763.349 763.359 763.29 763.241 763.077 762.481 
765.315 763.859 763.909 763.902 763.864 763.864 763.812 763.852 763.844 763.844 763.804 763.773 763.755 763.742 763.736 763.727 763.769 763.685 763.661 763.713 763.667 763.679 763.657 763.632 763.62 763.601 763.567 763.578 763.509 763.458 763.288 762.682 
765.571 764.082 764.132 764.124 764.088 764.086 764.034 764.075 764.069 764.066 764.026 763.994 763.977 763.968 763.958 763.949 763.991 763.906 763.883 763.935 763.888 763.901 763.876 763.854 763.841 763.82 763.785 763.796 763.727 763.674 763.5 762.883 
765.826 764.305 764.354 764.346 764.31 764.307 764.255 764.297 764.295 764.288 764.247 764.216 764.199 764.192 764.18 764.17 764.213 764.127 764.105 764.155 764.109 764.123 764.096 764.076 764.061 764.039 764.003 764.015 763.946 763.889 763.711 763.085 
766.08 764.528 764.576 764.566 764.532 764.527 764.475 764.519 764.52 764.51 764.467 764.437 764.419 764.415 764.402 764.391 764.433 764.348 764.325 764.375 764.329 764.344 764.315 764.298 764.281 764.257 764.219 764.234 764.164 764.104 763.922 763.286 
766.334 764.75 764.797 764.786 764.753 764.747 764.696 764.74 764.744 764.732 764.687 764.659 764.639 764.637 764.624 764.611 764.653 764.568 764.543 764.595 764.549 764.565 764.533 764.519 764.499 764.474 764.434 764.453 764.382 764.319 764.133 763.486 
766.586 764.971 765.019 765.007 764.973 764.966 764.916 764.96 764.968 764.953 764.907 764.881 764.859 764.858 764.846 764.83 764.871 764.788 764.761 764.814 764.768 764.785 764.752 764.738 764.717 764.691 764.65 764.672 764.6 764.533 764.343 763.684 
766.838 765.192 765.24 765.227 765.194 765.185 765.137 765.179 765.191 765.175 765.127 765.103 765.078 765.079 765.068 765.049 765.089 765.008 764.979 765.033 764.987 765.005 764.97 764.956 764.934 764.908 764.865 764.89 764.816 764.748 764.553 763.883 
767.09 765.412 765.461 765.447 765.416 765.403 765.357 765.398 765.413 765.396 765.348 765.323 765.296 765.3 765.289 765.267 765.306 765.227 765.197 765.251 765.205 765.223 765.188 765.172 765.15 765.123 765.079 765.106 765.032 764.962 764.763 764.08 
767.341 765.632 765.681 765.667 765.637 765.62 765.577 765.616 765.634 765.617 765.568 765.542 765.514 765.521 765.509 765.485 765.522 765.447 765.415 765.47 765.424 765.441 765.405 765.387 765.366 765.339 765.293 765.321 765.246 765.175 764.971 764.278 
767.592 765.85 765.901 765.887 765.858 765.838 765.796 765.834 765.854 765.837 765.787 765.759 765.731 765.741 765.729 765.703 765.738 765.666 765.633 765.689 765.642 765.658 765.621 765.6 765.581 765.553 765.506 765.535 765.459 765.388 765.179 764.474 
767.841 766.068 766.119 766.106 766.079 766.054 766.014 766.05 766.072 766.057 766.004 765.976 765.948 765.96 765.947 765.922 765.953 765.884 765.851 765.908 765.86 765.875 765.835 765.814 765.795 765.768 765.718 765.748 765.671 765.6 765.386 764.671 
768.088 766.286 766.337 766.323 766.298 766.271 766.231 766.266 766.29 766.275 766.221 766.192 766.165 766.178 766.165 766.14 766.167 766.101 766.068 766.126 766.077 766.09 766.049 766.028 766.008 765.981 765.929 765.96 765.883 765.81 765.592 764.867 
768.334 766.502 766.554 766.539 766.516 766.488 766.446 766.482 766.507 766.493 766.436 766.406 766.38 766.395 766.381 766.358 766.381 766.318 766.284 766.343 766.292 766.304 766.262 766.241 766.221 766.194 766.14 766.172 766.094 766.02 765.797 765.063 
768.579 766.718 766.77 766.754 766.732 766.705 766.661 766.696 766.722 766.709 766.65 766.621 766.594 766.61 766.596 766.574 766.594 766.533 766.499 766.557 766.506 766.516 766.474 766.454 766.432 766.406 766.35 766.383 766.306 766.228 766.001 765.258 
768.824 766.932 766.984 766.967 766.947 766.921 766.875 766.91 766.937 766.923 766.864 766.834 766.807 766.824 766.809 766.789 766.806 766.749 766.712 766.77 766.719 766.728 766.684 766.667 766.642 766.617 766.56 766.593 766.517 766.436 766.204 765.452 
769.067 767.145 767.197 767.179 767.16 767.137 767.088 767.123 767.151 767.135 767.076 767.046 767.019 767.036 767.021 767.003 767.016 766.963 766.923 766.98 766.93 766.938 766.893 766.878 766.852 766.827 766.769 766.803 766.728 766.643 766.406 765.645 
769.31 767.358 767.409 767.389 767.371 767.351 767.3 767.335 767.363 767.345 767.287 767.257 767.23 767.247 767.232 767.216 767.226 767.176 767.133 767.188 767.139 767.147 767.099 767.087 767.06 767.036 766.977 767.011 766.937 766.848 766.608 765.836 
769.552 767.57 767.619 767.598 767.581 767.563 767.512 767.547 767.574 767.554 767.498 767.466 767.44 767.456 767.442 767.428 767.435 767.388 767.342 767.395 767.346 767.354 767.304 767.294 767.267 767.243 767.184 767.218 767.145 767.053 766.809 766.026 
769.792 767.779 767.829 767.806 767.79 767.774 767.722 767.756 767.783 767.762 767.707 767.674 767.65 767.664 767.65 767.639 767.643 767.596 767.548 767.602 767.552 767.561 767.507 767.499 767.473 767.449 767.391 767.422 767.35 767.257 767.008 766.213 
770.03 767.987 768.036 768.012 767.998 767.983 767.93 767.965 767.99 767.968 767.915 767.879 767.858 767.871 767.856 767.847 767.85 767.803 767.753 767.807 767.757 767.766 767.709 767.703 767.677 767.653 767.596 767.624 767.552 767.459 767.206 766.4 
770.266 768.192 768.242 768.217 768.203 768.19 768.135 768.172 768.195 768.173 768.122 768.083 768.065 768.076 768.061 768.054 768.055 768.007 767.956 768.01 767.96 767.969 767.91 767.905 767.88 767.854 767.799 767.823 767.753 767.658 767.401 766.584 
770.5 768.394 768.445 768.42 768.407 768.395 768.339 768.378 768.398 768.375 768.326 768.286 768.27 768.279 768.263 768.258 768.258 768.209 768.158 768.212 768.161 768.17 768.11 768.105 768.082 768.054 768 768.021 767.95 767.856 767.595 766.767 
770.73 768.595 768.646 768.621 768.608 768.597 768.541 768.581 768.599 768.576 768.527 768.486 768.472 768.48 768.464 768.459 768.458 768.408 768.358 768.411 768.36 768.369 768.309 768.303 768.281 768.25 768.198 768.217 768.146 768.051 767.787 766.948 
770.958 768.794 768.844 768.82 768.807 768.797 768.74 768.781 768.799 768.774 768.726 768.685 768.671 768.68 768.663 768.658 768.656 768.606 768.556 768.609 768.558 768.566 768.507 768.499 768.479 768.444 768.395 768.411 768.34 768.244 767.976 767.127 
771.182 768.99 769.04 769.017 769.003 768.993 768.936 768.979 768.996 768.97 768.924 768.881 768.866 768.876 768.86 768.854 768.852 768.801 768.751 768.804 768.752 768.761 768.702 768.692 768.675 768.636 768.59 768.603 768.532 768.434 768.163 767.304 
771.404 769.184 769.233 769.212 769.197 769.187 769.13 769.173 769.19 769.164 769.118 769.075 769.059 769.071 769.053 769.047 769.045 768.995 768.945 768.997 768.944 768.955 768.895 768.883 768.868 768.826 768.783 768.793 768.722 768.622 768.347 767.478 
771.624 769.375 769.424 769.403 769.389 769.378 769.322 769.364 769.381 769.355 769.311 769.265 769.249 769.262 769.244 769.238 769.236 769.185 769.135 769.187 769.133 769.146 769.085 769.071 769.059 769.014 768.973 768.98 768.91 768.808 768.528 767.651 
771.84 769.563 769.611 769.591 769.578 769.566 769.512 769.553 769.569 769.542 769.5 769.452 769.436 769.451 769.432 769.425 769.424 769.374 769.323 769.375 769.319 769.334 769.272 769.256 769.246 769.2 769.16 769.165 769.095 768.991 768.707 767.82 
772.054 769.747 769.796 769.777 769.765 769.751 769.699 769.739 769.753 769.727 769.687 769.636 769.62 769.636 769.616 769.609 769.609 769.559 769.508 769.561 769.503 769.52 769.456 769.437 769.431 769.382 769.344 769.347 769.278 769.172 768.882 767.987 
772.264 769.929 769.978 769.96 769.95 769.933 769.883 769.922 769.935 769.908 769.869 769.817 769.802 769.817 769.798 769.79 769.79 769.741 769.69 769.743 769.684 769.702 769.637 769.616 769.611 769.562 769.524 769.526 769.458 769.35 769.054 768.151 
772.47 770.107 770.156 770.139 770.131 770.112 770.063 770.102 770.114 770.086 770.048 769.995 769.981 769.995 769.977 769.966 769.967 769.92 769.868 769.922 769.863 769.88 769.815 769.791 769.787 769.739 769.701 769.703 769.634 769.525 769.222 768.311 
772.673 770.282 770.33 770.316 770.308 770.289 770.24 770.278 770.29 770.26 770.223 770.17 770.156 770.169 770.153 770.14 770.14 770.095 770.043 770.098 770.038 770.054 769.99 769.963 769.959 769.911 769.874 769.876 769.807 769.697 769.387 768.468 
772.871 770.453 770.502 770.488 770.481 770.462 770.413 770.451 770.463 770.431 770.394 770.341 770.327 770.34 770.325 770.311 770.308 770.265 770.214 770.27 770.21 770.223 770.16 770.132 770.126 770.079 770.043 770.046 769.976 769.864 769.549 768.621 
773.064 770.62 770.669 770.657 770.648 770.63 770.581 770.619 770.631 770.598 770.56 770.508 770.493 770.507 770.494 770.48 770.472 770.432 770.382 770.437 770.377 770.389 770.326 770.297 770.29 770.243 770.207 770.211 770.14 770.027 769.707 768.77 
773.252 770.783 770.832 770.821 770.811 770.794 770.744 770.782 770.795 770.761 770.722 770.671 770.655 770.671 770.657 770.644 770.632 770.594 770.546 770.6 770.54 770.549 770.488 770.459 770.45 770.403 770.367 770.372 770.301 770.185 769.862 768.916 
773.435 770.941 770.991 770.982 770.969 770.954 770.902 770.942 770.954 770.92 770.88 770.83 770.813 770.83 770.817 770.804 770.788 770.751 770.705 770.759 770.699 770.706 770.645 770.616 770.607 770.559 770.522 770.528 770.456 770.338 770.013 769.057 
773.614 771.094 771.145 771.137 771.123 771.109 771.056 771.097 771.108 771.074 771.034 770.984 770.965 770.986 770.972 770.96 770.941 770.903 770.86 770.913 770.853 770.858 770.797 770.77 770.76 770.711 770.673 770.678 770.607 770.487 770.159 769.194 
773.787 771.242 771.294 771.288 771.273 771.259 771.205 771.247 771.257 771.223 771.184 771.134 771.114 771.137 771.122 771.111 771.089 771.051 771.01 771.063 771.002 771.005 770.944 770.92 770.909 770.859 770.82 770.824 770.753 770.632 770.301 769.327 
773.955 771.385 771.438 771.434 771.418 771.405 771.35 771.393 771.401 771.368 771.33 771.278 771.257 771.283 771.267 771.256 771.232 771.194 771.155 771.208 771.147 771.148 771.086 771.064 771.053 771.002 770.963 770.965 770.894 770.772 770.439 769.456 
774.118 771.524 771.577 771.575 771.559 771.546 771.49 771.534 771.541 771.508 771.471 771.419 771.397 771.423 771.408 771.397 771.372 771.332 771.295 771.348 771.286 771.287 771.224 771.204 771.193 771.141 771.1 771.1 771.03 770.908 770.571 769.58 
774.275 771.657 771.711 771.711 771.694 771.682 771.626 771.67 771.676 771.643 771.607 771.554 771.532 771.558 771.543 771.533 771.507 771.466 771.43 771.484 771.42 771.421 771.357 771.339 771.327 771.274 771.233 771.231 771.16 771.039 770.699 769.7 
774.426 771.786 771.84 771.841 771.824 771.813 771.757 771.801 771.807 771.773 771.739 771.685 771.663 771.688 771.673 771.663 771.637 771.595 771.56 771.615 771.549 771.55 771.485 771.469 771.455 771.402 771.361 771.358 771.286 771.165 770.823 769.815 
774.57 771.911 771.964 771.967 771.949 771.938 771.883 771.926 771.933 771.898 771.865 771.811 771.789 771.812 771.798 771.788 771.762 771.72 771.684 771.742 771.673 771.674 771.609 771.593 771.579 771.524 771.484 771.479 771.406 771.287 770.942 769.926 
774.709 772.032 772.084 772.087 772.07 772.058 772.005 772.046 772.054 772.018 771.987 771.932 771.91 771.932 771.917 771.908 771.882 771.841 771.804 771.863 771.793 771.793 771.729 771.712 771.697 771.642 771.602 771.596 771.522 771.403 771.058 770.032 
774.841 772.148 772.199 772.203 772.185 772.174 772.122 772.162 772.171 772.135 772.105 772.048 772.027 772.049 772.033 772.024 771.999 771.958 771.92 771.98 771.908 771.907 771.845 771.826 771.81 771.757 771.715 771.709 771.634 771.516 771.17 770.135 
774.969 772.26 772.31 772.313 772.296 772.285 772.235 772.273 772.283 772.249 772.218 772.16 772.139 772.161 772.143 772.135 772.111 772.071 772.032 772.092 772.019 772.017 771.958 771.937 771.92 771.867 771.824 771.818 771.742 771.625 771.278 770.233 
