753.749 753.749 753.749 753.749 753.749 753.749 753.749 753.749 753.749 753.749 753.749 753.749 753.749 753.749 753.749 753.749 753.749 753.749 753.749 753.749 753.749 753.749 753.749 753.749 753.749 753.749 753.749 753.749 753.749 753.749 753.749 753.749 
753.844 753.841 753.839 753.839 753.838 753.838 753.837 753.839 753.837 753.838 753.838 753.836 753.837 753.835 753.834 753.834 753.836 753.837 753.834 753.833 753.835 753.834 753.831 753.833 753.834 753.833 753.833 753.83 753.832 753.83 753.828 753.82 
753.942 753.935 753.932 753.932 753.929 753.929 753.927 753.932 753.928 753.929 753.929 753.926 753.927 753.923 753.922 753.922 753.926 753.927 753.921 753.921 753.923 753.922 753.915 753.92 753.922 753.919 753.919 753.913 753.917 753.913 753.91 753.894 
754.044 754.033 754.029 754.028 754.024 754.024 754.022 754.029 754.023 754.024 754.023 754.02 754.021 754.016 754.015 754.015 754.02 754.021 754.012 754.012 754.014 754.013 754.004 754.01 754.013 754.009 754.009 754 754.006 754.001 753.996 753.972 
754.151 754.135 754.13 754.129 754.124 754.124 754.121 754.131 754.123 754.124 754.123 754.117 754.12 754.114 754.113 754.112 754.12 754.118 754.106 754.109 754.111 754.109 754.098 754.105 754.108 754.103 754.102 754.093 754.099 754.092 754.085 754.053 
754.265 754.243 754.238 754.236 754.23 754.23 754.226 754.238 754.228 754.229 754.227 754.22 754.224 754.217 754.217 754.215 754.225 754.22 754.207 754.212 754.212 754.21 754.198 754.204 754.209 754.202 754.201 754.191 754.197 754.19 754.18 754.14 
754.386 754.356 754.352 754.348 754.342 754.341 754.337 754.35 754.34 754.34 754.337 754.329 754.335 754.326 754.326 754.325 754.336 754.328 754.313 754.321 754.32 754.318 754.305 754.309 754.315 754.308 754.305 754.295 754.301 754.292 754.281 754.232 
754.515 754.476 754.473 754.468 754.46 754.46 754.453 754.468 754.457 754.458 754.454 754.445 754.451 754.442 754.442 754.442 754.453 754.441 754.427 754.437 754.433 754.431 754.419 754.421 754.426 754.419 754.415 754.406 754.411 754.401 754.388 754.33 
754.65 754.603 754.6 754.594 754.584 754.584 754.577 754.591 754.581 754.582 754.577 754.567 754.574 754.563 754.565 754.564 754.576 754.56 754.547 754.559 754.552 754.551 754.539 754.539 754.545 754.536 754.532 754.523 754.528 754.515 754.501 754.433 
754.793 754.737 754.732 754.726 754.715 754.715 754.706 754.721 754.71 754.712 754.706 754.696 754.703 754.69 754.693 754.692 754.704 754.685 754.674 754.687 754.677 754.676 754.665 754.664 754.669 754.659 754.656 754.647 754.65 754.636 754.621 754.54 
754.942 754.877 754.871 754.864 754.853 754.852 754.842 754.858 754.846 754.848 754.841 754.832 754.837 754.822 754.828 754.826 754.837 754.817 754.807 754.821 754.808 754.807 754.796 754.794 754.799 754.789 754.785 754.777 754.777 754.764 754.746 754.654 
755.098 755.022 755.015 755.008 754.997 754.995 754.985 755 754.989 754.99 754.983 754.973 754.978 754.961 754.968 754.965 754.976 754.955 754.947 754.961 754.945 754.944 754.933 754.931 754.936 754.924 754.922 754.913 754.911 754.897 754.878 754.772 
755.26 755.173 755.165 755.158 755.147 755.144 755.135 755.149 755.137 755.138 755.131 755.12 755.125 755.105 755.113 755.11 755.121 755.1 755.092 755.106 755.087 755.087 755.077 755.073 755.078 755.065 755.064 755.054 755.05 755.038 755.016 754.897 
755.428 755.329 755.321 755.314 755.303 755.3 755.29 755.304 755.291 755.291 755.284 755.273 755.278 755.255 755.264 755.26 755.272 755.25 755.242 755.257 755.236 755.235 755.226 755.221 755.226 755.212 755.212 755.202 755.195 755.184 755.159 755.026 
755.603 755.489 755.482 755.476 755.465 755.461 755.452 755.465 755.45 755.45 755.443 755.43 755.436 755.411 755.421 755.416 755.429 755.406 755.398 755.413 755.39 755.388 755.382 755.375 755.38 755.365 755.366 755.355 755.346 755.337 755.308 755.161 
755.784 755.655 755.65 755.643 755.632 755.627 755.618 755.631 755.614 755.614 755.606 755.592 755.599 755.572 755.583 755.577 755.592 755.567 755.56 755.574 755.55 755.548 755.544 755.533 755.539 755.525 755.526 755.514 755.504 755.495 755.463 755.301 
755.972 755.826 755.823 755.815 755.804 755.799 755.789 755.803 755.784 755.784 755.775 755.76 755.767 755.738 755.75 755.745 755.759 755.733 755.726 755.741 755.716 755.713 755.711 755.697 755.704 755.69 755.692 755.679 755.667 755.658 755.624 755.445 
756.166 756.002 756.002 755.993 755.98 755.975 755.964 755.979 755.958 755.959 755.949 755.932 755.94 755.91 755.922 755.917 755.932 755.905 755.897 755.913 755.888 755.884 755.883 755.865 755.874 755.86 755.863 755.85 755.835 755.826 755.79 755.594 
756.365 756.182 756.184 756.175 756.161 756.157 756.144 756.16 756.138 756.14 756.128 756.111 756.118 756.087 756.1 756.096 756.109 756.081 756.072 756.091 756.065 756.061 756.06 756.039 756.05 756.035 756.038 756.025 756.008 755.999 755.96 755.747 
756.57 756.367 756.371 756.361 756.347 756.343 756.328 756.345 756.323 756.326 756.313 756.294 756.3 756.269 756.283 756.278 756.291 756.262 756.251 756.275 756.247 756.242 756.241 756.217 756.23 756.214 756.218 756.205 756.186 756.176 756.136 755.905 
756.78 756.557 756.562 756.551 756.538 756.534 756.517 756.535 756.512 756.517 756.502 756.483 756.487 756.456 756.47 756.466 756.477 756.448 756.435 756.464 756.434 756.429 756.427 756.401 756.414 756.397 756.401 756.39 756.368 756.358 756.316 756.066 
756.993 756.751 756.756 756.746 756.734 756.729 756.71 756.728 756.707 756.712 756.695 756.676 756.678 756.649 756.661 756.657 756.667 756.638 756.623 756.656 756.624 756.621 756.618 756.59 756.602 756.585 756.588 756.579 756.555 756.544 756.5 756.232 
757.211 756.949 756.955 756.945 756.934 756.927 756.907 756.926 756.905 756.91 756.892 756.872 756.873 756.846 756.856 756.853 756.861 756.833 756.815 756.852 756.819 756.817 756.813 756.784 756.794 756.777 756.78 756.773 756.747 756.734 756.689 756.401 
757.432 757.152 757.157 757.149 757.138 757.129 757.108 757.128 757.107 757.112 757.092 757.071 757.071 757.046 757.055 757.052 757.06 757.031 757.011 757.051 757.018 757.017 757.012 756.982 756.991 756.973 756.975 756.971 756.943 756.927 756.882 756.574 
757.659 757.357 757.363 757.356 757.344 757.335 757.311 757.333 757.312 757.316 757.296 757.274 757.274 757.25 757.257 757.255 757.262 757.234 757.212 757.252 757.22 757.22 757.214 757.184 757.192 757.173 757.175 757.172 757.143 757.124 757.077 756.751 
757.89 757.565 757.571 757.567 757.553 757.543 757.518 757.541 757.52 757.523 757.503 757.48 757.48 757.457 757.463 757.459 757.468 757.44 757.416 757.456 757.426 757.427 757.419 757.389 757.397 757.377 757.378 757.376 757.347 757.325 757.276 756.931 
758.125 757.776 757.782 757.781 757.763 757.755 757.727 757.752 757.729 757.733 757.714 757.689 757.69 757.666 757.671 757.667 757.677 757.649 757.624 757.662 757.635 757.635 757.627 757.598 757.605 757.583 757.584 757.583 757.554 757.528 757.478 757.113 
758.364 757.99 757.996 757.998 757.975 757.969 757.939 757.967 757.941 757.947 757.927 757.901 757.903 757.877 757.882 757.877 757.89 757.861 757.836 757.871 757.847 757.846 757.838 757.809 757.816 757.792 757.792 757.792 757.763 757.735 757.681 757.299 
758.607 758.206 758.214 758.216 758.189 758.186 758.153 758.185 758.155 758.163 758.143 758.116 758.118 758.091 758.096 758.09 758.105 758.075 758.05 758.083 758.06 758.059 758.051 758.024 758.029 758.003 758.002 758.003 757.974 757.945 757.886 757.488 
758.852 758.424 758.434 758.436 758.405 758.405 758.371 758.405 758.371 758.382 758.361 758.334 758.335 758.307 758.312 758.306 758.322 758.291 758.268 758.297 758.274 758.274 758.266 758.24 758.246 758.216 758.215 758.217 758.187 758.157 758.093 757.679 
759.1 758.644 758.657 758.657 758.623 758.625 758.591 758.627 758.59 758.603 758.581 758.555 758.555 758.526 758.532 758.524 758.542 758.51 758.488 758.514 758.491 758.491 758.484 758.458 758.464 758.432 758.431 758.433 758.401 758.371 758.301 757.872 
759.349 758.867 758.882 758.881 758.842 758.848 758.815 758.852 758.812 758.826 758.802 758.778 758.776 758.747 758.754 758.745 758.764 758.731 758.71 758.734 758.709 758.71 758.704 758.678 758.685 758.651 758.649 758.652 758.617 758.586 758.511 758.065 
759.6 759.091 759.109 759.106 759.064 759.072 759.041 759.077 759.036 759.052 759.025 759.003 758.999 758.971 758.978 758.967 758.989 758.954 758.934 758.956 758.929 758.931 758.925 758.899 758.907 758.872 758.868 758.872 758.835 758.803 758.722 758.26 
759.853 759.318 759.338 759.333 759.289 759.298 759.27 759.304 759.264 759.279 759.25 759.229 759.225 759.197 759.204 759.19 759.215 759.179 759.158 759.18 759.151 759.154 759.148 759.121 759.13 759.096 759.089 759.094 759.054 759.021 758.936 758.457 
760.107 759.547 759.568 759.561 759.516 759.525 759.5 759.532 759.493 759.507 759.475 759.457 759.451 759.424 759.431 759.415 759.443 759.405 759.383 759.405 759.375 759.379 759.373 759.344 759.354 759.321 759.312 759.317 759.275 759.241 759.152 758.655 
760.362 759.777 759.8 759.79 759.744 759.754 759.73 759.761 759.723 759.737 759.703 759.686 759.679 759.652 759.659 759.641 759.673 759.632 759.609 759.63 759.6 759.606 759.598 759.569 759.578 759.547 759.536 759.541 759.497 759.463 759.37 758.855 
760.618 760.007 760.031 760.021 759.975 759.983 759.96 759.99 759.955 759.967 759.931 759.915 759.908 759.881 759.887 759.869 759.903 759.86 759.836 759.856 759.828 759.834 759.825 759.795 759.803 759.775 759.762 759.767 759.72 759.687 759.59 759.056 
760.875 760.237 760.262 760.251 760.206 760.213 760.189 760.219 760.186 760.197 760.161 760.145 760.137 760.111 760.115 760.097 760.134 760.089 760.064 760.084 760.057 760.063 760.054 760.022 760.03 760.003 759.99 759.995 759.944 759.912 759.811 759.258 
761.133 760.466 760.493 760.482 760.439 760.444 760.419 760.45 760.419 760.429 760.392 760.376 760.367 760.341 760.344 760.326 760.366 760.317 760.293 760.313 760.287 760.293 760.282 760.25 760.257 760.232 760.22 760.223 760.17 760.137 760.033 759.46 
761.392 760.695 760.724 760.712 760.672 760.677 760.649 760.681 760.652 760.662 760.623 760.607 760.597 760.571 760.573 760.556 760.598 760.546 760.521 760.545 760.518 760.523 760.512 760.478 760.486 760.462 760.452 760.452 760.396 760.362 760.256 759.662 
761.651 760.923 760.956 760.943 760.906 760.91 760.88 760.913 760.886 760.895 760.855 760.838 760.828 760.802 760.803 760.786 760.831 760.776 760.751 760.777 760.75 760.755 760.741 760.708 760.715 760.693 760.684 760.681 760.623 760.588 760.479 759.864 
761.911 761.152 761.188 761.175 761.139 761.144 761.111 761.147 761.121 761.128 761.088 761.069 761.06 761.034 761.034 761.017 761.064 761.006 760.98 761.01 760.982 760.987 760.972 760.939 760.945 760.924 760.917 760.909 760.851 760.814 760.702 760.067 
762.172 761.383 761.421 761.406 761.372 761.378 761.343 761.38 761.356 761.362 761.321 761.301 761.292 761.265 761.266 761.248 761.296 761.236 761.21 761.244 761.214 761.219 761.204 761.171 761.175 761.155 761.148 761.139 761.08 761.041 760.925 760.271 
762.433 761.615 761.654 761.639 761.606 761.612 761.576 761.613 761.591 761.595 761.554 761.533 761.524 761.498 761.498 761.479 761.529 761.467 761.44 761.477 761.446 761.452 761.436 761.404 761.406 761.386 761.379 761.368 761.309 761.269 761.15 760.475 
762.695 761.847 761.887 761.873 761.839 761.847 761.808 761.846 761.826 761.829 761.788 761.767 761.756 761.73 761.73 761.712 761.762 761.698 761.671 761.71 761.678 761.685 761.669 761.637 761.637 761.616 761.609 761.599 761.538 761.498 761.375 760.679 
762.957 762.081 762.122 762.108 762.073 762.081 762.041 762.079 762.06 762.063 762.021 762 761.988 761.963 761.964 761.945 761.996 761.93 761.902 761.942 761.91 761.917 761.901 761.87 761.868 761.847 761.837 761.831 761.768 761.726 761.601 760.883 
763.218 762.315 762.357 762.343 762.307 762.315 762.274 762.312 762.294 762.298 762.254 762.234 762.221 762.196 762.198 762.178 762.23 762.163 762.134 762.175 762.142 762.149 762.133 762.103 762.099 762.078 762.065 762.062 761.998 761.955 761.828 761.086 
763.478 762.55 762.593 762.578 762.541 762.548 762.507 762.544 762.528 762.532 762.487 762.468 762.454 762.429 762.432 762.412 762.464 762.395 762.365 762.407 762.375 762.381 762.365 762.335 762.33 762.31 762.294 762.294 762.228 762.184 762.054 761.29 
763.738 762.785 762.828 762.813 762.776 762.782 762.74 762.777 762.762 762.766 762.72 762.702 762.687 762.662 762.666 762.646 762.699 762.627 762.596 762.639 762.606 762.612 762.597 762.567 762.561 762.542 762.522 762.525 762.458 762.412 762.28 761.495 
763.998 763.019 763.062 763.048 763.011 763.015 762.973 763.009 762.996 763 762.952 762.935 762.92 762.894 762.899 762.88 762.932 762.858 762.827 762.872 762.838 762.844 762.829 762.798 762.791 762.774 762.75 762.756 762.689 762.642 762.506 761.7 
764.259 763.252 763.296 763.284 763.246 763.25 763.206 763.243 763.23 763.233 763.185 763.169 763.152 763.126 763.132 763.114 763.165 763.089 763.058 763.104 763.069 763.075 763.062 763.03 763.022 763.006 762.979 762.987 762.919 762.871 762.731 761.907 
764.519 763.486 763.53 763.519 763.481 763.484 763.439 763.476 763.464 763.466 763.42 763.402 763.384 763.359 763.365 763.348 763.398 763.32 763.288 763.337 763.3 763.307 763.293 763.262 763.252 763.237 763.208 763.218 763.149 763.101 762.955 762.113 
764.78 763.718 763.764 763.754 763.716 763.719 763.672 763.709 763.698 763.7 763.655 763.635 763.616 763.593 763.597 763.583 763.63 763.55 763.52 763.571 763.531 763.538 763.524 763.494 763.483 763.468 763.437 763.448 763.379 763.331 763.179 762.319 
765.041 763.951 763.999 763.99 763.952 763.954 763.905 763.943 763.932 763.934 763.891 763.867 763.847 763.828 763.829 763.817 763.862 763.781 763.752 763.804 763.762 763.771 763.754 763.725 763.715 763.698 763.667 763.677 763.609 763.56 763.402 762.525 
765.301 764.184 764.233 764.224 764.187 764.188 764.138 764.176 764.166 764.167 764.126 764.098 764.079 764.064 764.061 764.051 764.095 764.012 763.985 764.038 763.994 764.003 763.984 763.957 763.946 763.928 763.896 763.906 763.838 763.788 763.624 762.73 
765.561 764.417 764.466 764.458 764.422 764.421 764.371 764.409 764.401 764.401 764.361 764.33 764.311 764.3 764.293 764.284 764.327 764.243 764.218 764.27 764.225 764.236 764.214 764.189 764.178 764.158 764.125 764.134 764.067 764.015 763.846 762.936 
765.821 764.65 764.699 764.691 764.655 764.653 764.602 764.641 764.637 764.634 764.594 764.562 764.543 764.535 764.525 764.517 764.559 764.474 764.451 764.502 764.456 764.468 764.444 764.422 764.409 764.387 764.353 764.362 764.296 764.241 764.067 763.141 
766.081 764.882 764.931 764.922 764.888 764.884 764.833 764.874 764.872 764.866 764.825 764.793 764.775 764.769 764.757 764.748 764.79 764.705 764.682 764.733 764.686 764.7 764.673 764.654 764.639 764.616 764.58 764.591 764.524 764.467 764.289 763.347 
766.339 765.115 765.163 765.153 765.119 765.114 765.064 765.106 765.107 765.098 765.055 765.025 765.006 765.002 764.99 764.979 765.021 764.936 764.912 764.963 764.917 764.932 764.903 764.886 764.868 764.845 764.807 764.821 764.753 764.692 764.51 763.553 
766.597 765.348 765.395 765.383 765.351 765.344 765.295 765.337 765.342 765.33 765.285 765.257 765.236 765.235 765.222 765.209 765.251 765.166 765.141 765.193 765.147 765.163 765.131 765.117 765.097 765.072 765.032 765.05 764.981 764.917 764.731 763.757 
766.854 765.579 765.627 765.613 765.582 765.573 765.525 765.567 765.576 765.561 765.515 765.489 765.466 765.466 765.454 765.438 765.479 765.396 765.369 765.422 765.376 765.393 765.36 765.346 765.325 765.299 765.258 765.279 765.209 765.141 764.951 763.961 
767.111 765.81 765.858 765.844 765.813 765.802 765.756 765.796 765.809 765.793 765.745 765.721 765.695 765.697 765.686 765.667 765.707 765.626 765.597 765.651 765.605 765.623 765.588 765.574 765.552 765.526 765.483 765.507 765.436 765.366 765.171 764.164 
767.367 766.041 766.089 766.074 766.044 766.03 765.987 766.025 766.041 766.024 765.976 765.951 765.923 765.928 765.917 765.895 765.934 765.855 765.825 765.88 765.834 765.852 765.816 765.8 765.778 765.752 765.707 765.733 765.661 765.59 765.391 764.366 
767.623 766.27 766.32 766.304 766.275 766.258 766.217 766.254 766.272 766.255 766.206 766.18 766.151 766.159 766.148 766.124 766.161 766.085 766.054 766.109 766.062 766.08 766.043 766.025 766.004 765.977 765.931 765.958 765.886 765.813 765.61 764.568 
767.878 766.499 766.549 766.534 766.507 766.485 766.446 766.481 766.502 766.485 766.435 766.408 766.379 766.39 766.377 766.352 766.387 766.315 766.282 766.338 766.291 766.307 766.269 766.249 766.23 766.202 766.154 766.182 766.109 766.036 765.828 764.769 
768.131 766.727 766.778 766.763 766.737 766.712 766.674 766.708 766.731 766.715 766.663 766.635 766.606 766.619 766.606 766.581 766.612 766.543 766.51 766.567 766.519 766.533 766.494 766.473 766.454 766.426 766.376 766.405 766.331 766.258 766.044 764.971 
768.383 766.955 767.006 766.991 766.967 766.939 766.901 766.934 766.959 766.944 766.889 766.861 766.832 766.847 766.834 766.809 766.836 766.77 766.737 766.795 766.746 766.759 766.718 766.696 766.677 766.65 766.598 766.627 766.553 766.479 766.26 765.171 
768.633 767.181 767.233 767.217 767.195 767.165 767.127 767.159 767.186 767.172 767.115 767.086 767.058 767.074 767.06 767.036 767.06 766.997 766.963 767.022 766.971 766.983 766.941 766.92 766.899 766.873 766.819 766.849 766.775 766.699 766.476 765.372 
768.883 767.407 767.459 767.442 767.422 767.393 767.351 767.384 767.412 767.398 767.339 767.31 767.282 767.299 767.285 767.263 767.283 767.223 767.188 767.247 767.195 767.206 767.163 767.143 767.121 767.095 767.039 767.071 766.996 766.918 766.69 765.571 
769.132 767.631 767.683 767.665 767.646 767.619 767.575 767.608 767.636 767.622 767.563 767.533 767.505 767.523 767.508 767.488 767.505 767.448 767.411 767.469 767.418 767.427 767.384 767.366 767.342 767.316 767.259 767.291 767.218 767.135 766.903 765.77 
769.38 767.855 767.906 767.887 767.869 767.845 767.799 767.831 767.86 767.844 767.785 767.755 767.727 767.745 767.73 767.712 767.726 767.672 767.633 767.689 767.639 767.647 767.602 767.587 767.561 767.537 767.478 767.511 767.438 767.352 767.116 765.968 
769.627 768.078 768.128 768.107 768.091 768.069 768.021 768.054 768.082 768.065 768.007 767.976 767.948 767.966 767.951 767.936 767.946 767.896 767.853 767.908 767.858 767.866 767.819 767.807 767.78 767.755 767.696 767.729 767.658 767.568 767.327 766.163 
769.873 768.299 768.349 768.326 768.311 768.292 768.243 768.275 768.303 768.284 768.227 768.196 768.169 768.186 768.171 768.158 768.165 768.117 768.071 768.125 768.076 768.084 768.034 768.024 767.997 767.973 767.914 767.946 767.876 767.783 767.538 766.357 
770.118 768.519 768.569 768.544 768.53 768.512 768.463 768.495 768.522 768.502 768.447 768.414 768.388 768.404 768.389 768.379 768.383 768.336 768.288 768.341 768.292 768.301 768.247 768.239 768.212 768.189 768.131 768.161 768.091 767.996 767.748 766.55 
770.361 768.737 768.786 768.76 768.748 768.731 768.681 768.714 768.74 768.718 768.665 768.63 768.607 768.621 768.606 768.597 768.6 768.553 768.503 768.557 768.507 768.516 768.459 768.453 768.427 768.403 768.346 768.373 768.304 768.209 767.955 766.741 
770.601 768.952 769.002 768.975 768.963 768.949 768.897 768.931 768.955 768.933 768.882 768.844 768.824 768.836 768.821 768.814 768.815 768.767 768.716 768.77 768.72 768.729 768.671 768.665 768.64 768.615 768.559 768.582 768.514 768.419 768.161 766.93 
770.839 769.165 769.216 769.189 769.177 769.164 769.111 769.147 769.168 769.145 769.096 769.056 769.039 769.05 769.034 769.028 769.028 768.979 768.928 768.982 768.931 768.94 768.881 768.875 768.852 768.824 768.77 768.79 768.722 768.626 768.365 767.117 
771.074 769.376 769.427 769.4 769.388 769.376 769.322 769.36 769.38 769.356 769.308 769.266 769.251 769.261 769.245 769.239 769.239 769.189 769.139 769.192 769.141 769.15 769.09 769.084 769.062 769.031 768.979 768.996 768.928 768.831 768.567 767.303 
771.306 769.584 769.635 769.61 769.597 769.586 769.532 769.57 769.589 769.565 769.517 769.475 769.46 769.47 769.454 769.448 769.447 769.397 769.347 769.399 769.348 769.357 769.297 769.29 769.27 769.235 769.186 769.2 769.132 769.034 768.766 767.486 
771.535 769.791 769.841 769.817 769.804 769.793 769.738 769.778 769.797 769.771 769.724 769.682 769.666 769.677 769.66 769.654 769.652 769.602 769.552 769.604 769.553 769.562 769.503 769.493 769.476 769.437 769.391 769.402 769.334 769.235 768.963 767.668 
771.762 769.995 770.044 770.021 770.008 769.996 769.943 769.982 770.001 769.975 769.929 769.886 769.868 769.882 769.864 769.858 769.856 769.805 769.755 769.807 769.755 769.765 769.705 769.694 769.679 769.637 769.594 769.602 769.534 769.433 769.158 767.847 
771.985 770.196 770.245 770.223 770.21 770.197 770.145 770.184 770.202 770.176 770.132 770.086 770.068 770.083 770.065 770.059 770.057 770.006 769.956 770.008 769.954 769.967 769.906 769.892 769.88 769.835 769.794 769.8 769.732 769.629 769.349 768.024 
772.206 770.394 770.442 770.421 770.409 770.395 770.344 770.382 770.4 770.373 770.331 770.284 770.265 770.282 770.263 770.256 770.255 770.205 770.154 770.207 770.151 770.165 770.103 770.087 770.077 770.031 769.991 769.995 769.928 769.822 769.538 768.198 
772.424 770.589 770.637 770.617 770.606 770.59 770.542 770.578 770.594 770.568 770.528 770.478 770.46 770.477 770.457 770.45 770.451 770.4 770.349 770.402 770.345 770.361 770.297 770.279 770.272 770.224 770.185 770.187 770.121 770.013 769.723 768.37 
772.639 770.78 770.829 770.81 770.801 770.783 770.736 770.772 770.786 770.759 770.721 770.669 770.652 770.668 770.649 770.641 770.642 770.592 770.541 770.595 770.536 770.554 770.489 770.467 770.462 770.414 770.376 770.376 770.311 770.201 769.905 768.538 
772.85 770.969 771.017 770.999 770.992 770.972 770.927 770.962 770.976 770.947 770.91 770.857 770.841 770.856 770.839 770.828 770.829 770.781 770.73 770.784 770.724 770.742 770.677 770.653 770.649 770.6 770.563 770.563 770.497 770.387 770.084 768.703 
773.057 771.154 771.202 771.186 771.18 771.159 771.114 771.149 771.162 771.132 771.095 771.042 771.026 771.04 771.025 771.012 771.012 770.966 770.915 770.969 770.91 770.926 770.862 770.835 770.831 770.783 770.746 770.746 770.68 770.569 770.259 768.864 
773.26 771.335 771.383 771.369 771.362 771.342 771.296 771.331 771.344 771.313 771.276 771.223 771.207 771.221 771.207 771.193 771.19 771.147 771.096 771.151 771.092 771.105 771.042 771.014 771.008 770.961 770.925 770.926 770.859 770.746 770.431 769.022 
773.457 771.512 771.561 771.547 771.54 771.521 771.474 771.509 771.523 771.49 771.452 771.4 771.384 771.399 771.386 771.372 771.364 771.324 771.274 771.329 771.269 771.281 771.218 771.189 771.182 771.135 771.099 771.102 771.034 770.919 770.599 769.176 
773.65 771.685 771.734 771.722 771.713 771.695 771.648 771.683 771.697 771.663 771.624 771.573 771.556 771.573 771.56 771.546 771.535 771.496 771.448 771.503 771.442 771.452 771.39 771.361 771.352 771.305 771.269 771.272 771.204 771.087 770.764 769.326 
773.837 771.853 771.903 771.892 771.882 771.864 771.816 771.852 771.866 771.832 771.792 771.742 771.723 771.743 771.729 771.717 771.701 771.663 771.618 771.671 771.611 771.618 771.557 771.529 771.519 771.471 771.434 771.438 771.37 771.251 770.925 769.472 
774.02 772.016 772.067 772.058 772.046 772.029 771.98 772.017 772.03 771.996 771.956 771.907 771.886 771.908 771.894 771.882 771.863 771.826 771.783 771.835 771.775 771.78 771.72 771.693 771.682 771.633 771.596 771.599 771.531 771.41 771.082 769.613 
774.198 772.174 772.226 772.219 772.206 772.19 772.14 772.178 772.19 772.156 772.116 772.066 772.044 772.07 772.054 772.043 772.021 771.984 771.943 771.995 771.935 771.938 771.877 771.852 771.841 771.791 771.753 771.755 771.687 771.564 771.234 769.751 
774.371 772.328 772.38 772.375 772.361 772.346 772.295 772.334 772.344 772.311 772.272 772.221 772.198 772.225 772.21 772.199 772.175 772.137 772.098 772.15 772.089 772.091 772.029 772.007 771.996 771.945 771.905 771.906 771.838 771.715 771.381 769.884 
774.538 772.477 772.53 772.526 772.511 772.497 772.445 772.486 772.494 772.461 772.424 772.372 772.348 772.376 772.361 772.35 772.325 772.285 772.248 772.301 772.239 772.24 772.177 772.157 772.146 772.093 772.053 772.052 771.984 771.861 771.524 770.013 
774.7 772.62 772.674 772.672 772.657 772.644 772.591 772.632 772.639 772.606 772.57 772.517 772.493 772.521 772.506 772.496 772.47 772.429 772.393 772.447 772.383 772.384 772.32 772.302 772.29 772.237 772.196 772.193 772.125 772.002 771.662 770.138 
774.855 772.76 772.813 772.813 772.797 772.784 772.732 772.772 772.78 772.746 772.712 772.658 772.634 772.661 772.646 772.636 772.61 772.568 772.533 772.589 772.523 772.523 772.458 772.442 772.428 772.375 772.334 772.329 772.261 772.138 771.796 770.258 
775.004 772.895 772.948 772.948 772.933 772.92 772.868 772.907 772.916 772.881 772.849 772.794 772.771 772.796 772.781 772.771 772.745 772.703 772.667 772.725 772.657 772.657 772.592 772.576 772.562 772.507 772.467 772.461 772.391 772.27 771.925 770.373 
775.146 773.025 773.077 773.079 773.063 773.05 773 773.038 773.048 773.012 772.98 772.925 772.902 772.926 772.911 772.901 772.876 772.834 772.797 772.857 772.786 772.786 772.722 772.706 772.69 772.636 772.595 772.588 772.517 772.397 772.051 770.484 
775.284 773.152 773.203 773.205 773.189 773.176 773.128 773.164 773.174 773.139 773.108 773.052 773.029 773.052 773.036 773.027 773.002 772.962 772.923 772.984 772.911 772.911 772.849 772.83 772.814 772.76 772.719 772.711 772.639 772.52 772.173 770.591 
775.416 773.274 773.324 773.326 773.31 773.298 773.251 773.286 773.297 773.263 773.232 773.174 773.152 773.175 773.158 773.15 773.126 773.085 773.046 773.106 773.033 773.031 772.973 772.951 772.934 772.881 772.838 772.831 772.758 772.639 772.292 770.694 
