0 0 0 0 0 0 0 0 0 0 0 0 0 0 0 0 0 0 0 0 0 0 0 0 0 0 0 0 0 0 0 0 
1.1963e-05 -1.44364e-05 -1.44364e-05 1.45153e-05 5.25961e-08 5.25954e-08 -1.44364e-05 5.2596e-08 2.62984e-08 5.25964e-08 -1.44364e-05 5.25956e-08 -1.44364e-05 1.45152e-05 5.25953e-08 2.62977e-08 5.2596e-08 -1.44364e-05 2.62979e-08 5.25959e-08 1.45152e-05 2.6298e-08 -1.44364e-05 1.45152e-05 5.25963e-08 -1.44363e-05 1.45152e-05 5.2596e-08 1.45152e-05 5.25959e-08 -1.44363e-05 1.16567e-05 
2.32648e-05 -2.88731e-05 -2.88731e-05 2.90309e-05 1.05194e-07 1.05193e-07 -2.88732e-05 1.05194e-07 5.25972e-08 1.05194e-07 -2.88731e-05 1.05193e-07 -2.88731e-05 2.90309e-05 1.05193e-07 5.25962e-08 1.05193e-07 -2.88731e-05 5.25966e-08 1.05193e-07 2.90309e-05 5.25969e-08 -2.88731e-05 2.90309e-05 1.05194e-07 -2.88731e-05 2.90309e-05 1.05193e-07 2.90309e-05 1.05193e-07 -2.88731e-05 2.26144e-05 
3.45671e-05 -4.33104e-05 -4.33104e-05 4.35471e-05 1.57793e-07 1.57792e-07 -4.33104e-05 1.57793e-07 7.88967e-08 1.57793e-07 -4.33104e-05 1.57792e-07 -4.33104e-05 4.35471e-05 1.57792e-07 7.88957e-08 1.57793e-07 -4.33103e-05 7.88962e-08 1.57792e-07 4.3547e-05 7.88963e-08 -4.33104e-05 4.3547e-05 1.57792e-07 -4.33103e-05 4.3547e-05 1.57793e-07 4.3547e-05 1.57793e-07 -4.33103e-05 3.35618e-05 
4.58587e-05 -5.77481e-05 -5.77481e-05 5.80637e-05 2.10394e-07 2.10393e-07 -5.77481e-05 2.10394e-07 1.05197e-07 2.10394e-07 -5.77481e-05 2.10393e-07 -5.77481e-05 5.80637e-05 2.10393e-07 1.05197e-07 2.10394e-07 -5.7748e-05 1.05196e-07 2.10392e-07 5.80636e-05 1.05197e-07 -5.77481e-05 5.80636e-05 2.10393e-07 -5.7748e-05 5.80636e-05 2.10393e-07 5.80636e-05 2.10393e-07 -5.7748e-05 4.45118e-05 
5.71539e-05 -7.21864e-05 -7.21864e-05 7.25809e-05 2.62997e-07 2.62995e-07 -7.21864e-05 2.62997e-07 1.31499e-07 2.62997e-07 -7.21863e-05 2.62996e-07 -7.21863e-05 7.25808e-05 2.62995e-07 1.31498e-07 2.62996e-07 -7.21863e-05 1.31498e-07 2.62995e-07 7.25807e-05 1.31498e-07 -7.21863e-05 7.25807e-05 2.62996e-07 -7.21862e-05 7.25807e-05 2.62996e-07 7.25807e-05 2.62995e-07 -7.21861e-05 5.54608e-05 
6.84513e-05 -8.66251e-05 -8.66252e-05 8.70986e-05 3.15602e-07 3.156e-07 -8.66251e-05 3.15602e-07 1.57801e-07 3.15601e-07 -8.66251e-05 3.156e-07 -8.66251e-05 8.70985e-05 3.156e-07 1.57801e-07 3.15601e-07 -8.6625e-05 1.578e-07 3.156e-07 8.70983e-05 1.57801e-07 -8.66251e-05 8.70983e-05 3.156e-07 -8.6625e-05 8.70983e-05 3.156e-07 8.70984e-05 3.156e-07 -8.66248e-05 6.64104e-05 
7.97456e-05 -0.000101064 -0.000101065 0.000101617 3.68209e-07 3.68207e-07 -0.000101065 3.68209e-07 1.84105e-07 3.68208e-07 -0.000101064 3.68208e-07 -0.000101064 0.000101617 3.68207e-07 1.84104e-07 3.68208e-07 -0.000101064 1.84104e-07 3.68207e-07 0.000101617 1.84104e-07 -0.000101064 0.000101617 3.68207e-07 -0.000101064 0.000101616 3.68207e-07 0.000101617 3.68206e-07 -0.000101064 7.73604e-05 
9.10412e-05 -0.000115504 -0.000115505 0.000116136 4.20818e-07 4.20816e-07 -0.000115504 4.20818e-07 2.10409e-07 4.20817e-07 -0.000115504 4.20817e-07 -0.000115504 0.000116136 4.20816e-07 2.10409e-07 4.20817e-07 -0.000115504 2.10408e-07 4.20816e-07 0.000116135 2.10409e-07 -0.000115504 0.000116135 4.20816e-07 -0.000115504 0.000116135 4.20816e-07 0.000116135 4.20815e-07 -0.000115504 8.83121e-05 
0.000102333 -0.000129945 -0.000129945 0.000130655 4.73429e-07 4.73427e-07 -0.000129945 4.73429e-07 2.36715e-07 4.73428e-07 -0.000129945 4.73428e-07 -0.000129945 0.000130655 4.73427e-07 2.36715e-07 4.73428e-07 -0.000129945 2.36714e-07 4.73428e-07 0.000130655 2.36714e-07 -0.000129945 0.000130655 4.73427e-07 -0.000129945 0.000130655 4.73427e-07 0.000130655 4.73426e-07 -0.000129944 9.92663e-05 
0.000113625 -0.000144386 -0.000144386 0.000145175 5.26043e-07 5.26041e-07 -0.000144386 5.26043e-07 2.63022e-07 5.26042e-07 -0.000144386 5.26042e-07 -0.000144386 0.000145175 5.26041e-07 2.63022e-07 5.26042e-07 -0.000144386 2.63021e-07 5.26041e-07 0.000145175 2.63021e-07 -0.000144386 0.000145175 5.2604e-07 -0.000144386 0.000145175 5.2604e-07 0.000145175 5.26039e-07 -0.000144386 0.000110218 
0.000124916 -0.000158828 -0.000158828 0.000159696 5.7866e-07 5.78657e-07 -0.000158828 5.78659e-07 2.8933e-07 5.78659e-07 -0.000158828 5.78659e-07 -0.000158828 0.000159696 5.78657e-07 2.89331e-07 5.78659e-07 -0.000158828 2.89329e-07 5.78658e-07 0.000159696 2.89329e-07 -0.000158828 0.000159696 5.78657e-07 -0.000158828 0.000159696 5.78656e-07 0.000159696 5.78655e-07 -0.000158827 0.000121174 
0.000136216 -0.000173271 -0.000173271 0.000174218 6.31279e-07 6.31276e-07 -0.000173271 6.31278e-07 3.15639e-07 6.31278e-07 -0.000173271 6.31278e-07 -0.000173271 0.000174218 6.31277e-07 3.1564e-07 6.31278e-07 -0.000173271 3.15638e-07 6.31277e-07 0.000174217 3.15638e-07 -0.000173271 0.000174217 6.31276e-07 -0.000173271 0.000174217 6.31274e-07 0.000174217 6.31274e-07 -0.00017327 0.000132131 
0.000147511 -0.000187714 -0.000187715 0.00018874 6.83901e-07 6.83898e-07 -0.000187715 6.839e-07 3.41951e-07 6.839e-07 -0.000187715 6.839e-07 -0.000187714 0.00018874 6.83898e-07 3.41951e-07 6.839e-07 -0.000187714 3.4195e-07 6.83898e-07 0.00018874 3.41949e-07 -0.000187714 0.00018874 6.83897e-07 -0.000187714 0.000188739 6.83895e-07 0.00018874 6.83895e-07 -0.000187713 0.00014309 
0.000158809 -0.000202159 -0.000202159 0.000203263 7.36525e-07 7.36523e-07 -0.000202159 7.36524e-07 3.68263e-07 7.36524e-07 -0.000202159 7.36524e-07 -0.000202158 0.000203263 7.36523e-07 3.68263e-07 7.36525e-07 -0.000202158 3.68262e-07 7.36523e-07 0.000203263 3.68261e-07 -0.000202159 0.000203263 7.36522e-07 -0.000202158 0.000203262 7.3652e-07 0.000203263 7.36519e-07 -0.000202157 0.000154046 
0.00017011 -0.000216604 -0.000216604 0.000217787 7.89153e-07 7.8915e-07 -0.000216604 7.89152e-07 3.94576e-07 7.89151e-07 -0.000216604 7.89152e-07 -0.000216603 0.000217787 7.8915e-07 3.94577e-07 7.89152e-07 -0.000216603 3.94575e-07 7.8915e-07 0.000217787 3.94575e-07 -0.000216604 0.000217787 7.89149e-07 -0.000216603 0.000217786 7.89147e-07 0.000217787 7.89146e-07 -0.000216602 0.000165 
0.00018141 -0.000231049 -0.00023105 0.000232312 8.41784e-07 8.41781e-07 -0.00023105 8.41782e-07 4.20891e-07 8.41781e-07 -0.00023105 8.41783e-07 -0.000231049 0.000232312 8.41781e-07 4.20892e-07 8.41782e-07 -0.000231049 4.2089e-07 8.41781e-07 0.000232312 4.2089e-07 -0.000231049 0.000232312 8.4178e-07 -0.000231049 0.000232311 8.41778e-07 0.000232311 8.41776e-07 -0.000231048 0.000175955 
0.000192712 -0.000245496 -0.000245496 0.000246838 8.94417e-07 8.94415e-07 -0.000245497 8.94415e-07 4.47208e-07 8.94415e-07 -0.000245496 8.94417e-07 -0.000245496 0.000246838 8.94414e-07 4.47209e-07 8.94416e-07 -0.000245496 4.47207e-07 8.94414e-07 0.000246837 4.47206e-07 -0.000245496 0.000246837 8.94413e-07 -0.000245496 0.000246837 8.94411e-07 0.000246837 8.94409e-07 -0.000245494 0.000186914 
0.000204012 -0.000259944 -0.000259944 0.000261364 9.47054e-07 9.47052e-07 -0.000259944 9.47051e-07 4.73527e-07 9.47051e-07 -0.000259944 9.47053e-07 -0.000259943 0.000261364 9.47051e-07 4.73528e-07 9.47052e-07 -0.000259943 4.73525e-07 9.47051e-07 0.000261364 4.73524e-07 -0.000259944 0.000261364 9.4705e-07 -0.000259943 0.000261363 9.47048e-07 0.000261363 9.47046e-07 -0.000259941 0.000197871 
0.000215323 -0.000274392 -0.000274392 0.000275891 9.99693e-07 9.99691e-07 -0.000274392 9.99691e-07 4.99847e-07 9.99691e-07 -0.000274392 9.99692e-07 -0.000274392 0.000275892 9.99691e-07 4.99848e-07 9.99692e-07 -0.000274392 4.99845e-07 9.99691e-07 0.000275891 4.99844e-07 -0.000274392 0.000275891 9.99689e-07 -0.000274392 0.00027589 9.99688e-07 0.000275891 9.99685e-07 -0.00027439 0.000208833 
0.000226627 -0.000288841 -0.000288842 0.00029042 1.05234e-06 1.05233e-06 -0.000288842 1.05233e-06 5.26169e-07 1.05233e-06 -0.000288842 1.05234e-06 -0.000288841 0.00029042 1.05233e-06 5.26169e-07 1.05234e-06 -0.000288841 5.26167e-07 1.05233e-06 0.000290419 5.26166e-07 -0.000288841 0.00029042 1.05233e-06 -0.000288841 0.000290419 1.05233e-06 0.000290419 1.05233e-06 -0.000288839 0.000219792 
0.000237928 -0.000303291 -0.000303292 0.000304949 1.10498e-06 1.10498e-06 -0.000303292 1.10498e-06 5.52492e-07 1.10498e-06 -0.000303292 1.10498e-06 -0.000303291 0.000304949 1.10498e-06 5.52493e-07 1.10498e-06 -0.000303291 5.5249e-07 1.10498e-06 0.000304948 5.52489e-07 -0.000303291 0.000304949 1.10498e-06 -0.000303291 0.000304948 1.10498e-06 0.000304948 1.10497e-06 -0.000303288 0.000230753 
0.000249236 -0.000317742 -0.000317743 0.000319479 1.15763e-06 1.15763e-06 -0.000317743 1.15763e-06 5.78817e-07 1.15763e-06 -0.000317743 1.15763e-06 -0.000317743 0.000319479 1.15763e-06 5.78818e-07 1.15763e-06 -0.000317742 5.78815e-07 1.15763e-06 0.000319478 5.78813e-07 -0.000317743 0.000319479 1.15763e-06 -0.000317742 0.000319478 1.15763e-06 0.000319478 1.15762e-06 -0.000317739 0.000241715 
0.000260546 -0.000332194 -0.000332195 0.00033401 1.21028e-06 1.21028e-06 -0.000332195 1.21028e-06 6.05143e-07 1.21028e-06 -0.000332195 1.21028e-06 -0.000332195 0.00033401 1.21028e-06 6.05144e-07 1.21029e-06 -0.000332194 6.05141e-07 1.21028e-06 0.000334009 6.0514e-07 -0.000332195 0.00033401 1.21028e-06 -0.000332194 0.000334009 1.21028e-06 0.000334009 1.21028e-06 -0.000332191 0.00025268 
0.000271853 -0.000346647 -0.000346648 0.000348541 1.26294e-06 1.26294e-06 -0.000346648 1.26294e-06 6.31471e-07 1.26294e-06 -0.000346648 1.26294e-06 -0.000346647 0.000348542 1.26294e-06 6.31473e-07 1.26294e-06 -0.000346647 6.3147e-07 1.26294e-06 0.000348541 6.31468e-07 -0.000346648 0.000348542 1.26294e-06 -0.000346648 0.000348541 1.26294e-06 0.000348541 1.26293e-06 -0.000346643 0.000263647 
0.000283161 -0.000361101 -0.000361102 0.000363074 1.3156e-06 1.3156e-06 -0.000361102 1.3156e-06 6.57801e-07 1.3156e-06 -0.000361102 1.3156e-06 -0.000361101 0.000363074 1.3156e-06 6.57803e-07 1.3156e-06 -0.000361101 6.578e-07 1.3156e-06 0.000363074 6.57798e-07 -0.000361102 0.000363075 1.3156e-06 -0.000361102 0.000363074 1.3156e-06 0.000363074 1.31559e-06 -0.000361097 0.000274614 
0.000294468 -0.000375556 -0.000375557 0.000377608 1.36826e-06 1.36826e-06 -0.000375557 1.36826e-06 6.84133e-07 1.36826e-06 -0.000375557 1.36827e-06 -0.000375556 0.000377608 1.36826e-06 6.84135e-07 1.36827e-06 -0.000375556 6.84132e-07 1.36826e-06 0.000377608 6.84128e-07 -0.000375556 0.000377609 1.36826e-06 -0.000375557 0.000377607 1.36826e-06 0.000377608 1.36825e-06 -0.000375551 0.000285575 
0.000305775 -0.000390011 -0.000390013 0.000392142 1.42093e-06 1.42093e-06 -0.000390012 1.42093e-06 7.10467e-07 1.42093e-06 -0.000390012 1.42093e-06 -0.000390012 0.000392143 1.42093e-06 7.10468e-07 1.42093e-06 -0.000390012 7.10465e-07 1.42093e-06 0.000392143 7.10462e-07 -0.000390012 0.000392144 1.42093e-06 -0.000390013 0.000392142 1.42092e-06 0.000392143 1.42092e-06 -0.000390007 0.000296542 
0.000317085 -0.000404468 -0.00040447 0.000406678 1.4736e-06 1.4736e-06 -0.000404469 1.4736e-06 7.36802e-07 1.4736e-06 -0.000404469 1.4736e-06 -0.000404469 0.000406679 1.4736e-06 7.36803e-07 1.4736e-06 -0.000404468 7.36801e-07 1.4736e-06 0.000406679 7.36797e-07 -0.000404469 0.00040668 1.4736e-06 -0.00040447 0.000406678 1.4736e-06 0.000406679 1.47359e-06 -0.000404463 0.000307513 
0.000328389 -0.000418925 -0.000418927 0.000421215 1.52627e-06 1.52627e-06 -0.000418927 1.52627e-06 7.63138e-07 1.52627e-06 -0.000418927 1.52628e-06 -0.000418926 0.000421216 1.52627e-06 7.6314e-07 1.52628e-06 -0.000418926 7.63138e-07 1.52627e-06 0.000421215 7.63134e-07 -0.000418927 0.000421216 1.52627e-06 -0.000418927 0.000421214 1.52627e-06 0.000421215 1.52626e-06 -0.000418921 0.000318482 
0.000339699 -0.000433383 -0.000433386 0.000435752 1.57895e-06 1.57895e-06 -0.000433385 1.57895e-06 7.89477e-07 1.57895e-06 -0.000433385 1.57895e-06 -0.000433385 0.000435753 1.57895e-06 7.89479e-07 1.57895e-06 -0.000433385 7.89477e-07 1.57895e-06 0.000435753 7.89472e-07 -0.000433386 0.000435754 1.57895e-06 -0.000433386 0.000435752 1.57895e-06 0.000435753 1.57894e-06 -0.000433379 0.000329452 
0.00035101 -0.000447843 -0.000447846 0.000450291 1.63163e-06 1.63163e-06 -0.000447845 1.63163e-06 8.15817e-07 1.63163e-06 -0.000447845 1.63163e-06 -0.000447845 0.000450292 1.63163e-06 8.15819e-07 1.63163e-06 -0.000447845 8.15818e-07 1.63163e-06 0.000450292 8.15812e-07 -0.000447846 0.000450293 1.63163e-06 -0.000447846 0.000450291 1.63163e-06 0.000450292 1.63162e-06 -0.000447838 0.000340419 
0.000362326 -0.000462303 -0.000462306 0.000464831 1.68432e-06 1.68431e-06 -0.000462306 1.68431e-06 8.42159e-07 1.68432e-06 -0.000462306 1.68432e-06 -0.000462305 0.000464832 1.68431e-06 8.42162e-07 1.68432e-06 -0.000462305 8.4216e-07 1.68432e-06 0.000464831 8.42154e-07 -0.000462306 0.000464832 1.68432e-06 -0.000462307 0.000464831 1.68431e-06 0.000464832 1.6843e-06 -0.000462299 0.000351386 
0.000373636 -0.000476764 -0.000476768 0.000479371 1.737e-06 1.737e-06 -0.000476767 1.737e-06 8.68503e-07 1.737e-06 -0.000476767 1.737e-06 -0.000476767 0.000479373 1.737e-06 8.68506e-07 1.73701e-06 -0.000476767 8.68504e-07 1.73701e-06 0.000479372 8.68498e-07 -0.000476768 0.000479373 1.737e-06 -0.000476768 0.000479371 1.737e-06 0.000479372 1.73699e-06 -0.00047676 0.000362354 
0.00038495 -0.000491227 -0.00049123 0.000493913 1.7897e-06 1.78969e-06 -0.00049123 1.78969e-06 8.94849e-07 1.7897e-06 -0.00049123 1.78969e-06 -0.00049123 0.000493914 1.78969e-06 8.94851e-07 1.7897e-06 -0.00049123 8.94851e-07 1.7897e-06 0.000493914 8.94843e-07 -0.000491231 0.000493915 1.7897e-06 -0.000491231 0.000493913 1.78969e-06 0.000493914 1.78968e-06 -0.000491222 0.000373322 
0.000396258 -0.00050569 -0.000505694 0.000508456 1.84239e-06 1.84239e-06 -0.000505694 1.84239e-06 9.21196e-07 1.84239e-06 -0.000505693 1.84239e-06 -0.000505694 0.000508457 1.84239e-06 9.21199e-07 1.84239e-06 -0.000505693 9.21199e-07 1.84239e-06 0.000508457 9.2119e-07 -0.000505694 0.000508458 1.84239e-06 -0.000505695 0.000508455 1.84239e-06 0.000508456 1.84238e-06 -0.000505685 0.000384301 
0.000407572 -0.000520154 -0.000520158 0.000522999 1.89509e-06 1.89509e-06 -0.000520158 1.89508e-06 9.47546e-07 1.89509e-06 -0.000520158 1.89509e-06 -0.000520158 0.000523001 1.89509e-06 9.47548e-07 1.89509e-06 -0.000520158 9.47549e-07 1.89509e-06 0.000523 9.47539e-07 -0.000520159 0.000523001 1.89509e-06 -0.000520159 0.000522999 1.89509e-06 0.000523 1.89508e-06 -0.00052015 0.00039527 
0.00041889 -0.00053462 -0.000534624 0.000537544 1.94779e-06 1.94779e-06 -0.000534624 1.94779e-06 9.73898e-07 1.94779e-06 -0.000534623 1.94779e-06 -0.000534624 0.000537546 1.94779e-06 9.739e-07 1.9478e-06 -0.000534624 9.739e-07 1.9478e-06 0.000537545 9.73891e-07 -0.000534624 0.000537546 1.94779e-06 -0.000534625 0.000537544 1.94779e-06 0.000537545 1.94778e-06 -0.000534615 0.000406237 
0.000430206 -0.000549086 -0.00054909 0.000552089 2.0005e-06 2.00049e-06 -0.00054909 2.00049e-06 1.00025e-06 2.0005e-06 -0.00054909 2.0005e-06 -0.000549091 0.000552092 2.00049e-06 1.00025e-06 2.0005e-06 -0.00054909 1.00025e-06 2.0005e-06 0.000552091 1.00024e-06 -0.000549091 0.000552091 2.0005e-06 -0.000549092 0.000552089 2.0005e-06 0.000552091 2.00048e-06 -0.000549081 0.00041721 
0.00044152 -0.000563553 -0.000563558 0.000566636 2.05321e-06 2.0532e-06 -0.000563558 2.0532e-06 1.02661e-06 2.05321e-06 -0.000563557 2.05321e-06 -0.000563558 0.000566639 2.0532e-06 1.02661e-06 2.05321e-06 -0.000563558 1.02661e-06 2.05321e-06 0.000566638 1.0266e-06 -0.000563558 0.000566638 2.05321e-06 -0.000563559 0.000566636 2.05321e-06 0.000566637 2.05319e-06 -0.000563547 0.000428183 
0.000452835 -0.000578021 -0.000578026 0.000581183 2.10592e-06 2.10591e-06 -0.000578026 2.10591e-06 1.05296e-06 2.10592e-06 -0.000578026 2.10592e-06 -0.000578027 0.000581186 2.10592e-06 1.05296e-06 2.10592e-06 -0.000578027 1.05296e-06 2.10593e-06 0.000581185 1.05295e-06 -0.000578027 0.000581186 2.10592e-06 -0.000578028 0.000581184 2.10592e-06 0.000581185 2.10591e-06 -0.000578015 0.000439153 
0.000464153 -0.00059249 -0.000592496 0.000595731 2.15864e-06 2.15863e-06 -0.000592496 2.15863e-06 1.07932e-06 2.15864e-06 -0.000592495 2.15864e-06 -0.000592496 0.000595735 2.15863e-06 1.07932e-06 2.15864e-06 -0.000592496 1.07932e-06 2.15864e-06 0.000595734 1.07931e-06 -0.000592496 0.000595734 2.15864e-06 -0.000592497 0.000595732 2.15864e-06 0.000595734 2.15862e-06 -0.000592484 0.000450129 
0.000475475 -0.00060696 -0.000606966 0.000610281 2.21136e-06 2.21135e-06 -0.000606966 2.21135e-06 1.10568e-06 2.21136e-06 -0.000606965 2.21136e-06 -0.000606966 0.000610285 2.21135e-06 1.10568e-06 2.21136e-06 -0.000606967 1.10568e-06 2.21136e-06 0.000610283 1.10567e-06 -0.000606967 0.000610284 2.21136e-06 -0.000606968 0.000610282 2.21136e-06 0.000610283 2.21134e-06 -0.000606954 0.000461105 
0.000486797 -0.000621431 -0.000621437 0.000624831 2.26408e-06 2.26407e-06 -0.000621438 2.26408e-06 1.13204e-06 2.26408e-06 -0.000621437 2.26408e-06 -0.000621438 0.000624835 2.26407e-06 1.13204e-06 2.26408e-06 -0.000621438 1.13205e-06 2.26409e-06 0.000624834 1.13203e-06 -0.000621438 0.000624834 2.26408e-06 -0.000621439 0.000624832 2.26408e-06 0.000624834 2.26407e-06 -0.000621425 0.000472085 
0.000498117 -0.000635903 -0.00063591 0.000639382 2.31681e-06 2.3168e-06 -0.00063591 2.3168e-06 1.15841e-06 2.31681e-06 -0.00063591 2.31681e-06 -0.00063591 0.000639387 2.3168e-06 1.15841e-06 2.31681e-06 -0.000635911 1.15841e-06 2.31681e-06 0.000639385 1.1584e-06 -0.00063591 0.000639386 2.31681e-06 -0.000635912 0.000639384 2.31681e-06 0.000639386 2.31679e-06 -0.000635897 0.000483066 
0.000509438 -0.000650376 -0.000650383 0.000653934 2.36954e-06 2.36953e-06 -0.000650383 2.36953e-06 1.18477e-06 2.36954e-06 -0.000650383 2.36954e-06 -0.000650383 0.00065394 2.36953e-06 1.18477e-06 2.36954e-06 -0.000650384 1.18478e-06 2.36954e-06 0.000653938 1.18476e-06 -0.000650383 0.000653938 2.36954e-06 -0.000650385 0.000653936 2.36954e-06 0.000653938 2.36952e-06 -0.000650369 0.000494046 
0.000520758 -0.00066485 -0.000664857 0.000668488 2.42227e-06 2.42226e-06 -0.000664858 2.42227e-06 1.21114e-06 2.42228e-06 -0.000664857 2.42227e-06 -0.000664858 0.000668493 2.42227e-06 1.21114e-06 2.42228e-06 -0.000664858 1.21114e-06 2.42228e-06 0.000668491 1.21113e-06 -0.000664857 0.000668492 2.42228e-06 -0.00066486 0.00066849 2.42228e-06 0.000668492 2.42226e-06 -0.000664843 0.000505022 
0.000532085 -0.000679325 -0.000679332 0.000683042 2.47501e-06 2.475e-06 -0.000679333 2.47501e-06 1.23751e-06 2.47502e-06 -0.000679333 2.47501e-06 -0.000679333 0.000683048 2.475e-06 1.23751e-06 2.47502e-06 -0.000679333 1.23751e-06 2.47502e-06 0.000683046 1.2375e-06 -0.000679333 0.000683047 2.47502e-06 -0.000679335 0.000683044 2.47501e-06 0.000683046 2.47499e-06 -0.000679318 0.000516003 
0.000543411 -0.000693801 -0.000693808 0.000697597 2.52775e-06 2.52774e-06 -0.000693809 2.52775e-06 1.26388e-06 2.52776e-06 -0.000693809 2.52775e-06 -0.00069381 0.000697603 2.52775e-06 1.26388e-06 2.52776e-06 -0.00069381 1.26388e-06 2.52776e-06 0.000697601 1.26387e-06 -0.000693809 0.000697602 2.52776e-06 -0.000693811 0.000697599 2.52775e-06 0.000697601 2.52773e-06 -0.000693794 0.000526987 
0.000554739 -0.000708277 -0.000708285 0.000712153 2.5805e-06 2.58049e-06 -0.000708286 2.58049e-06 1.29026e-06 2.5805e-06 -0.000708286 2.58049e-06 -0.000708287 0.00071216 2.58049e-06 1.29025e-06 2.5805e-06 -0.000708287 1.29026e-06 2.5805e-06 0.000712158 1.29024e-06 -0.000708286 0.000712159 2.5805e-06 -0.000708289 0.000712156 2.5805e-06 0.000712158 2.58048e-06 -0.00070827 0.000537964 
0.000566066 -0.000722755 -0.000722763 0.000726711 2.63324e-06 2.63323e-06 -0.000722764 2.63324e-06 1.31663e-06 2.63325e-06 -0.000722765 2.63324e-06 -0.000722766 0.000726717 2.63324e-06 1.31663e-06 2.63325e-06 -0.000722766 1.31663e-06 2.63325e-06 0.000726715 1.31661e-06 -0.000722764 0.000726716 2.63325e-06 -0.000722767 0.000726713 2.63325e-06 0.000726715 2.63322e-06 -0.000722748 0.000548945 
0.000577385 -0.000737234 -0.000737242 0.000741269 2.686e-06 2.68599e-06 -0.000737243 2.68599e-06 1.34301e-06 2.686e-06 -0.000737244 2.686e-06 -0.000737245 0.000741275 2.68599e-06 1.343e-06 2.686e-06 -0.000737245 1.34301e-06 2.686e-06 0.000741274 1.34299e-06 -0.000737243 0.000741275 2.686e-06 -0.000737246 0.000741271 2.686e-06 0.000741273 2.68598e-06 -0.000737227 0.000559924 
0.000588715 -0.000751714 -0.000751722 0.000755828 2.73875e-06 2.73874e-06 -0.000751723 2.73875e-06 1.36938e-06 2.73876e-06 -0.000751724 2.73875e-06 -0.000751726 0.000755835 2.73875e-06 1.36938e-06 2.73876e-06 -0.000751725 1.36939e-06 2.73876e-06 0.000755833 1.36937e-06 -0.000751723 0.000755834 2.73876e-06 -0.000751727 0.00075583 2.73876e-06 0.000755832 2.73873e-06 -0.000751706 0.000570907 
0.000600053 -0.000766195 -0.000766203 0.000770388 2.79151e-06 2.7915e-06 -0.000766204 2.79151e-06 1.39576e-06 2.79152e-06 -0.000766205 2.79151e-06 -0.000766207 0.000770395 2.7915e-06 1.39576e-06 2.79152e-06 -0.000766206 1.39577e-06 2.79152e-06 0.000770393 1.39575e-06 -0.000766205 0.000770394 2.79152e-06 -0.000766208 0.000770391 2.79151e-06 0.000770392 2.79149e-06 -0.000766186 0.000581886 
0.000611381 -0.000780677 -0.000780685 0.000784949 2.84427e-06 2.84426e-06 -0.000780686 2.84427e-06 1.42214e-06 2.84428e-06 -0.000780688 2.84427e-06 -0.000780689 0.000784956 2.84427e-06 1.42214e-06 2.84428e-06 -0.000780688 1.42215e-06 2.84428e-06 0.000784954 1.42213e-06 -0.000780687 0.000784955 2.84428e-06 -0.00078069 0.000784952 2.84428e-06 0.000784953 2.84425e-06 -0.000780667 0.000592869 
0.000622713 -0.000795159 -0.000795168 0.000799511 2.89704e-06 2.89703e-06 -0.000795169 2.89704e-06 1.44853e-06 2.89705e-06 -0.000795171 2.89704e-06 -0.000795172 0.000799518 2.89703e-06 1.44852e-06 2.89705e-06 -0.000795171 1.44853e-06 2.89705e-06 0.000799516 1.44851e-06 -0.00079517 0.000799518 2.89705e-06 -0.000795173 0.000799514 2.89704e-06 0.000799515 2.89701e-06 -0.000795149 0.000603851 
0.000634047 -0.000809643 -0.000809652 0.000814074 2.94981e-06 2.9498e-06 -0.000809652 2.9498e-06 1.47491e-06 2.94981e-06 -0.000809655 2.94981e-06 -0.000809655 0.000814081 2.9498e-06 1.47491e-06 2.94981e-06 -0.000809655 1.47492e-06 2.94982e-06 0.000814079 1.47489e-06 -0.000809654 0.000814081 2.94982e-06 -0.000809657 0.000814077 2.94981e-06 0.000814078 2.94978e-06 -0.000809632 0.000614834 
0.000645379 -0.000824127 -0.000824136 0.000828638 3.00258e-06 3.00257e-06 -0.000824137 3.00258e-06 1.5013e-06 3.00258e-06 -0.00082414 3.00258e-06 -0.00082414 0.000828645 3.00257e-06 1.5013e-06 3.00259e-06 -0.000824139 1.5013e-06 3.00259e-06 0.000828643 1.50128e-06 -0.000824138 0.000828645 3.00259e-06 -0.000824142 0.00082864 3.00258e-06 0.000828642 3.00255e-06 -0.000824116 0.000625818 
0.000656712 -0.000838612 -0.000838622 0.000843202 3.05535e-06 3.05535e-06 -0.000838623 3.05535e-06 1.52768e-06 3.05536e-06 -0.000838625 3.05536e-06 -0.000838626 0.00084321 3.05535e-06 1.52768e-06 3.05536e-06 -0.000838625 1.52769e-06 3.05536e-06 0.000843207 1.52767e-06 -0.000838624 0.00084321 3.05537e-06 -0.000838627 0.000843205 3.05535e-06 0.000843206 3.05532e-06 -0.0008386 0.000636804 
0.000668041 -0.000853098 -0.000853108 0.000857768 3.10813e-06 3.10813e-06 -0.000853109 3.10813e-06 1.55407e-06 3.10814e-06 -0.000853112 3.10814e-06 -0.000853112 0.000857775 3.10813e-06 1.55407e-06 3.10814e-06 -0.000853111 1.55408e-06 3.10814e-06 0.000857773 1.55406e-06 -0.00085311 0.000857776 3.10815e-06 -0.000853114 0.00085777 3.10813e-06 0.000857772 3.1081e-06 -0.000853085 0.000647792 
0.00067937 -0.000867585 -0.000867596 0.000872335 3.16091e-06 3.16091e-06 -0.000867596 3.16092e-06 1.58046e-06 3.16092e-06 -0.000867599 3.16092e-06 -0.0008676 0.000872342 3.16091e-06 1.58046e-06 3.16092e-06 -0.000867598 1.58047e-06 3.16093e-06 0.000872339 1.58045e-06 -0.000867597 0.000872342 3.16093e-06 -0.000867601 0.000872337 3.16091e-06 0.000872338 3.16088e-06 -0.000867572 0.000658778 
0.0006907 -0.000882073 -0.000882084 0.000886902 3.2137e-06 3.21369e-06 -0.000882085 3.2137e-06 1.60685e-06 3.2137e-06 -0.000882088 3.2137e-06 -0.000882088 0.00088691 3.21369e-06 1.60686e-06 3.21371e-06 -0.000882087 1.60687e-06 3.21371e-06 0.000886906 1.60684e-06 -0.000882086 0.00088691 3.21371e-06 -0.00088209 0.000886904 3.2137e-06 0.000886906 3.21367e-06 -0.000882059 0.000669769 
0.000702037 -0.000896562 -0.000896573 0.00090147 3.26649e-06 3.26648e-06 -0.000896574 3.26649e-06 1.63325e-06 3.26649e-06 -0.000896577 3.26649e-06 -0.000896578 0.000901479 3.26648e-06 1.63325e-06 3.2665e-06 -0.000896576 1.63326e-06 3.2665e-06 0.000901475 1.63323e-06 -0.000896575 0.000901478 3.2665e-06 -0.000896579 0.000901472 3.26649e-06 0.000901474 3.26645e-06 -0.000896547 0.00068076 
0.000713371 -0.000911052 -0.000911063 0.00091604 3.31928e-06 3.31927e-06 -0.000911064 3.31928e-06 1.65964e-06 3.31929e-06 -0.000911068 3.31929e-06 -0.000911068 0.000916048 3.31928e-06 1.65965e-06 3.31929e-06 -0.000911066 1.65966e-06 3.31929e-06 0.000916044 1.65963e-06 -0.000911065 0.000916047 3.31929e-06 -0.000911069 0.000916041 3.31928e-06 0.000916043 3.31924e-06 -0.000911036 0.000691754 
0.000724706 -0.000925542 -0.000925554 0.00093061 3.37208e-06 3.37207e-06 -0.000925555 3.37208e-06 1.68604e-06 3.37208e-06 -0.000925559 3.37208e-06 -0.000925559 0.000930619 3.37207e-06 1.68604e-06 3.37208e-06 -0.000925557 1.68605e-06 3.37209e-06 0.000930614 1.68603e-06 -0.000925556 0.000930617 3.37209e-06 -0.00092556 0.000930611 3.37207e-06 0.000930613 3.37204e-06 -0.000925525 0.000702745 
0.000736046 -0.000940034 -0.000940046 0.000945181 3.42487e-06 3.42487e-06 -0.000940047 3.42488e-06 1.71244e-06 3.42488e-06 -0.000940051 3.42488e-06 -0.000940052 0.00094519 3.42487e-06 1.71244e-06 3.42488e-06 -0.000940048 1.71245e-06 3.42489e-06 0.000945186 1.71243e-06 -0.000940048 0.000945188 3.42488e-06 -0.000940052 0.000945182 3.42487e-06 0.000945184 3.42483e-06 -0.000940015 0.000713734 
0.000747383 -0.000954526 -0.000954538 0.000959753 3.47768e-06 3.47767e-06 -0.000954539 3.47768e-06 1.73884e-06 3.47768e-06 -0.000954544 3.47768e-06 -0.000954545 0.000959762 3.47767e-06 1.73884e-06 3.47768e-06 -0.000954541 1.73885e-06 3.47769e-06 0.000959757 1.73883e-06 -0.00095454 0.00095976 3.47768e-06 -0.000954545 0.000959754 3.47767e-06 0.000959755 3.47763e-06 -0.000954506 0.000724723 
0.000758724 -0.000969019 -0.000969031 0.000974325 3.53048e-06 3.53047e-06 -0.000969032 3.53049e-06 1.76524e-06 3.53049e-06 -0.000969037 3.53049e-06 -0.000969039 0.000974335 3.53047e-06 1.76525e-06 3.53049e-06 -0.000969035 1.76526e-06 3.53049e-06 0.00097433 1.76523e-06 -0.000969034 0.000974333 3.53049e-06 -0.000969039 0.000974326 3.53047e-06 0.000974327 3.53043e-06 -0.000968998 0.000735718 
0.000770063 -0.000983513 -0.000983525 0.000988899 3.58329e-06 3.58328e-06 -0.000983527 3.58329e-06 1.79165e-06 3.5833e-06 -0.000983532 3.5833e-06 -0.000983533 0.000988909 3.58328e-06 1.79165e-06 3.5833e-06 -0.00098353 1.79166e-06 3.5833e-06 0.000988904 1.79163e-06 -0.000983528 0.000988906 3.58329e-06 -0.000983534 0.0009889 3.58328e-06 0.0009889 3.58324e-06 -0.000983491 0.000746709 
0.000781411 -0.000998007 -0.00099802 0.00100347 3.6361e-06 3.63609e-06 -0.000998022 3.63611e-06 1.81805e-06 3.63611e-06 -0.000998027 3.63611e-06 -0.000998028 0.00100348 3.63609e-06 1.81805e-06 3.63611e-06 -0.000998025 1.81807e-06 3.63611e-06 0.00100348 1.81804e-06 -0.000998023 0.00100348 3.6361e-06 -0.000998029 0.00100347 3.63609e-06 0.00100347 3.63605e-06 -0.000997985 0.000757706 
0.000792753 -0.0010125 -0.00101252 0.00101805 3.68892e-06 3.6889e-06 -0.00101252 3.68892e-06 1.84446e-06 3.68892e-06 -0.00101252 3.68892e-06 -0.00101252 0.00101806 3.6889e-06 1.84446e-06 3.68892e-06 -0.00101252 1.84447e-06 3.68892e-06 0.00101805 1.84444e-06 -0.00101252 0.00101806 3.68892e-06 -0.00101253 0.00101805 3.6889e-06 0.00101805 3.68886e-06 -0.00101248 0.000768699 
0.000804092 -0.001027 -0.00102701 0.00103262 3.74173e-06 3.74171e-06 -0.00102701 3.74173e-06 1.87087e-06 3.74174e-06 -0.00102702 3.74173e-06 -0.00102702 0.00103263 3.74172e-06 1.87087e-06 3.74174e-06 -0.00102702 1.87088e-06 3.74174e-06 0.00103263 1.87085e-06 -0.00102702 0.00103263 3.74173e-06 -0.00102702 0.00103262 3.74171e-06 0.00103262 3.74167e-06 -0.00102697 0.000779695 
0.000815437 -0.00104149 -0.00104151 0.0010472 3.79455e-06 3.79453e-06 -0.00104151 3.79455e-06 1.89728e-06 3.79456e-06 -0.00104152 3.79455e-06 -0.00104152 0.00104721 3.79454e-06 1.89728e-06 3.79455e-06 -0.00104151 1.89729e-06 3.79455e-06 0.00104721 1.89726e-06 -0.00104151 0.00104721 3.79455e-06 -0.00104152 0.0010472 3.79453e-06 0.0010472 3.79449e-06 -0.00104147 0.000790691 
0.000826785 -0.00105599 -0.00105601 0.00106178 3.84737e-06 3.84735e-06 -0.00105601 3.84738e-06 1.92369e-06 3.84738e-06 -0.00105601 3.84737e-06 -0.00105602 0.00106179 3.84736e-06 1.92369e-06 3.84737e-06 -0.00105601 1.9237e-06 3.84738e-06 0.00106178 1.92367e-06 -0.00105601 0.00106179 3.84737e-06 -0.00105602 0.00106178 3.84735e-06 0.00106178 3.84731e-06 -0.00105597 0.00080169 
0.000838129 -0.00107049 -0.00107051 0.00107636 3.9002e-06 3.90017e-06 -0.00107051 3.9002e-06 1.9501e-06 3.9002e-06 -0.00107051 3.90019e-06 -0.00107052 0.00107637 3.90018e-06 1.9501e-06 3.9002e-06 -0.00107051 1.95011e-06 3.9002e-06 0.00107636 1.95008e-06 -0.00107051 0.00107636 3.90019e-06 -0.00107052 0.00107635 3.90017e-06 0.00107636 3.90013e-06 -0.00107046 0.000812692 
0.000849474 -0.00108499 -0.00108501 0.00109094 3.95302e-06 3.953e-06 -0.00108501 3.95302e-06 1.97651e-06 3.95303e-06 -0.00108501 3.95302e-06 -0.00108501 0.00109095 3.95301e-06 1.97651e-06 3.95302e-06 -0.00108501 1.97653e-06 3.95303e-06 0.00109094 1.97649e-06 -0.00108501 0.00109094 3.95302e-06 -0.00108502 0.00109093 3.953e-06 0.00109093 3.95295e-06 -0.00108496 0.000823692 
0.000860817 -0.00109949 -0.00109951 0.00110551 4.00585e-06 4.00583e-06 -0.00109951 4.00585e-06 2.00293e-06 4.00585e-06 -0.00109951 4.00585e-06 -0.00109951 0.00110552 4.00583e-06 2.00293e-06 4.00585e-06 -0.00109951 2.00294e-06 4.00586e-06 0.00110552 2.0029e-06 -0.00109951 0.00110552 4.00585e-06 -0.00109951 0.00110551 4.00582e-06 0.00110551 4.00578e-06 -0.00109946 0.000834687 
0.000872161 -0.00111399 -0.00111401 0.00112009 4.05868e-06 4.05866e-06 -0.00111401 4.05868e-06 2.02934e-06 4.05868e-06 -0.00111401 4.05868e-06 -0.00111402 0.0011201 4.05866e-06 2.02934e-06 4.05868e-06 -0.00111401 2.02936e-06 4.05869e-06 0.0011201 2.02932e-06 -0.00111401 0.0011201 4.05868e-06 -0.00111402 0.00112009 4.05865e-06 0.00112009 4.05861e-06 -0.00111396 0.000845687 
0.000883508 -0.00112849 -0.00112851 0.00113468 4.11151e-06 4.11149e-06 -0.00112851 4.11151e-06 2.05576e-06 4.11151e-06 -0.00112851 4.11151e-06 -0.00112852 0.00113469 4.1115e-06 2.05576e-06 4.11151e-06 -0.00112851 2.05577e-06 4.11152e-06 0.00113468 2.05573e-06 -0.00112851 0.00113468 4.11151e-06 -0.00112852 0.00113467 4.11148e-06 0.00113467 4.11144e-06 -0.00112846 0.00085669 
0.000894848 -0.00114299 -0.00114301 0.00114926 4.16435e-06 4.16432e-06 -0.00114301 4.16435e-06 2.08218e-06 4.16435e-06 -0.00114302 4.16435e-06 -0.00114302 0.00114927 4.16433e-06 2.08218e-06 4.16435e-06 -0.00114302 2.08219e-06 4.16435e-06 0.00114926 2.08215e-06 -0.00114301 0.00114926 4.16434e-06 -0.00114302 0.00114925 4.16432e-06 0.00114925 4.16427e-06 -0.00114296 0.000867693 
0.000906193 -0.00115749 -0.00115751 0.00116384 4.21718e-06 4.21716e-06 -0.00115752 4.21718e-06 2.10859e-06 4.21718e-06 -0.00115752 4.21718e-06 -0.00115752 0.00116385 4.21717e-06 2.10859e-06 4.21718e-06 -0.00115752 2.10861e-06 4.21719e-06 0.00116384 2.10857e-06 -0.00115751 0.00116384 4.21718e-06 -0.00115752 0.00116383 4.21715e-06 0.00116383 4.2171e-06 -0.00115746 0.000878695 
0.000917539 -0.00117199 -0.00117201 0.00117842 4.27002e-06 4.27e-06 -0.00117202 4.27002e-06 2.13501e-06 4.27002e-06 -0.00117202 4.27002e-06 -0.00117202 0.00117843 4.27e-06 2.13501e-06 4.27002e-06 -0.00117202 2.13503e-06 4.27002e-06 0.00117842 2.13499e-06 -0.00117202 0.00117843 4.27001e-06 -0.00117202 0.00117841 4.26998e-06 0.00117841 4.26993e-06 -0.00117196 0.000889693 
0.00092889 -0.0011865 -0.00118652 0.001193 4.32286e-06 4.32283e-06 -0.00118652 4.32286e-06 2.16143e-06 4.32286e-06 -0.00118652 4.32286e-06 -0.00118653 0.00119301 4.32284e-06 2.16143e-06 4.32286e-06 -0.00118652 2.16145e-06 4.32286e-06 0.00119301 2.16141e-06 -0.00118652 0.00119301 4.32285e-06 -0.00118653 0.001193 4.32282e-06 0.001193 4.32277e-06 -0.00118646 0.000900691 
0.000940234 -0.001201 -0.00120102 0.00120758 4.3757e-06 4.37567e-06 -0.00120102 4.3757e-06 2.18785e-06 4.3757e-06 -0.00120103 4.3757e-06 -0.00120103 0.00120759 4.37568e-06 2.18785e-06 4.3757e-06 -0.00120103 2.18787e-06 4.3757e-06 0.00120759 2.18783e-06 -0.00120102 0.00120759 4.37569e-06 -0.00120103 0.00120758 4.37566e-06 0.00120758 4.3756e-06 -0.00120096 0.00091169 
0.000951581 -0.0012155 -0.00121552 0.00122217 4.42854e-06 4.42851e-06 -0.00121553 4.42854e-06 2.21427e-06 4.42854e-06 -0.00121553 4.42854e-06 -0.00121553 0.00122218 4.42852e-06 2.21427e-06 4.42854e-06 -0.00121553 2.21429e-06 4.42854e-06 0.00122217 2.21425e-06 -0.00121552 0.00122217 4.42853e-06 -0.00121553 0.00122216 4.4285e-06 0.00122216 4.42844e-06 -0.00121547 0.000922688 
0.000962922 -0.00123 -0.00123003 0.00123675 4.48138e-06 4.48136e-06 -0.00123003 4.48139e-06 2.24069e-06 4.48138e-06 -0.00123004 4.48138e-06 -0.00123004 0.00123676 4.48136e-06 2.24069e-06 4.48138e-06 -0.00123003 2.24071e-06 4.48138e-06 0.00123675 2.24067e-06 -0.00123003 0.00123676 4.48137e-06 -0.00123004 0.00123675 4.48134e-06 0.00123674 4.48128e-06 -0.00122997 0.000933696 
0.000974268 -0.00124451 -0.00124453 0.00125133 4.53422e-06 4.5342e-06 -0.00124454 4.53423e-06 2.26712e-06 4.53422e-06 -0.00124454 4.53423e-06 -0.00124454 0.00125134 4.5342e-06 2.26711e-06 4.53423e-06 -0.00124454 2.26713e-06 4.53423e-06 0.00125134 2.26709e-06 -0.00124453 0.00125134 4.53421e-06 -0.00124454 0.00125133 4.53418e-06 0.00125132 4.53412e-06 -0.00124447 0.000944694 
0.000985617 -0.00125901 -0.00125903 0.00126592 4.58707e-06 4.58704e-06 -0.00125904 4.58707e-06 2.29354e-06 4.58706e-06 -0.00125904 4.58707e-06 -0.00125904 0.00126593 4.58705e-06 2.29354e-06 4.58707e-06 -0.00125904 2.29355e-06 4.58707e-06 0.00126592 2.29351e-06 -0.00125904 0.00126592 4.58705e-06 -0.00125904 0.00126591 4.58703e-06 0.00126591 4.58696e-06 -0.00125897 0.000955689 
0.000996964 -0.00127351 -0.00127354 0.0012805 4.63991e-06 4.63988e-06 -0.00127354 4.63992e-06 2.31996e-06 4.63991e-06 -0.00127355 4.63991e-06 -0.00127355 0.00128051 4.63989e-06 2.31996e-06 4.63991e-06 -0.00127355 2.31997e-06 4.63991e-06 0.0012805 2.31993e-06 -0.00127354 0.0012805 4.6399e-06 -0.00127355 0.00128049 4.63987e-06 0.00128049 4.6398e-06 -0.00127348 0.00096669 
0.00100831 -0.00128802 -0.00128804 0.00129508 4.69275e-06 4.69273e-06 -0.00128805 4.69276e-06 2.34638e-06 4.69275e-06 -0.00128805 4.69276e-06 -0.00128805 0.00129509 4.69274e-06 2.34638e-06 4.69275e-06 -0.00128805 2.3464e-06 4.69275e-06 0.00129509 2.34635e-06 -0.00128804 0.00129509 4.69274e-06 -0.00128805 0.00129508 4.69271e-06 0.00129507 4.69264e-06 -0.00128798 0.00097769 
0.00101965 -0.00130252 -0.00130254 0.00130967 4.7456e-06 4.74557e-06 -0.00130255 4.7456e-06 2.3728e-06 4.74559e-06 -0.00130256 4.7456e-06 -0.00130256 0.00130968 4.74558e-06 2.3728e-06 4.7456e-06 -0.00130256 2.37282e-06 4.74559e-06 0.00130967 2.37277e-06 -0.00130255 0.00130967 4.74558e-06 -0.00130256 0.00130966 4.74555e-06 0.00130966 4.74548e-06 -0.00130248 0.000988686 
0.001031 -0.00131702 -0.00131705 0.00132425 4.79844e-06 4.79841e-06 -0.00131706 4.79844e-06 2.39922e-06 4.79844e-06 -0.00131706 4.79844e-06 -0.00131706 0.00132426 4.79842e-06 2.39922e-06 4.79844e-06 -0.00131706 2.39924e-06 4.79844e-06 0.00132425 2.39919e-06 -0.00131705 0.00132425 4.79842e-06 -0.00131706 0.00132424 4.79839e-06 0.00132424 4.79832e-06 -0.00131698 0.000999688 
0.00104235 -0.00133153 -0.00133155 0.00133883 4.85128e-06 4.85125e-06 -0.00133156 4.85129e-06 2.42564e-06 4.85128e-06 -0.00133156 4.85128e-06 -0.00133156 0.00133884 4.85126e-06 2.42564e-06 4.85128e-06 -0.00133156 2.42566e-06 4.85128e-06 0.00133884 2.42561e-06 -0.00133155 0.00133884 4.85126e-06 -0.00133156 0.00133883 4.85123e-06 0.00133882 4.85116e-06 -0.00133149 0.00101069 
0.0010537 -0.00134603 -0.00134605 0.00135341 4.90412e-06 4.9041e-06 -0.00134606 4.90413e-06 2.45206e-06 4.90412e-06 -0.00134607 4.90412e-06 -0.00134607 0.00135343 4.90411e-06 2.45206e-06 4.90412e-06 -0.00134607 2.45208e-06 4.90412e-06 0.00135342 2.45203e-06 -0.00134606 0.00135342 4.9041e-06 -0.00134607 0.00135341 4.90407e-06 0.0013534 4.904e-06 -0.00134599 0.00102169 
0.00106504 -0.00136053 -0.00136056 0.001368 4.95696e-06 4.95694e-06 -0.00136057 4.95697e-06 2.47848e-06 4.95696e-06 -0.00136057 4.95696e-06 -0.00136057 0.00136801 4.95695e-06 2.47849e-06 4.95696e-06 -0.00136057 2.4785e-06 4.95695e-06 0.001368 2.47845e-06 -0.00136056 0.001368 4.95694e-06 -0.00136057 0.00136799 4.95691e-06 0.00136799 4.95683e-06 -0.00136049 0.0010327 
0.00107639 -0.00137504 -0.00137506 0.00138258 5.0098e-06 5.00978e-06 -0.00137507 5.0098e-06 2.5049e-06 5.0098e-06 -0.00137507 5.0098e-06 -0.00137507 0.00138259 5.00978e-06 2.5049e-06 5.0098e-06 -0.00137507 2.50492e-06 5.00979e-06 0.00138258 2.50487e-06 -0.00137506 0.00138258 5.00978e-06 -0.00137507 0.00138257 5.00975e-06 0.00138257 5.00967e-06 -0.00137499 0.0010437 
0.00108773 -0.00138954 -0.00138956 0.00139716 5.06263e-06 5.06261e-06 -0.00138957 5.06264e-06 2.53132e-06 5.06264e-06 -0.00138958 5.06263e-06 -0.00138958 0.00139718 5.06262e-06 2.53132e-06 5.06264e-06 -0.00138958 2.53134e-06 5.06263e-06 0.00139716 2.53129e-06 -0.00138957 0.00139717 5.06262e-06 -0.00138958 0.00139716 5.06259e-06 0.00139715 5.0625e-06 -0.00138949 0.00105469 
0.00109908 -0.00140404 -0.00140406 0.00141174 5.11547e-06 5.11545e-06 -0.00140407 5.11548e-06 2.55774e-06 5.11548e-06 -0.00140408 5.11547e-06 -0.00140408 0.00141176 5.11546e-06 2.55774e-06 5.11548e-06 -0.00140408 2.55776e-06 5.11547e-06 0.00141175 2.55771e-06 -0.00140407 0.00141175 5.11545e-06 -0.00140408 0.00141174 5.11543e-06 0.00141173 5.11534e-06 -0.00140399 0.0010657 
0.00111043 -0.00141854 -0.00141857 0.00142632 5.1683e-06 5.16829e-06 -0.00141858 5.16831e-06 2.58416e-06 5.16831e-06 -0.00141858 5.16831e-06 -0.00141858 0.00142634 5.16829e-06 2.58416e-06 5.16831e-06 -0.00141858 2.58418e-06 5.1683e-06 0.00142633 2.58412e-06 -0.00141857 0.00142633 5.16829e-06 -0.00141858 0.00142632 5.16826e-06 0.00142631 5.16817e-06 -0.00141849 0.0010767 
0.00112178 -0.00143304 -0.00143307 0.0014409 5.22114e-06 5.22112e-06 -0.00143308 5.22115e-06 2.61057e-06 5.22114e-06 -0.00143308 5.22114e-06 -0.00143308 0.00144092 5.22113e-06 2.61058e-06 5.22115e-06 -0.00143308 2.6106e-06 5.22114e-06 0.00144091 2.61054e-06 -0.00143307 0.00144091 5.22112e-06 -0.00143308 0.0014409 5.22109e-06 0.00144089 5.221e-06 -0.00143299 0.0010877 
0.00113373 -0.00144754 -0.00144757 0.00145548 5.27397e-06 5.27395e-06 -0.00144758 5.27398e-06 2.63699e-06 5.27398e-06 -0.00144758 5.27397e-06 -0.00144758 0.0014555 5.27396e-06 2.63699e-06 5.27398e-06 -0.00144759 2.63701e-06 5.27397e-06 0.00145549 2.63695e-06 -0.00144757 0.00145549 5.27395e-06 -0.00144758 0.00145548 5.27393e-06 0.00145547 5.27383e-06 -0.00144749 0.00109933 
