0 0 0 0 0 0 0 0 0 0 0 0 0 0 0 0 0 0 0 0 0 0 0 0 0 0 0 0 0 0 0 0 
-0.00244542 -0.00600516 -0.00601839 -0.00601962 -0.00601839 -0.00601839 -0.00600516 -0.00601839 -0.00603285 -0.00601839 -0.00601839 -0.00600515 -0.00601839 -0.00603285 -0.00601839 -0.00603285 -0.00600515 -0.00601839 -0.00603285 -0.00601839 -0.00603285 -0.00601962 -0.00600515 -0.00603285 -0.00601839 -0.00601839 -0.00603285 -0.00600515 -0.00676375 -0.00784915 -0.00601839 -0.00253049 
-0.00474174 -0.0116632 -0.0116897 -0.0116921 -0.0116897 -0.0116897 -0.0116632 -0.0116897 -0.0117186 -0.0116897 -0.0116897 -0.0116632 -0.0116897 -0.0117186 -0.0116897 -0.0117186 -0.0116632 -0.0116897 -0.0117186 -0.0116897 -0.0117186 -0.0116921 -0.0116632 -0.0117186 -0.0116897 -0.0116897 -0.0117186 -0.0116632 -0.0132219 -0.0154139 -0.0116897 -0.00492315 
-0.00703539 -0.0173187 -0.0173585 -0.0173621 -0.0173585 -0.0173584 -0.0173187 -0.0173584 -0.0174018 -0.0173584 -0.0173584 -0.0173187 -0.0173584 -0.0174018 -0.0173584 -0.0174018 -0.0173187 -0.0173584 -0.0174018 -0.0173584 -0.0174018 -0.0173621 -0.0173187 -0.0174018 -0.0173584 -0.0173584 -0.0174018 -0.0173187 -0.0197082 -0.023055 -0.0173584 -0.0073164 
-0.00933022 -0.0229722 -0.0230252 -0.0230301 -0.0230252 -0.0230251 -0.0229722 -0.0230252 -0.023083 -0.0230252 -0.0230252 -0.0229722 -0.0230252 -0.023083 -0.0230251 -0.023083 -0.0229722 -0.0230251 -0.023083 -0.0230251 -0.023083 -0.0230301 -0.0229722 -0.023083 -0.0230251 -0.0230251 -0.023083 -0.0229722 -0.0262308 -0.0307802 -0.0230251 -0.00970677 
-0.0116246 -0.0286263 -0.0286925 -0.0286987 -0.0286926 -0.0286925 -0.0286263 -0.0286925 -0.0287648 -0.0286925 -0.0286925 -0.0286263 -0.0286925 -0.0287648 -0.0286925 -0.0287648 -0.0286263 -0.0286925 -0.0287648 -0.0286925 -0.0287648 -0.0286986 -0.0286263 -0.0287648 -0.0286925 -0.0286925 -0.0287648 -0.0286263 -0.0328025 -0.0386101 -0.0286924 -0.0120981 
-0.0139191 -0.0342812 -0.0343606 -0.034368 -0.0343606 -0.0343606 -0.0342812 -0.0343606 -0.0344474 -0.0343606 -0.0343606 -0.0342812 -0.0343606 -0.0344474 -0.0343606 -0.0344474 -0.0342812 -0.0343606 -0.0344473 -0.0343606 -0.0344473 -0.0343679 -0.0342812 -0.0344473 -0.0343605 -0.0343605 -0.0344473 -0.0342811 -0.0394292 -0.0465538 -0.0343605 -0.01449 
-0.0162138 -0.0399353 -0.040028 -0.0400366 -0.040028 -0.0400279 -0.0399354 -0.040028 -0.0401292 -0.040028 -0.040028 -0.0399353 -0.040028 -0.0401292 -0.0400279 -0.0401292 -0.0399353 -0.0400279 -0.0401292 -0.040028 -0.0401292 -0.0400365 -0.0399353 -0.0401291 -0.0400279 -0.0400279 -0.0401291 -0.0399352 -0.0461069 -0.0546106 -0.0400278 -0.016881 
-0.0185089 -0.0455902 -0.0456962 -0.045706 -0.0456962 -0.0456961 -0.0455903 -0.0456961 -0.0458118 -0.0456961 -0.0456961 -0.0455902 -0.0456961 -0.0458118 -0.0456961 -0.0458118 -0.0455902 -0.0456961 -0.0458118 -0.0456961 -0.0458117 -0.0457059 -0.0455902 -0.0458117 -0.045696 -0.0456961 -0.0458117 -0.0455901 -0.0528378 -0.0627842 -0.0456959 -0.0192723 
-0.0208048 -0.0512448 -0.0513639 -0.051375 -0.051364 -0.0513638 -0.0512448 -0.0513639 -0.0514941 -0.0513639 -0.0513639 -0.0512448 -0.0513639 -0.0514941 -0.0513638 -0.0514941 -0.0512447 -0.0513638 -0.051494 -0.0513638 -0.0514939 -0.0513749 -0.0512447 -0.0514939 -0.0513638 -0.0513638 -0.0514939 -0.0512446 -0.059622 -0.0710581 -0.0513637 -0.0216625 
-0.0231 -0.0568986 -0.0570311 -0.0570433 -0.0570311 -0.0570309 -0.0568987 -0.057031 -0.0571756 -0.057031 -0.057031 -0.0568986 -0.057031 -0.0571756 -0.0570309 -0.0571757 -0.0568986 -0.0570309 -0.0571756 -0.0570309 -0.0571755 -0.0570432 -0.0568986 -0.0571755 -0.0570309 -0.0570309 -0.0571754 -0.0568984 -0.0664523 -0.0794303 -0.0570307 -0.0240528 
-0.0253966 -0.0625538 -0.0626995 -0.062713 -0.0626996 -0.0626994 -0.0625539 -0.0626995 -0.0628585 -0.0626994 -0.0626995 -0.0625539 -0.0626994 -0.0628586 -0.0626994 -0.0628586 -0.0625538 -0.0626993 -0.0628585 -0.0626994 -0.0628584 -0.0627128 -0.0625538 -0.0628584 -0.0626993 -0.0626993 -0.0628583 -0.0625536 -0.0733313 -0.0878951 -0.0626991 -0.0264429 
-0.0276927 -0.0682108 -0.0683697 -0.0683844 -0.0683697 -0.0683695 -0.0682108 -0.0683696 -0.0685432 -0.0683696 -0.0683697 -0.0682108 -0.0683696 -0.0685432 -0.0683695 -0.0685433 -0.0682108 -0.0683695 -0.0685432 -0.0683695 -0.068543 -0.0683842 -0.0682107 -0.0685431 -0.0683695 -0.0683695 -0.0685429 -0.0682105 -0.0802555 -0.096465 -0.0683692 -0.0288349 
-0.0299897 -0.0738676 -0.0740398 -0.0740557 -0.0740399 -0.0740396 -0.0738677 -0.0740397 -0.0742277 -0.0740397 -0.0740398 -0.0738677 -0.0740397 -0.0742278 -0.0740396 -0.0742279 -0.0738677 -0.0740396 -0.0742277 -0.0740396 -0.0742276 -0.0740555 -0.0738676 -0.0742276 -0.0740396 -0.0740396 -0.0742275 -0.0738673 -0.0872306 -0.105138 -0.0740393 -0.0312259 
-0.0322859 -0.0795241 -0.0797095 -0.0797266 -0.0797096 -0.0797093 -0.0795242 -0.0797094 -0.0799118 -0.0797094 -0.0797095 -0.0795241 -0.0797093 -0.0799119 -0.0797093 -0.079912 -0.0795241 -0.0797093 -0.0799119 -0.0797093 -0.0799117 -0.0797264 -0.079524 -0.0799118 -0.0797092 -0.0797093 -0.0799116 -0.0795237 -0.0942533 -0.113922 -0.0797089 -0.0336173 
-0.0345814 -0.0851811 -0.0853797 -0.085398 -0.0853798 -0.0853796 -0.0851812 -0.0853796 -0.0855965 -0.0853797 -0.0853797 -0.0851812 -0.0853796 -0.0855966 -0.0853796 -0.0855968 -0.0851811 -0.0853795 -0.0855966 -0.0853796 -0.0855965 -0.0853978 -0.085181 -0.0855965 -0.0853795 -0.0853795 -0.0855962 -0.0851807 -0.101318 -0.122807 -0.085379 -0.03601 
-0.0368772 -0.0908375 -0.0910495 -0.091069 -0.0910496 -0.0910494 -0.0908377 -0.0910494 -0.0912807 -0.0910494 -0.0910495 -0.0908377 -0.0910493 -0.0912809 -0.0910493 -0.091281 -0.0908376 -0.0910492 -0.0912808 -0.0910493 -0.0912807 -0.0910687 -0.0908375 -0.0912807 -0.0910492 -0.0910492 -0.0912804 -0.0908372 -0.108422 -0.131778 -0.0910487 -0.0384019 
-0.0391741 -0.0964962 -0.0967214 -0.0967421 -0.0967216 -0.0967213 -0.0964964 -0.0967213 -0.0969671 -0.0967213 -0.0967214 -0.0964963 -0.0967212 -0.0969672 -0.0967212 -0.0969674 -0.0964963 -0.0967211 -0.0969672 -0.0967213 -0.0969671 -0.0967418 -0.0964962 -0.0969671 -0.0967211 -0.0967211 -0.0969668 -0.0964959 -0.11557 -0.140837 -0.0967205 -0.0407946 
-0.0414704 -0.102153 -0.102392 -0.102414 -0.102392 -0.102392 -0.102154 -0.102392 -0.102652 -0.102392 -0.102392 -0.102154 -0.102392 -0.102652 -0.102392 -0.102652 -0.102154 -0.102392 -0.102652 -0.102392 -0.102652 -0.102414 -0.102154 -0.102652 -0.102392 -0.102392 -0.102652 -0.102153 -0.12275 -0.149977 -0.102391 -0.0431867 
-0.0437675 -0.107815 -0.108066 -0.10809 -0.108067 -0.108066 -0.107815 -0.108066 -0.108341 -0.108066 -0.108066 -0.107815 -0.108066 -0.108341 -0.108066 -0.108341 -0.107815 -0.108066 -0.108341 -0.108066 -0.108341 -0.108089 -0.107815 -0.108341 -0.108066 -0.108066 -0.108341 -0.107814 -0.129975 -0.159206 -0.108065 -0.0455813 
-0.0460641 -0.113473 -0.113738 -0.113763 -0.113739 -0.113738 -0.113474 -0.113738 -0.114028 -0.113738 -0.113738 -0.113474 -0.113738 -0.114028 -0.113738 -0.114028 -0.113474 -0.113738 -0.114028 -0.113738 -0.114028 -0.113762 -0.113474 -0.114028 -0.113738 -0.113738 -0.114027 -0.113473 -0.137671 -0.168797 -0.113737 -0.0479743 
-0.0483616 -0.119132 -0.11941 -0.119436 -0.11941 -0.11941 -0.119132 -0.11941 -0.119714 -0.11941 -0.11941 -0.119132 -0.11941 -0.119714 -0.11941 -0.119714 -0.119132 -0.11941 -0.119714 -0.11941 -0.119714 -0.119435 -0.119132 -0.119714 -0.11941 -0.11941 -0.119714 -0.119132 -0.145413 -0.178647 -0.119409 -0.0503663 
-0.0506588 -0.124792 -0.125084 -0.125111 -0.125084 -0.125084 -0.124793 -0.125084 -0.125402 -0.125084 -0.125084 -0.124793 -0.125084 -0.125402 -0.125084 -0.125402 -0.124793 -0.125084 -0.125402 -0.125084 -0.125402 -0.12511 -0.124792 -0.125402 -0.125084 -0.125084 -0.125402 -0.124792 -0.153196 -0.188569 -0.125082 -0.0527601 
-0.0529569 -0.130454 -0.130759 -0.130787 -0.130759 -0.130759 -0.130455 -0.130759 -0.131092 -0.130759 -0.130759 -0.130455 -0.130759 -0.131092 -0.130759 -0.131092 -0.130455 -0.130759 -0.131092 -0.130759 -0.131092 -0.130787 -0.130454 -0.131092 -0.130759 -0.130759 -0.131091 -0.130454 -0.161005 -0.198558 -0.130757 -0.0551543 
-0.0552557 -0.136116 -0.136434 -0.136463 -0.136434 -0.136434 -0.136116 -0.136434 -0.136781 -0.136434 -0.136434 -0.136116 -0.136434 -0.136781 -0.136434 -0.136782 -0.136116 -0.136434 -0.136781 -0.136434 -0.136781 -0.136463 -0.136116 -0.136781 -0.136434 -0.136434 -0.136781 -0.136116 -0.168841 -0.208603 -0.136432 -0.0575476 
-0.0575542 -0.141778 -0.142109 -0.142139 -0.142109 -0.142109 -0.141778 -0.142109 -0.142471 -0.142109 -0.142109 -0.141778 -0.142109 -0.14247 -0.142109 -0.142471 -0.141778 -0.142109 -0.142471 -0.142109 -0.14247 -0.142139 -0.141778 -0.142471 -0.142109 -0.142109 -0.14247 -0.141777 -0.176694 -0.218694 -0.142107 -0.0599411 
-0.0598514 -0.147437 -0.147782 -0.147814 -0.147782 -0.147782 -0.147438 -0.147782 -0.148158 -0.147782 -0.147782 -0.147438 -0.147782 -0.148158 -0.147782 -0.148159 -0.147438 -0.147782 -0.148159 -0.147782 -0.148158 -0.147813 -0.147438 -0.148158 -0.147782 -0.147782 -0.148158 -0.147437 -0.184571 -0.228828 -0.14778 -0.0623347 
-0.0621502 -0.153099 -0.153457 -0.15349 -0.153457 -0.153457 -0.1531 -0.153457 -0.153848 -0.153457 -0.153457 -0.1531 -0.153457 -0.153848 -0.153457 -0.153848 -0.1531 -0.153457 -0.153848 -0.153457 -0.153848 -0.153489 -0.1531 -0.153848 -0.153457 -0.153457 -0.153847 -0.153099 -0.19247 -0.239004 -0.153455 -0.0647279 
-0.0644496 -0.158762 -0.159134 -0.159168 -0.159134 -0.159133 -0.158763 -0.159133 -0.159539 -0.159134 -0.159134 -0.158763 -0.159134 -0.159539 -0.159134 -0.159539 -0.158763 -0.159133 -0.159539 -0.159134 -0.159539 -0.159167 -0.158763 -0.159539 -0.159134 -0.159134 -0.159538 -0.158762 -0.200394 -0.249216 -0.159131 -0.067122 
-0.0667492 -0.164424 -0.164809 -0.164843 -0.164809 -0.164808 -0.164424 -0.164808 -0.165228 -0.164808 -0.164808 -0.164424 -0.164808 -0.165228 -0.164808 -0.165228 -0.164424 -0.164808 -0.165228 -0.164808 -0.165228 -0.164843 -0.164424 -0.165228 -0.164808 -0.164809 -0.165227 -0.164424 -0.208336 -0.259459 -0.164806 -0.0695142 
-0.0690486 -0.170086 -0.170485 -0.170521 -0.170485 -0.170484 -0.170087 -0.170484 -0.170919 -0.170485 -0.170485 -0.170087 -0.170484 -0.170919 -0.170485 -0.170919 -0.170087 -0.170484 -0.170919 -0.170484 -0.170918 -0.170521 -0.170087 -0.170919 -0.170485 -0.170485 -0.170918 -0.170087 -0.2163 -0.269753 -0.170482 -0.0719081 
-0.071347 -0.175749 -0.176161 -0.176198 -0.17616 -0.17616 -0.17575 -0.17616 -0.176609 -0.17616 -0.17616 -0.17575 -0.17616 -0.176609 -0.17616 -0.176609 -0.17575 -0.17616 -0.17661 -0.17616 -0.176609 -0.176198 -0.17575 -0.176609 -0.17616 -0.176161 -0.176608 -0.175749 -0.224275 -0.280094 -0.176158 -0.0743025 
-0.0736453 -0.181412 -0.181837 -0.181876 -0.181837 -0.181837 -0.181413 -0.181837 -0.1823 -0.181837 -0.181837 -0.181413 -0.181837 -0.1823 -0.181837 -0.182301 -0.181413 -0.181837 -0.182301 -0.181837 -0.1823 -0.181876 -0.181414 -0.1823 -0.181837 -0.181838 -0.1823 -0.181413 -0.232266 -0.290498 -0.181834 -0.076698 
-0.0759442 -0.187075 -0.187513 -0.187553 -0.187513 -0.187513 -0.187076 -0.187513 -0.187991 -0.187513 -0.187513 -0.187076 -0.187513 -0.187991 -0.187513 -0.187991 -0.187076 -0.187513 -0.187991 -0.187513 -0.18799 -0.187553 -0.187076 -0.187991 -0.187513 -0.187513 -0.18799 -0.187076 -0.240274 -0.300947 -0.18751 -0.079092 
-0.0782429 -0.192738 -0.19319 -0.193231 -0.19319 -0.19319 -0.192739 -0.193189 -0.193682 -0.19319 -0.19319 -0.192739 -0.19319 -0.193682 -0.19319 -0.193682 -0.19274 -0.19319 -0.193683 -0.19319 -0.193682 -0.193231 -0.19274 -0.193682 -0.19319 -0.19319 -0.193681 -0.192739 -0.2483 -0.311451 -0.193187 -0.0814869 
-0.0805447 -0.198403 -0.198868 -0.19891 -0.198868 -0.198868 -0.198404 -0.198868 -0.199374 -0.198868 -0.198868 -0.198404 -0.198868 -0.199375 -0.198868 -0.199375 -0.198404 -0.198868 -0.199375 -0.198868 -0.199374 -0.19891 -0.198405 -0.199375 -0.198868 -0.198868 -0.199374 -0.198404 -0.256344 -0.321995 -0.198865 -0.0838799 
-0.0828436 -0.204067 -0.204545 -0.204588 -0.204545 -0.204545 -0.204068 -0.204544 -0.205066 -0.204545 -0.204545 -0.204068 -0.204545 -0.205066 -0.204545 -0.205066 -0.204068 -0.204545 -0.205067 -0.204545 -0.205066 -0.204588 -0.204068 -0.205066 -0.204545 -0.204545 -0.205065 -0.204068 -0.2644 -0.332583 -0.204541 -0.0862748 
-0.0851418 -0.209731 -0.210222 -0.210267 -0.210222 -0.210222 -0.209732 -0.210222 -0.210758 -0.210222 -0.210222 -0.209732 -0.210222 -0.210758 -0.210222 -0.210758 -0.209732 -0.210222 -0.210759 -0.210223 -0.210758 -0.210267 -0.209732 -0.210758 -0.210223 -0.210223 -0.210757 -0.209732 -0.272477 -0.343196 -0.210219 -0.0886709 
-0.0874417 -0.215396 -0.215901 -0.215947 -0.215901 -0.215901 -0.215398 -0.2159 -0.216451 -0.215901 -0.215901 -0.215397 -0.215901 -0.216451 -0.215901 -0.216451 -0.215398 -0.215901 -0.216452 -0.215901 -0.216451 -0.215946 -0.215398 -0.216451 -0.215901 -0.215901 -0.21645 -0.215398 -0.280564 -0.353826 -0.215897 -0.0910661 
-0.0897417 -0.22106 -0.221579 -0.221626 -0.221579 -0.221578 -0.221062 -0.221578 -0.222143 -0.221579 -0.221579 -0.221062 -0.221579 -0.222144 -0.221578 -0.222144 -0.221062 -0.221579 -0.222144 -0.221579 -0.222144 -0.221626 -0.221062 -0.222144 -0.221579 -0.221579 -0.222143 -0.221062 -0.288649 -0.364464 -0.221575 -0.0934607 
-0.092041 -0.226724 -0.227256 -0.227305 -0.227257 -0.227256 -0.226727 -0.227256 -0.227836 -0.227257 -0.227256 -0.226727 -0.227257 -0.227836 -0.227256 -0.227836 -0.226727 -0.227257 -0.227836 -0.227257 -0.227836 -0.227304 -0.226727 -0.227836 -0.227257 -0.227257 -0.227835 -0.226727 -0.296745 -0.375111 -0.227252 -0.0958558 
-0.0943418 -0.232391 -0.232936 -0.232986 -0.232936 -0.232936 -0.232393 -0.232936 -0.23353 -0.232937 -0.232936 -0.232393 -0.232936 -0.23353 -0.232936 -0.23353 -0.232393 -0.232937 -0.233531 -0.232937 -0.23353 -0.232985 -0.232393 -0.23353 -0.232937 -0.232937 -0.233529 -0.232393 -0.304855 -0.385761 -0.232932 -0.0982513 
-0.0966423 -0.238058 -0.238617 -0.238668 -0.238617 -0.238616 -0.238061 -0.238616 -0.239225 -0.238617 -0.238617 -0.238061 -0.238617 -0.239226 -0.238617 -0.239225 -0.238061 -0.238617 -0.239226 -0.238617 -0.239225 -0.238667 -0.238061 -0.239225 -0.238617 -0.238618 -0.239225 -0.238061 -0.312965 -0.39642 -0.238612 -0.100648 
-0.0989439 -0.243727 -0.244299 -0.244351 -0.244299 -0.244298 -0.243729 -0.244298 -0.244922 -0.244299 -0.244299 -0.243729 -0.244299 -0.244922 -0.244298 -0.244922 -0.243729 -0.244299 -0.244923 -0.244299 -0.244922 -0.24435 -0.243729 -0.244922 -0.2443 -0.2443 -0.244921 -0.243729 -0.321081 -0.407073 -0.244294 -0.103044 
-0.101246 -0.249395 -0.24998 -0.250034 -0.249981 -0.24998 -0.249398 -0.24998 -0.250618 -0.249981 -0.24998 -0.249398 -0.249981 -0.250618 -0.24998 -0.250618 -0.249398 -0.249981 -0.250619 -0.249981 -0.250618 -0.250033 -0.249398 -0.250618 -0.249981 -0.249981 -0.250617 -0.249398 -0.329195 -0.417723 -0.249975 -0.10544 
-0.103547 -0.255063 -0.255662 -0.255716 -0.255662 -0.255661 -0.255066 -0.255662 -0.256314 -0.255663 -0.255662 -0.255066 -0.255662 -0.256314 -0.255662 -0.256314 -0.255066 -0.255662 -0.256315 -0.255663 -0.256314 -0.255716 -0.255066 -0.256314 -0.255663 -0.255663 -0.256313 -0.255066 -0.337312 -0.42836 -0.255657 -0.107836 
-0.105848 -0.26073 -0.261342 -0.261397 -0.261342 -0.261341 -0.260733 -0.261342 -0.262009 -0.261343 -0.261342 -0.260733 -0.261342 -0.262009 -0.261342 -0.262009 -0.260733 -0.261342 -0.26201 -0.261343 -0.262008 -0.261397 -0.260733 -0.262009 -0.261343 -0.261343 -0.262008 -0.260733 -0.345422 -0.439 -0.261336 -0.110232 
-0.10815 -0.266399 -0.267025 -0.267082 -0.267026 -0.267025 -0.266403 -0.267025 -0.267707 -0.267026 -0.267025 -0.266403 -0.267026 -0.267707 -0.267025 -0.267706 -0.266403 -0.267026 -0.267707 -0.267026 -0.267706 -0.267082 -0.266403 -0.267706 -0.267026 -0.267026 -0.267705 -0.266403 -0.353544 -0.449646 -0.26702 -0.112629 
-0.110452 -0.27207 -0.272709 -0.272767 -0.27271 -0.272709 -0.272074 -0.272709 -0.273405 -0.27271 -0.27271 -0.272073 -0.27271 -0.273406 -0.272709 -0.273405 -0.272074 -0.27271 -0.273406 -0.27271 -0.273405 -0.272767 -0.272073 -0.273405 -0.272711 -0.272711 -0.273404 -0.272074 -0.361668 -0.460301 -0.272704 -0.115026 
-0.112753 -0.277739 -0.278391 -0.278451 -0.278392 -0.278391 -0.277742 -0.278392 -0.279102 -0.278393 -0.278392 -0.277742 -0.278392 -0.279103 -0.278391 -0.279102 -0.277743 -0.278392 -0.279103 -0.278392 -0.279102 -0.278451 -0.277742 -0.279102 -0.278393 -0.278393 -0.279101 -0.277743 -0.369793 -0.470979 -0.278386 -0.117424 
-0.115054 -0.283409 -0.284075 -0.284135 -0.284076 -0.284074 -0.283413 -0.284075 -0.2848 -0.284076 -0.284075 -0.283413 -0.284076 -0.2848 -0.284075 -0.2848 -0.283413 -0.284076 -0.284801 -0.284076 -0.2848 -0.284135 -0.283412 -0.2848 -0.284076 -0.284076 -0.284799 -0.283413 -0.377923 -0.481672 -0.284069 -0.119822 
-0.117356 -0.289076 -0.289756 -0.289817 -0.289756 -0.289755 -0.28908 -0.289756 -0.290495 -0.289757 -0.289756 -0.28908 -0.289757 -0.290496 -0.289756 -0.290495 -0.289081 -0.289757 -0.290496 -0.289757 -0.290495 -0.289817 -0.28908 -0.290495 -0.289757 -0.289757 -0.290494 -0.28908 -0.386061 -0.492372 -0.289749 -0.122217 
-0.119658 -0.294748 -0.29544 -0.295503 -0.295441 -0.29544 -0.294751 -0.29544 -0.296195 -0.295442 -0.295441 -0.294751 -0.295441 -0.296195 -0.29544 -0.296194 -0.294752 -0.295441 -0.296196 -0.295441 -0.296194 -0.295503 -0.294751 -0.296195 -0.295442 -0.295442 -0.296193 -0.294752 -0.394201 -0.503079 -0.295434 -0.124615 
-0.121959 -0.30042 -0.301126 -0.30119 -0.301127 -0.301126 -0.300424 -0.301126 -0.301895 -0.301128 -0.301127 -0.300424 -0.301127 -0.301895 -0.301126 -0.301895 -0.300425 -0.301127 -0.301896 -0.301127 -0.301895 -0.30119 -0.300424 -0.301895 -0.301128 -0.301128 -0.301894 -0.300424 -0.402341 -0.513783 -0.301119 -0.127016 
-0.124261 -0.306091 -0.30681 -0.306875 -0.306811 -0.30681 -0.306094 -0.30681 -0.307593 -0.306811 -0.306811 -0.306095 -0.306811 -0.307594 -0.30681 -0.307593 -0.306095 -0.306811 -0.307595 -0.306811 -0.307593 -0.306875 -0.306095 -0.307593 -0.306811 -0.306812 -0.307592 -0.306095 -0.410475 -0.524463 -0.306803 -0.129413 
-0.126563 -0.311762 -0.312495 -0.312561 -0.312495 -0.312494 -0.311766 -0.312495 -0.313292 -0.312496 -0.312496 -0.311766 -0.312496 -0.313293 -0.312495 -0.313293 -0.311767 -0.312496 -0.313294 -0.312496 -0.313292 -0.312561 -0.311766 -0.313293 -0.312496 -0.312497 -0.313291 -0.311766 -0.418611 -0.535131 -0.312487 -0.131812 
-0.128865 -0.317434 -0.31818 -0.318248 -0.318181 -0.31818 -0.317438 -0.31818 -0.318992 -0.318182 -0.318181 -0.317438 -0.318182 -0.318993 -0.31818 -0.318993 -0.317439 -0.318181 -0.318994 -0.318181 -0.318992 -0.318248 -0.317439 -0.318993 -0.318182 -0.318182 -0.318991 -0.317439 -0.426749 -0.545793 -0.318172 -0.134211 
-0.131167 -0.323106 -0.323865 -0.323934 -0.323866 -0.323865 -0.32311 -0.323866 -0.324692 -0.323866 -0.323866 -0.32311 -0.323867 -0.324693 -0.323865 -0.324692 -0.323111 -0.323866 -0.324694 -0.323867 -0.324692 -0.323934 -0.32311 -0.324693 -0.323867 -0.323867 -0.324691 -0.32311 -0.434877 -0.556444 -0.323857 -0.136609 
-0.13347 -0.328778 -0.329551 -0.329621 -0.329552 -0.329551 -0.328782 -0.329552 -0.330392 -0.329552 -0.329552 -0.328783 -0.329552 -0.330393 -0.329551 -0.330393 -0.328783 -0.329552 -0.330394 -0.329553 -0.330392 -0.329621 -0.328783 -0.330393 -0.329553 -0.329553 -0.330391 -0.328783 -0.442999 -0.567102 -0.329542 -0.139008 
-0.135773 -0.33445 -0.335237 -0.335308 -0.335238 -0.335237 -0.334455 -0.335237 -0.336092 -0.335238 -0.335238 -0.334455 -0.335238 -0.336093 -0.335237 -0.336093 -0.334456 -0.335238 -0.336095 -0.335238 -0.336092 -0.335308 -0.334455 -0.336093 -0.335239 -0.335239 -0.336091 -0.334455 -0.451127 -0.57776 -0.335228 -0.141405 
-0.138076 -0.340122 -0.340922 -0.340994 -0.340923 -0.340922 -0.340126 -0.340922 -0.341792 -0.340923 -0.340923 -0.340127 -0.340923 -0.341793 -0.340922 -0.341792 -0.340127 -0.340923 -0.341794 -0.340923 -0.341792 -0.340994 -0.340127 -0.341793 -0.340924 -0.340924 -0.341791 -0.340127 -0.459247 -0.588423 -0.340912 -0.143803 
-0.14038 -0.345795 -0.346608 -0.346682 -0.346609 -0.346608 -0.3458 -0.346609 -0.347493 -0.346609 -0.34661 -0.345801 -0.34661 -0.347494 -0.346608 -0.347493 -0.345801 -0.346609 -0.347495 -0.34661 -0.347493 -0.346681 -0.3458 -0.347494 -0.34661 -0.34661 -0.347491 -0.3458 -0.467374 -0.599088 -0.346598 -0.146201 
-0.142684 -0.35147 -0.352296 -0.352372 -0.352297 -0.352297 -0.351475 -0.352297 -0.353195 -0.352298 -0.352298 -0.351476 -0.352298 -0.353197 -0.352297 -0.353196 -0.351476 -0.352297 -0.353198 -0.352298 -0.353195 -0.352371 -0.351475 -0.353197 -0.352299 -0.352299 -0.353194 -0.351475 -0.475495 -0.609761 -0.352286 -0.1486 
-0.144989 -0.357145 -0.357985 -0.358061 -0.357986 -0.357985 -0.35715 -0.357986 -0.358898 -0.357986 -0.357986 -0.357151 -0.357987 -0.3589 -0.357985 -0.358899 -0.357151 -0.357986 -0.358901 -0.357987 -0.358898 -0.35806 -0.35715 -0.358899 -0.357987 -0.357987 -0.358897 -0.35715 -0.48362 -0.620422 -0.357974 -0.150999 
-0.147293 -0.362819 -0.363672 -0.36375 -0.363674 -0.363673 -0.362824 -0.363674 -0.3646 -0.363674 -0.363674 -0.362826 -0.363675 -0.364602 -0.363673 -0.364601 -0.362825 -0.363673 -0.364604 -0.363674 -0.364601 -0.363749 -0.362825 -0.364602 -0.363675 -0.363675 -0.364599 -0.362825 -0.491736 -0.631077 -0.363661 -0.153398 
-0.149596 -0.368494 -0.369361 -0.36944 -0.369362 -0.369361 -0.368499 -0.369362 -0.370303 -0.369363 -0.369363 -0.368501 -0.369363 -0.370305 -0.369361 -0.370304 -0.368501 -0.369362 -0.370307 -0.369363 -0.370304 -0.369439 -0.3685 -0.370305 -0.369363 -0.369363 -0.370302 -0.3685 -0.499834 -0.641709 -0.369349 -0.155798 
-0.151899 -0.374169 -0.375049 -0.375129 -0.37505 -0.375049 -0.374174 -0.37505 -0.376006 -0.375051 -0.375051 -0.374176 -0.375051 -0.376008 -0.375049 -0.376007 -0.374175 -0.37505 -0.376009 -0.375051 -0.376006 -0.375128 -0.374174 -0.376007 -0.375051 -0.375051 -0.376005 -0.374174 -0.507916 -0.652309 -0.375036 -0.158198 
-0.154204 -0.379845 -0.380739 -0.38082 -0.38074 -0.380739 -0.379851 -0.380741 -0.381711 -0.380741 -0.380741 -0.379852 -0.380742 -0.381713 -0.38074 -0.381711 -0.379852 -0.38074 -0.381714 -0.380741 -0.381711 -0.38082 -0.379851 -0.381712 -0.380741 -0.380742 -0.381709 -0.379851 -0.515995 -0.662887 -0.380726 -0.160598 
-0.156508 -0.385521 -0.386427 -0.38651 -0.386429 -0.386428 -0.385526 -0.386429 -0.387414 -0.38643 -0.38643 -0.385528 -0.38643 -0.387416 -0.386428 -0.387415 -0.385528 -0.386429 -0.387417 -0.38643 -0.387414 -0.386509 -0.385527 -0.387415 -0.38643 -0.386431 -0.387412 -0.385526 -0.524055 -0.67344 -0.386414 -0.162997 
-0.158813 -0.3912 -0.39212 -0.392204 -0.392122 -0.39212 -0.391205 -0.392122 -0.393121 -0.392123 -0.392123 -0.391207 -0.392123 -0.393123 -0.392121 -0.393122 -0.391207 -0.392122 -0.393125 -0.392122 -0.393121 -0.392203 -0.391206 -0.393122 -0.392122 -0.392123 -0.393119 -0.391206 -0.532117 -0.683974 -0.392106 -0.1654 
-0.161117 -0.396876 -0.39781 -0.397896 -0.397812 -0.397811 -0.396882 -0.397812 -0.398826 -0.397813 -0.397813 -0.396884 -0.397813 -0.398828 -0.397811 -0.398827 -0.396884 -0.397812 -0.398829 -0.397812 -0.398826 -0.397895 -0.396883 -0.398827 -0.397812 -0.397814 -0.398824 -0.396882 -0.540173 -0.694492 -0.397796 -0.1678 
-0.163422 -0.402553 -0.4035 -0.403587 -0.403502 -0.4035 -0.402559 -0.403502 -0.404531 -0.403503 -0.403503 -0.402561 -0.403503 -0.404532 -0.403501 -0.404531 -0.402561 -0.403502 -0.404534 -0.403502 -0.40453 -0.403586 -0.402559 -0.404531 -0.403502 -0.403504 -0.404528 -0.402559 -0.548226 -0.705012 -0.403485 -0.1702 
-0.165727 -0.408231 -0.409192 -0.40928 -0.409194 -0.409192 -0.408237 -0.409194 -0.410237 -0.409195 -0.409194 -0.408239 -0.409195 -0.410239 -0.409193 -0.410237 -0.408239 -0.409193 -0.41024 -0.409194 -0.410236 -0.409278 -0.408238 -0.410237 -0.409194 -0.409195 -0.410234 -0.408237 -0.556286 -0.715529 -0.409176 -0.172601 
-0.168033 -0.41391 -0.414885 -0.414974 -0.414887 -0.414885 -0.413917 -0.414887 -0.415945 -0.414888 -0.414887 -0.413919 -0.414888 -0.415946 -0.414886 -0.415945 -0.413919 -0.414887 -0.415948 -0.414887 -0.415944 -0.414973 -0.413917 -0.415945 -0.414887 -0.414888 -0.415942 -0.413917 -0.564339 -0.726038 -0.414869 -0.175003 
-0.170339 -0.419589 -0.420577 -0.420668 -0.42058 -0.420578 -0.419597 -0.42058 -0.421652 -0.420581 -0.42058 -0.419598 -0.420581 -0.421654 -0.420578 -0.421652 -0.419598 -0.420579 -0.421655 -0.42058 -0.421651 -0.420667 -0.419597 -0.421652 -0.42058 -0.420581 -0.421649 -0.419596 -0.572382 -0.736517 -0.420561 -0.177403 
-0.172645 -0.425268 -0.42627 -0.426362 -0.426273 -0.42627 -0.425276 -0.426273 -0.427359 -0.426273 -0.426273 -0.425278 -0.426273 -0.427361 -0.426271 -0.427359 -0.425278 -0.426272 -0.427362 -0.426273 -0.427358 -0.42636 -0.425276 -0.427359 -0.426272 -0.426274 -0.427356 -0.425275 -0.580407 -0.746952 -0.426253 -0.179804 
-0.17495 -0.430946 -0.431961 -0.432054 -0.431964 -0.431961 -0.430954 -0.431964 -0.433065 -0.431964 -0.431963 -0.430955 -0.431964 -0.433066 -0.431962 -0.433065 -0.430955 -0.431963 -0.433068 -0.431964 -0.433064 -0.432052 -0.430953 -0.433065 -0.431963 -0.431964 -0.433061 -0.430953 -0.588414 -0.757334 -0.431943 -0.182205 
-0.177256 -0.436625 -0.437653 -0.437748 -0.437656 -0.437654 -0.436633 -0.437656 -0.438772 -0.437656 -0.437656 -0.436634 -0.437657 -0.438773 -0.437654 -0.438771 -0.436634 -0.437655 -0.438775 -0.437656 -0.438771 -0.437746 -0.436633 -0.438772 -0.437655 -0.437657 -0.438768 -0.436632 -0.596401 -0.767665 -0.437635 -0.184605 
-0.179563 -0.442305 -0.443347 -0.443443 -0.44335 -0.443347 -0.442314 -0.44335 -0.44448 -0.44335 -0.44335 -0.442315 -0.44335 -0.444482 -0.443348 -0.44448 -0.442315 -0.443349 -0.444483 -0.44335 -0.444479 -0.443441 -0.442313 -0.44448 -0.443349 -0.44335 -0.444476 -0.442312 -0.604367 -0.777945 -0.443328 -0.187007 
-0.18187 -0.447983 -0.449038 -0.449136 -0.449042 -0.449039 -0.447992 -0.449042 -0.450186 -0.449042 -0.449042 -0.447993 -0.449042 -0.450188 -0.44904 -0.450186 -0.447993 -0.449041 -0.450189 -0.449042 -0.450185 -0.449134 -0.447992 -0.450186 -0.449041 -0.449042 -0.450182 -0.44799 -0.612305 -0.78817 -0.449019 -0.189406 
-0.184176 -0.453663 -0.454732 -0.45483 -0.454735 -0.454732 -0.453672 -0.454735 -0.455894 -0.454735 -0.454735 -0.453673 -0.454735 -0.455896 -0.454733 -0.455894 -0.453673 -0.454734 -0.455897 -0.454735 -0.455893 -0.454828 -0.453671 -0.455894 -0.454734 -0.454735 -0.45589 -0.45367 -0.620221 -0.798357 -0.454712 -0.191807 
-0.186482 -0.459342 -0.460424 -0.460524 -0.460427 -0.460425 -0.459351 -0.460427 -0.461601 -0.460427 -0.460427 -0.459353 -0.460428 -0.461603 -0.460425 -0.461601 -0.459352 -0.460427 -0.461604 -0.460427 -0.4616 -0.460522 -0.45935 -0.461601 -0.460426 -0.460427 -0.461597 -0.459349 -0.628106 -0.808488 -0.460403 -0.194208 
-0.188787 -0.465022 -0.466117 -0.466219 -0.46612 -0.466118 -0.465031 -0.466121 -0.467309 -0.466121 -0.466121 -0.465033 -0.466121 -0.467311 -0.466119 -0.467308 -0.465033 -0.46612 -0.467312 -0.466121 -0.467308 -0.466216 -0.46503 -0.467309 -0.466119 -0.466121 -0.467304 -0.465029 -0.635964 -0.818567 -0.466096 -0.19661 
-0.191093 -0.4707 -0.471809 -0.471912 -0.471812 -0.47181 -0.47071 -0.471813 -0.473015 -0.471813 -0.471813 -0.470711 -0.471813 -0.473017 -0.471811 -0.473015 -0.470711 -0.471812 -0.473019 -0.471813 -0.473014 -0.471909 -0.470709 -0.473015 -0.471811 -0.471813 -0.473011 -0.470707 -0.643795 -0.828567 -0.471788 -0.199011 
-0.193398 -0.476379 -0.477502 -0.477606 -0.477505 -0.477503 -0.476389 -0.477505 -0.478723 -0.477505 -0.477505 -0.476391 -0.477506 -0.478724 -0.477503 -0.478722 -0.476391 -0.477505 -0.478726 -0.477505 -0.478722 -0.477603 -0.476388 -0.478722 -0.477504 -0.477505 -0.478718 -0.476387 -0.651596 -0.838493 -0.47748 -0.201412 
-0.195707 -0.482059 -0.483195 -0.4833 -0.483199 -0.483196 -0.48207 -0.483199 -0.484431 -0.483199 -0.483199 -0.482071 -0.483199 -0.484433 -0.483197 -0.484431 -0.482071 -0.483199 -0.484434 -0.483199 -0.48443 -0.483298 -0.482068 -0.48443 -0.483198 -0.483199 -0.484426 -0.482067 -0.659365 -0.848332 -0.483173 -0.203812 
-0.198012 -0.487738 -0.488887 -0.488994 -0.488891 -0.488889 -0.487749 -0.488892 -0.490138 -0.488891 -0.488891 -0.48775 -0.488892 -0.490139 -0.488889 -0.490137 -0.48775 -0.488891 -0.490141 -0.488891 -0.490137 -0.488991 -0.487747 -0.490137 -0.48889 -0.488891 -0.490133 -0.487746 -0.667096 -0.858093 -0.488864 -0.206213 
-0.200317 -0.493417 -0.49458 -0.494687 -0.494583 -0.494581 -0.493428 -0.494584 -0.495845 -0.494583 -0.494584 -0.493429 -0.494584 -0.495846 -0.494582 -0.495844 -0.493429 -0.494583 -0.495848 -0.494583 -0.495843 -0.494685 -0.493426 -0.495844 -0.494582 -0.494584 -0.49584 -0.493425 -0.6748 -0.867771 -0.494556 -0.208615 
-0.202623 -0.499096 -0.500273 -0.500382 -0.500277 -0.500274 -0.499108 -0.500278 -0.501553 -0.500277 -0.500277 -0.499109 -0.500277 -0.501554 -0.500275 -0.501552 -0.499109 -0.500277 -0.501556 -0.500277 -0.501551 -0.500379 -0.499106 -0.501551 -0.500275 -0.500277 -0.501548 -0.499105 -0.68247 -0.877369 -0.500249 -0.211017 
-0.204929 -0.504775 -0.505965 -0.506075 -0.505969 -0.505966 -0.504787 -0.50597 -0.507259 -0.505969 -0.505969 -0.504788 -0.505969 -0.507261 -0.505967 -0.507259 -0.504788 -0.505969 -0.507263 -0.505969 -0.507258 -0.506072 -0.504785 -0.507258 -0.505967 -0.505969 -0.507254 -0.504784 -0.690096 -0.886884 -0.50594 -0.213417 
-0.207234 -0.510453 -0.511656 -0.511768 -0.511661 -0.511658 -0.510465 -0.511661 -0.512965 -0.51166 -0.51166 -0.510466 -0.511661 -0.512967 -0.511659 -0.512965 -0.510466 -0.51166 -0.512969 -0.51166 -0.512964 -0.511765 -0.510463 -0.512964 -0.511659 -0.51166 -0.51296 -0.510462 -0.697689 -0.896311 -0.511631 -0.215818 
-0.20954 -0.516133 -0.517349 -0.517462 -0.517354 -0.517351 -0.516145 -0.517354 -0.518673 -0.517354 -0.517354 -0.516146 -0.517354 -0.518675 -0.517352 -0.518673 -0.516146 -0.517354 -0.518677 -0.517353 -0.518671 -0.517459 -0.516143 -0.518672 -0.517352 -0.517354 -0.518668 -0.516142 -0.70525 -0.905641 -0.517324 -0.218219 
-0.211846 -0.521813 -0.523042 -0.523157 -0.523047 -0.523045 -0.521825 -0.523048 -0.524381 -0.523047 -0.523047 -0.521826 -0.523047 -0.524383 -0.523046 -0.524381 -0.521826 -0.523047 -0.524385 -0.523046 -0.524379 -0.523154 -0.521823 -0.52438 -0.523045 -0.523047 -0.524376 -0.521822 -0.712763 -0.914871 -0.523017 -0.22062 
-0.214153 -0.527493 -0.528737 -0.528853 -0.528742 -0.528739 -0.527506 -0.528742 -0.53009 -0.528742 -0.528741 -0.527507 -0.528742 -0.530092 -0.52874 -0.53009 -0.527508 -0.528742 -0.530094 -0.528741 -0.530088 -0.52885 -0.527504 -0.530089 -0.52874 -0.528742 -0.530085 -0.527503 -0.720234 -0.923994 -0.52871 -0.223022 
-0.21646 -0.533173 -0.53443 -0.534548 -0.534435 -0.534433 -0.533186 -0.534436 -0.535798 -0.534436 -0.534435 -0.533188 -0.534435 -0.5358 -0.534434 -0.535798 -0.533188 -0.534435 -0.535803 -0.534434 -0.535796 -0.534544 -0.533184 -0.535797 -0.534433 -0.534435 -0.535793 -0.533183 -0.727659 -0.933017 -0.534403 -0.225423 
-0.218767 -0.538853 -0.540123 -0.540242 -0.540128 -0.540126 -0.538866 -0.540129 -0.541506 -0.540129 -0.540128 -0.538867 -0.540128 -0.541508 -0.540127 -0.541506 -0.538868 -0.540129 -0.54151 -0.540127 -0.541504 -0.540239 -0.538864 -0.541504 -0.540126 -0.540128 -0.541501 -0.538863 -0.735036 -0.941934 -0.540096 -0.227823 
-0.221072 -0.54453 -0.545814 -0.545934 -0.545819 -0.545817 -0.544543 -0.54582 -0.547211 -0.54582 -0.545819 -0.544545 -0.545819 -0.547213 -0.545818 -0.547211 -0.544546 -0.54582 -0.547216 -0.545818 -0.547209 -0.545931 -0.544541 -0.54721 -0.545817 -0.545819 -0.547206 -0.54454 -0.74236 -0.950754 -0.545786 -0.230224 
-0.223378 -0.55021 -0.551508 -0.551629 -0.551513 -0.551511 -0.550224 -0.551513 -0.552919 -0.551513 -0.551513 -0.550225 -0.551513 -0.552922 -0.551511 -0.552919 -0.550226 -0.551514 -0.552924 -0.551512 -0.552917 -0.551626 -0.550222 -0.552918 -0.551511 -0.551513 -0.552914 -0.550221 -0.74964 -0.959475 -0.551479 -0.232626 
-0.225685 -0.55589 -0.557202 -0.557324 -0.557207 -0.557205 -0.555905 -0.557208 -0.558628 -0.557207 -0.557207 -0.555906 -0.557207 -0.55863 -0.557206 -0.558628 -0.555907 -0.557208 -0.558633 -0.557206 -0.558626 -0.557321 -0.555903 -0.558627 -0.557205 -0.557207 -0.558623 -0.555902 -0.75687 -0.968092 -0.557173 -0.235027 
-0.227991 -0.561571 -0.562896 -0.563019 -0.562901 -0.562899 -0.561585 -0.562902 -0.564337 -0.562902 -0.562901 -0.561587 -0.562901 -0.564339 -0.5629 -0.564337 -0.561588 -0.562902 -0.564341 -0.5629 -0.564334 -0.563016 -0.561584 -0.564335 -0.562899 -0.562901 -0.564331 -0.561582 -0.764055 -0.976619 -0.562866 -0.237429 
-0.230432 -0.567567 -0.568905 -0.56903 -0.56891 -0.568909 -0.567582 -0.568911 -0.570361 -0.568911 -0.568911 -0.567583 -0.56891 -0.570363 -0.568909 -0.570361 -0.567584 -0.568911 -0.570365 -0.56891 -0.570358 -0.569026 -0.56758 -0.570359 -0.568908 -0.56891 -0.570355 -0.567578 -0.771535 -0.985384 -0.568875 -0.239957 
