653.862 653.862 653.862 653.862 653.862 653.862 653.862 653.862 653.862 653.862 653.862 653.862 653.862 653.862 653.862 653.862 653.862 653.862 653.862 653.862 653.862 653.862 653.862 653.862 653.862 653.862 653.862 653.862 653.862 653.862 653.862 653.862 
654.011 654.003 654.002 654.003 654.003 653.999 654.004 654.001 654.001 654.001 654.002 654 654 654.001 653.998 654 654.001 653.999 653.998 653.999 653.997 654 654 653.997 653.995 653.998 653.997 653.997 653.998 653.992 653.995 653.996 
654.164 654.147 654.146 654.149 654.149 654.14 654.148 654.145 654.144 654.144 654.145 654.143 654.143 654.144 654.139 654.141 654.143 654.139 654.139 654.14 654.137 654.141 654.143 654.137 654.134 654.138 654.137 654.136 654.138 654.126 654.133 654.134 
654.321 654.296 654.295 654.298 654.3 654.286 654.297 654.293 654.292 654.291 654.293 654.29 654.291 654.292 654.285 654.288 654.29 654.285 654.285 654.287 654.282 654.288 654.29 654.281 654.279 654.283 654.281 654.279 654.283 654.265 654.275 654.277 
654.483 654.451 654.451 654.454 654.457 654.437 654.451 654.447 654.446 654.444 654.447 654.444 654.445 654.445 654.437 654.441 654.442 654.437 654.437 654.44 654.433 654.44 654.443 654.431 654.43 654.434 654.431 654.429 654.433 654.41 654.424 654.425 
654.652 654.612 654.613 654.616 654.62 654.595 654.612 654.608 654.607 654.604 654.607 654.605 654.606 654.604 654.596 654.602 654.601 654.596 654.597 654.6 654.591 654.6 654.602 654.588 654.59 654.592 654.588 654.586 654.59 654.562 654.58 654.58 
654.828 654.779 654.782 654.785 654.788 654.76 654.78 654.776 654.775 654.771 654.774 654.773 654.774 654.771 654.762 654.771 654.767 654.763 654.764 654.766 654.757 654.766 654.769 654.752 654.756 654.759 654.752 654.75 654.754 654.723 654.743 654.743 
655.013 654.954 654.959 654.961 654.964 654.934 654.955 654.952 654.949 654.946 654.95 654.949 654.949 654.946 654.936 654.948 654.941 654.937 654.94 654.941 654.93 654.94 654.943 654.924 654.931 654.933 654.923 654.922 654.925 654.891 654.913 654.913 
655.205 655.136 655.143 655.144 655.147 655.115 655.138 655.135 655.131 655.128 655.133 655.132 655.131 655.129 655.118 655.132 655.124 655.118 655.122 655.122 655.111 655.12 655.125 655.105 655.113 655.115 655.102 655.1 655.103 655.068 655.091 655.09 
655.404 655.325 655.333 655.333 655.337 655.305 655.329 655.325 655.319 655.319 655.324 655.323 655.32 655.319 655.307 655.324 655.314 655.306 655.312 655.31 655.299 655.307 655.315 655.294 655.303 655.304 655.288 655.286 655.289 655.252 655.276 655.276 
655.611 655.521 655.531 655.529 655.534 655.502 655.526 655.522 655.514 655.516 655.522 655.521 655.515 655.516 655.503 655.524 655.513 655.501 655.51 655.506 655.494 655.5 655.513 655.492 655.5 655.5 655.482 655.479 655.483 655.444 655.468 655.469 
655.827 655.725 655.734 655.73 655.738 655.707 655.73 655.725 655.715 655.721 655.727 655.726 655.718 655.72 655.707 655.73 655.72 655.704 655.714 655.709 655.697 655.7 655.718 655.698 655.703 655.703 655.682 655.681 655.683 655.643 655.667 655.67 
656.05 655.935 655.944 655.938 655.95 655.919 655.941 655.935 655.924 655.932 655.938 655.938 655.927 655.93 655.917 655.942 655.933 655.913 655.925 655.919 655.908 655.908 655.929 655.91 655.913 655.913 655.89 655.89 655.891 655.848 655.873 655.879 
656.28 656.152 656.161 656.152 656.169 656.138 656.159 656.15 656.139 656.15 656.155 656.157 656.142 656.147 656.135 656.161 656.153 656.13 656.142 656.137 656.125 656.122 656.147 656.129 656.129 656.13 656.105 656.108 656.105 656.059 656.085 656.094 
656.518 656.374 656.384 656.373 656.394 656.364 656.385 656.372 656.36 656.374 656.379 656.382 656.365 656.371 656.36 656.386 656.377 656.353 656.366 656.361 656.349 656.343 656.371 656.355 656.352 656.353 656.327 656.332 656.326 656.277 656.304 656.316 
656.762 656.603 656.613 656.6 656.625 656.597 656.616 656.6 656.589 656.605 656.609 656.613 656.593 656.601 656.591 656.618 656.607 656.582 656.595 656.593 656.58 656.57 656.6 656.586 656.58 656.582 656.556 656.563 656.554 656.502 656.529 656.542 
657.011 656.836 656.849 656.834 656.862 656.835 656.853 656.835 656.825 656.841 656.844 656.85 656.827 656.837 656.828 656.855 656.842 656.817 656.83 656.83 656.816 656.802 656.836 656.823 656.814 656.817 656.791 656.8 656.788 656.732 656.76 656.775 
657.267 657.075 657.09 657.074 657.104 657.078 657.095 657.075 657.067 657.083 657.086 657.091 657.068 657.077 657.071 657.097 657.082 657.059 657.071 657.073 657.058 657.04 657.077 657.066 657.055 657.058 657.033 657.042 657.028 656.969 656.996 657.012 
657.529 657.319 657.336 657.319 657.351 657.325 657.34 657.321 657.315 657.33 657.332 657.337 657.315 657.322 657.319 657.344 657.329 657.307 657.318 657.321 657.305 657.283 657.323 657.314 657.301 657.305 657.281 657.291 657.273 657.211 657.237 657.254 
657.796 657.569 657.586 657.569 657.603 657.577 657.59 657.572 657.569 657.582 657.583 657.586 657.567 657.572 657.571 657.596 657.581 657.56 657.571 657.574 657.557 657.531 657.574 657.568 657.552 657.557 657.534 657.544 657.523 657.457 657.483 657.501 
658.069 657.823 657.842 657.824 657.858 657.832 657.844 657.828 657.827 657.838 657.839 657.841 657.825 657.827 657.828 657.853 657.839 657.818 657.829 657.83 657.813 657.785 657.83 657.827 657.809 657.815 657.792 657.802 657.777 657.709 657.734 657.753 
658.346 658.083 658.103 658.084 658.117 658.092 658.103 658.089 658.089 658.1 658.099 658.1 658.087 658.086 658.089 658.115 658.102 658.08 658.092 658.091 658.073 658.045 658.09 658.09 658.07 658.078 658.054 658.064 658.036 657.964 657.988 658.01 
658.629 658.348 658.37 658.347 658.38 658.355 658.367 658.353 658.355 658.366 658.364 658.364 658.352 658.348 658.353 658.382 658.369 658.345 658.36 658.356 658.338 658.31 658.354 658.358 658.336 658.346 658.32 658.33 658.299 658.223 658.246 658.271 
658.915 658.616 658.641 658.613 658.646 658.622 658.636 658.622 658.625 658.637 658.633 658.633 658.622 658.616 658.623 658.652 658.639 658.614 658.632 658.624 658.606 658.58 658.624 658.629 658.606 658.619 658.59 658.6 658.567 658.487 658.508 658.537 
659.206 658.887 658.916 658.883 658.917 658.893 658.908 658.893 658.898 658.91 658.905 658.907 658.894 658.887 658.896 658.926 658.912 658.887 658.908 658.896 658.879 658.853 658.897 658.904 658.88 658.896 658.863 658.873 658.839 658.754 658.774 658.807 
659.501 659.16 659.194 659.155 659.191 659.168 659.183 659.168 659.175 659.187 659.181 659.185 659.17 659.163 659.172 659.203 659.188 659.162 659.188 659.171 659.156 659.13 659.175 659.18 659.159 659.177 659.139 659.15 659.115 659.025 659.045 659.081 
659.798 659.435 659.475 659.431 659.47 659.446 659.462 659.446 659.455 659.467 659.461 659.466 659.45 659.443 659.452 659.482 659.466 659.441 659.472 659.449 659.437 659.409 659.457 659.46 659.442 659.461 659.418 659.431 659.394 659.3 659.32 659.357 
660.098 659.713 659.757 659.711 659.753 659.727 659.743 659.728 659.737 659.749 659.742 659.75 659.732 659.727 659.735 659.764 659.748 659.724 659.758 659.731 659.72 659.692 659.742 659.743 659.728 659.749 659.7 659.715 659.677 659.578 659.599 659.636 
660.402 659.992 660.042 659.994 660.038 660.011 660.028 660.013 660.021 660.034 660.027 660.036 660.017 660.014 660.021 660.049 660.033 660.01 660.047 660.017 660.007 659.978 660.03 660.029 660.018 660.039 659.985 660.002 659.963 659.86 659.882 659.917 
660.707 660.274 660.33 660.281 660.326 660.298 660.316 660.3 660.308 660.321 660.314 660.323 660.306 660.303 660.31 660.337 660.321 660.299 660.338 660.306 660.295 660.267 660.321 660.318 660.31 660.331 660.274 660.293 660.251 660.143 660.167 660.202 
661.016 660.559 660.619 660.571 660.616 660.587 660.606 660.59 660.598 660.611 660.604 660.611 660.597 660.595 660.602 660.628 660.612 660.592 660.632 660.599 660.587 660.559 660.616 660.61 660.605 660.624 660.566 660.587 660.543 660.429 660.455 660.49 
661.326 660.847 660.91 660.864 660.909 660.88 660.899 660.882 660.89 660.903 660.896 660.902 660.892 660.889 660.896 660.922 660.905 660.888 660.929 660.895 660.88 660.853 660.912 660.904 660.902 660.919 660.861 660.884 660.836 660.717 660.746 660.783 
661.639 661.138 661.204 661.16 661.204 661.175 661.195 661.177 661.185 661.198 661.191 661.195 661.191 661.187 661.191 661.218 661.201 661.187 661.229 661.193 661.177 661.149 661.211 661.201 661.201 661.216 661.159 661.184 661.13 661.008 661.04 661.078 
661.954 661.432 661.5 661.459 661.501 661.474 661.493 661.474 661.483 661.496 661.489 661.49 661.492 661.487 661.489 661.515 661.499 661.487 661.53 661.494 661.476 661.448 661.51 661.501 661.501 661.515 661.459 661.486 661.427 661.3 661.336 661.377 
662.27 661.729 661.799 661.761 661.801 661.776 661.794 661.774 661.784 661.797 661.788 661.789 661.795 661.791 661.788 661.813 661.801 661.79 661.833 661.796 661.779 661.747 661.811 661.802 661.803 661.816 661.76 661.79 661.725 661.594 661.635 661.678 
662.589 662.028 662.101 662.065 662.103 662.079 662.096 662.076 662.087 662.099 662.089 662.091 662.099 662.098 662.088 662.113 662.104 662.094 662.136 662.101 662.084 662.048 662.113 662.105 662.106 662.118 662.063 662.095 662.026 661.889 661.934 661.98 
662.909 662.328 662.405 662.371 662.406 662.383 662.401 662.379 662.392 662.404 662.392 662.395 662.405 662.407 662.389 662.414 662.41 662.4 662.44 662.407 662.392 662.351 662.415 662.409 662.409 662.422 662.368 662.402 662.329 662.187 662.234 662.284 
663.23 662.63 662.71 662.677 662.711 662.688 662.707 662.684 662.7 662.709 662.697 662.702 662.711 662.716 662.692 662.718 662.717 662.707 662.744 662.714 662.701 662.655 662.718 662.714 662.714 662.728 662.675 662.709 662.633 662.487 662.535 662.588 
663.553 662.932 663.016 662.983 663.017 662.993 663.014 662.99 663.009 663.016 663.002 663.01 663.018 663.027 662.996 663.023 663.024 663.016 663.05 663.022 663.011 662.96 663.023 663.02 663.021 663.034 662.983 663.017 662.939 662.79 662.836 662.892 
663.877 663.236 663.322 663.289 663.324 663.298 663.323 663.297 663.319 663.325 663.308 663.319 663.325 663.337 663.302 663.331 663.332 663.326 663.358 663.33 663.321 663.267 663.33 663.327 663.33 663.342 663.293 663.325 663.247 663.093 663.138 663.197 
664.203 663.54 663.629 663.596 663.632 663.605 663.632 663.605 663.63 663.635 663.615 663.629 663.633 663.648 663.61 663.641 663.64 663.637 663.667 663.64 663.631 663.575 663.638 663.636 663.642 663.652 663.604 663.634 663.556 663.398 663.44 663.502 
664.53 663.844 663.937 663.902 663.942 663.913 663.942 663.915 663.942 663.947 663.925 663.939 663.942 663.961 663.918 663.952 663.949 663.949 663.978 663.951 663.942 663.885 663.946 663.946 663.955 663.962 663.915 663.944 663.867 663.703 663.744 663.808 
664.858 664.15 664.246 664.209 664.252 664.222 664.252 664.227 664.255 664.261 664.237 664.25 664.252 664.274 664.228 664.265 664.259 664.26 664.29 664.263 664.253 664.195 664.256 664.257 664.27 664.274 664.228 664.255 664.179 664.009 664.049 664.114 
665.187 664.456 664.556 664.518 664.563 664.532 664.563 664.54 664.57 664.575 664.551 664.56 664.563 664.588 664.539 664.578 664.569 664.571 664.604 664.575 664.564 664.508 664.565 664.57 664.585 664.587 664.541 664.568 664.491 664.316 664.355 664.42 
665.517 664.763 664.866 664.827 664.875 664.842 664.874 664.855 664.885 664.89 664.866 664.872 664.875 664.902 664.851 664.891 664.881 664.882 664.918 664.888 664.876 664.821 664.875 664.883 664.9 664.9 664.854 664.881 664.802 664.622 664.662 664.727 
665.848 665.072 665.178 665.137 665.188 665.153 665.187 665.17 665.201 665.206 665.181 665.184 665.188 665.216 665.164 665.204 665.194 665.193 665.233 665.201 665.189 665.135 665.186 665.198 665.214 665.215 665.167 665.195 665.114 664.929 664.971 665.034 
666.18 665.382 665.49 665.449 665.501 665.465 665.499 665.486 665.518 665.522 665.496 665.496 665.503 665.531 665.478 665.517 665.509 665.506 665.548 665.514 665.502 665.449 665.497 665.513 665.529 665.529 665.48 665.509 665.425 665.236 665.282 665.342 
666.513 665.693 665.802 665.762 665.816 665.778 665.813 665.8 665.835 665.839 665.812 665.81 665.819 665.847 665.792 665.83 665.826 665.82 665.863 665.828 665.816 665.763 665.81 665.83 665.845 665.844 665.793 665.824 665.736 665.544 665.593 665.651 
666.846 666.005 666.115 666.077 666.132 666.092 666.126 666.115 666.152 666.155 666.128 666.124 666.136 666.163 666.107 666.145 666.143 666.135 666.179 666.142 666.132 666.076 666.123 666.147 666.16 666.16 666.107 666.139 666.047 665.853 665.905 665.96 
667.179 666.318 666.428 666.392 666.449 666.408 666.44 666.429 666.469 666.472 666.444 666.438 666.455 666.479 666.423 666.46 666.461 666.453 666.494 666.457 666.448 666.389 666.437 666.465 666.476 666.476 666.422 666.454 666.359 666.161 666.217 666.269 
667.511 666.632 666.742 666.708 666.766 666.723 666.754 666.744 666.785 666.789 666.761 666.754 666.774 666.795 666.739 666.776 666.778 666.771 666.81 666.775 666.766 666.702 666.752 666.782 666.791 666.792 666.738 666.77 666.671 666.471 666.529 666.578 
667.843 666.947 667.056 667.024 667.082 667.039 667.069 667.06 667.102 667.106 667.078 667.069 667.094 667.111 667.055 667.092 667.094 667.09 667.128 667.093 667.085 667.016 667.068 667.099 667.107 667.11 667.054 667.086 666.983 666.781 666.842 666.888 
668.176 667.263 667.37 667.34 667.398 667.356 667.383 667.375 667.417 667.422 667.395 667.385 667.413 667.426 667.372 667.409 667.41 667.408 667.446 667.411 667.403 667.33 667.385 667.416 667.422 667.427 667.37 667.402 667.295 667.091 667.153 667.199 
668.509 667.579 667.685 667.655 667.713 667.673 667.697 667.691 667.731 667.738 667.714 667.702 667.73 667.74 667.689 667.726 667.725 667.725 667.765 667.727 667.719 667.646 667.703 667.732 667.738 667.745 667.687 667.717 667.607 667.401 667.464 667.51 
668.843 667.894 668.001 667.97 668.027 667.99 668.012 668.008 668.045 668.052 668.033 668.018 668.046 668.055 668.006 668.043 668.039 668.04 668.083 668.043 668.035 667.961 668.02 668.049 668.054 668.062 668.003 668.032 667.918 667.71 667.774 667.822 
669.177 668.208 668.316 668.285 668.342 668.308 668.326 668.325 668.357 668.364 668.351 668.335 668.361 668.369 668.323 668.361 668.354 668.354 668.401 668.358 668.349 668.275 668.338 668.366 668.371 668.379 668.318 668.346 668.23 668.018 668.082 668.134 
669.511 668.521 668.631 668.6 668.657 668.627 668.64 668.643 668.67 668.676 668.669 668.652 668.676 668.684 668.639 668.678 668.669 668.668 668.719 668.673 668.662 668.59 668.654 668.683 668.688 668.694 668.632 668.659 668.541 668.325 668.389 668.446 
669.844 668.833 668.946 668.915 668.971 668.944 668.954 668.959 668.982 668.987 668.985 668.969 668.99 668.999 668.954 668.994 668.983 668.981 669.037 668.989 668.974 668.903 668.968 669 669.006 669.009 668.946 668.972 668.851 668.632 668.695 668.759 
670.176 669.144 669.26 669.23 669.286 669.262 669.268 669.276 669.294 669.299 669.3 669.286 669.305 669.315 669.268 669.309 669.297 669.294 669.355 669.306 669.285 669.217 669.282 669.316 669.323 669.323 669.258 669.284 669.162 668.938 669 669.071 
670.506 669.456 669.573 669.545 669.601 669.577 669.582 669.592 669.605 669.611 669.615 669.604 669.62 669.631 669.582 669.623 669.611 669.607 669.673 669.623 669.597 669.529 669.595 669.632 669.64 669.636 669.57 669.596 669.473 669.244 669.306 669.383 
670.836 669.767 669.887 669.859 669.915 669.892 669.896 669.909 669.916 669.924 669.93 669.921 669.935 669.946 669.896 669.936 669.926 669.919 669.99 669.939 669.909 669.842 669.907 669.946 669.955 669.95 669.881 669.909 669.783 669.551 669.612 669.694 
671.165 670.079 670.199 670.174 670.229 670.206 670.21 670.225 670.226 670.238 670.245 670.239 670.25 670.262 670.21 670.249 670.24 670.231 670.306 670.254 670.221 670.155 670.22 670.259 670.268 670.263 670.192 670.221 670.093 669.857 669.917 670.005 
671.494 670.39 670.512 670.487 670.542 670.519 670.523 670.54 670.537 670.553 670.561 670.555 670.565 670.576 670.524 670.561 670.555 670.542 670.62 670.568 670.534 670.468 670.533 670.57 670.579 670.577 670.502 670.533 670.401 670.162 670.221 670.315 
671.822 670.701 670.824 670.8 670.855 670.832 670.836 670.855 670.848 670.868 670.875 670.871 670.88 670.891 670.838 670.872 670.868 670.852 670.933 670.88 670.848 670.782 670.846 670.88 670.889 670.89 670.813 670.845 670.71 670.466 670.524 670.625 
672.151 671.011 671.135 671.112 671.167 671.144 671.147 671.169 671.16 671.183 671.189 671.185 671.196 671.205 671.152 671.183 671.181 671.164 671.244 671.191 671.161 671.094 671.158 671.19 671.198 671.203 671.124 671.157 671.017 670.769 670.826 670.935 
672.479 671.32 671.445 671.423 671.48 671.455 671.457 671.484 671.471 671.496 671.502 671.498 671.51 671.519 671.464 671.493 671.492 671.475 671.555 671.501 671.473 671.405 671.47 671.5 671.506 671.516 671.436 671.467 671.324 671.071 671.126 671.244 
672.807 671.628 671.754 671.734 671.794 671.766 671.766 671.797 671.782 671.809 671.814 671.81 671.824 671.831 671.775 671.803 671.803 671.787 671.866 671.81 671.785 671.715 671.78 671.809 671.813 671.828 671.746 671.776 671.629 671.372 671.426 671.552 
673.134 671.935 672.062 672.045 672.107 672.075 672.074 672.11 672.092 672.121 672.125 672.12 672.136 672.143 672.084 672.112 672.114 672.099 672.177 672.118 672.095 672.023 672.09 672.118 672.12 672.14 672.056 672.083 671.932 671.674 671.725 671.859 
673.46 672.24 672.369 672.355 672.42 672.382 672.381 672.422 672.402 672.432 672.433 672.429 672.446 672.453 672.392 672.421 672.424 672.41 672.487 672.426 672.404 672.33 672.397 672.426 672.426 672.451 672.363 672.389 672.232 671.975 672.023 672.164 
673.784 672.544 672.676 672.663 672.731 672.688 672.689 672.731 672.712 672.742 672.741 672.737 672.754 672.761 672.699 672.729 672.732 672.719 672.796 672.734 672.711 672.637 672.703 672.733 672.732 672.762 672.668 672.694 672.532 672.275 672.321 672.468 
674.106 672.845 672.982 672.97 673.04 672.992 672.995 673.039 673.021 673.05 673.047 673.042 673.061 673.067 673.004 673.036 673.039 673.026 673.102 673.041 673.016 672.942 673.008 673.038 673.037 673.07 672.97 672.998 672.831 672.574 672.618 672.77 
674.425 673.144 673.287 673.276 673.347 673.295 673.301 673.344 673.329 673.356 673.351 673.346 673.365 673.371 673.308 673.341 673.343 673.331 673.407 673.347 673.32 673.245 673.31 673.342 673.342 673.376 673.271 673.299 673.13 672.871 672.914 673.071 
674.741 673.442 673.59 673.58 673.652 673.596 673.606 673.647 673.636 673.659 673.652 673.647 673.668 673.674 673.611 673.644 673.646 673.634 673.71 673.651 673.623 673.548 673.61 673.644 673.645 673.678 673.57 673.598 673.428 673.166 673.209 673.371 
675.056 673.738 673.89 673.882 673.954 673.897 673.909 673.949 673.94 673.96 673.952 673.946 673.968 673.975 673.912 673.944 673.946 673.934 674.011 673.954 673.924 673.847 673.909 673.944 673.945 673.977 673.867 673.895 673.725 673.459 673.502 673.669 
675.37 674.033 674.187 674.183 674.255 674.195 674.211 674.249 674.241 674.259 674.249 674.244 674.267 674.273 674.21 674.242 674.245 674.232 674.311 674.254 674.222 674.145 674.206 674.243 674.243 674.273 674.162 674.19 674.02 673.75 673.794 673.966 
675.682 674.327 674.482 674.482 674.552 674.492 674.511 674.546 674.539 674.556 674.545 674.539 674.563 674.57 674.507 674.538 674.543 674.529 674.608 674.552 674.518 674.439 674.502 674.539 674.538 674.566 674.456 674.483 674.312 674.038 674.084 674.259 
675.992 674.618 674.774 674.778 674.846 674.787 674.809 674.84 674.834 674.849 674.839 674.833 674.856 674.865 674.801 674.831 674.838 674.825 674.902 674.847 674.811 674.731 674.795 674.832 674.83 674.857 674.747 674.775 674.601 674.323 674.372 674.549 
676.302 674.907 675.065 675.072 675.137 675.08 675.104 675.132 675.126 675.139 675.132 675.125 675.147 675.158 675.093 675.122 675.13 675.119 675.193 675.139 675.101 675.021 675.087 675.124 675.119 675.147 675.036 675.064 674.886 674.606 674.656 674.835 
676.609 675.194 675.353 675.362 675.424 675.369 675.394 675.421 675.414 675.425 675.422 675.416 675.436 675.448 675.382 675.41 675.42 675.41 675.481 675.428 675.388 675.309 675.376 675.412 675.406 675.434 675.323 675.35 675.168 674.884 674.936 675.119 
676.913 675.477 675.639 675.648 675.708 675.656 675.68 675.707 675.7 675.71 675.709 675.703 675.723 675.735 675.668 675.695 675.705 675.697 675.766 675.713 675.674 675.596 675.662 675.698 675.691 675.718 675.607 675.633 675.446 675.16 675.214 675.4 
677.213 675.758 675.922 675.931 675.989 675.938 675.961 675.99 675.981 675.991 675.992 675.987 676.006 676.018 675.95 675.976 675.987 675.98 676.048 675.995 675.957 675.879 675.943 675.981 675.971 675.999 675.889 675.912 675.721 675.432 675.488 675.677 
677.508 676.035 676.201 676.21 676.266 676.217 676.239 676.269 676.26 676.27 676.272 676.267 676.285 676.298 676.229 676.255 676.266 676.258 676.327 676.273 676.237 676.159 676.219 676.26 676.248 676.276 676.169 676.187 675.993 675.701 675.758 675.952 
677.798 676.309 676.475 676.485 676.54 676.492 676.512 676.545 676.534 676.545 676.548 676.544 676.559 676.573 676.504 676.529 676.541 676.533 676.602 676.548 676.514 676.435 676.492 676.534 676.521 676.549 676.445 676.46 676.262 675.966 676.026 676.223 
678.083 676.578 676.745 676.755 676.811 676.762 676.782 676.817 676.806 676.816 676.818 676.816 676.828 676.843 676.775 676.8 676.813 676.805 676.875 676.818 676.786 676.706 676.761 676.804 676.79 676.818 676.717 676.729 676.527 676.228 676.29 676.49 
678.364 676.843 677.01 677.021 677.077 677.029 677.049 677.087 677.075 677.083 677.084 677.084 677.092 677.109 677.042 677.067 677.08 677.073 677.143 677.084 677.053 676.971 677.026 677.068 677.055 677.083 676.984 676.996 676.788 676.485 676.55 676.753 
678.64 677.101 677.27 677.282 677.339 677.291 677.312 677.352 677.34 677.344 677.345 677.347 677.353 677.371 677.305 677.33 677.343 677.337 677.408 677.344 677.316 677.232 677.286 677.328 677.316 677.344 677.247 677.258 677.045 676.738 676.805 677.011 
678.912 677.354 677.525 677.539 677.597 677.548 677.57 677.613 677.599 677.6 677.601 677.605 677.61 677.629 677.564 677.588 677.601 677.596 677.669 677.6 677.572 677.488 677.542 677.582 677.571 677.6 677.504 677.515 677.298 676.986 677.055 677.265 
679.179 677.602 677.775 677.791 677.851 677.8 677.823 677.867 677.853 677.85 677.853 677.857 677.861 677.882 677.818 677.841 677.853 677.85 677.923 677.851 677.823 677.739 677.792 677.832 677.822 677.852 677.755 677.767 677.546 677.231 677.3 677.513 
679.442 677.845 678.02 678.037 678.1 678.047 678.071 678.114 678.1 678.096 678.1 678.103 678.108 678.129 678.067 678.089 678.1 678.097 678.172 678.096 678.069 677.984 678.037 678.076 678.068 678.1 678.001 678.013 677.788 677.47 677.54 677.756 
679.698 678.084 678.259 678.278 678.343 678.288 678.312 678.355 678.34 678.338 678.341 678.343 678.348 678.371 678.31 678.331 678.341 678.339 678.414 678.335 678.309 678.225 678.276 678.316 678.308 678.341 678.242 678.254 678.025 677.705 677.776 677.994 
679.948 678.317 678.492 678.514 678.579 678.524 678.547 678.59 678.575 678.574 678.575 678.577 678.582 678.607 678.546 678.567 678.575 678.575 678.65 678.568 678.543 678.459 678.509 678.55 678.541 678.576 678.477 678.489 678.256 677.934 678.006 678.226 
680.192 678.544 678.718 678.743 678.809 678.755 678.776 678.817 678.803 678.805 678.803 678.805 678.811 678.837 678.776 678.797 678.804 678.804 678.879 678.794 678.77 678.688 678.736 678.778 678.769 678.805 678.707 678.717 678.48 678.156 678.229 678.451 
680.429 678.764 678.938 678.966 679.031 678.979 678.998 679.039 679.026 679.029 679.024 679.026 679.033 679.061 678.999 679.021 679.027 679.027 679.103 679.014 678.991 678.91 678.957 679 678.991 679.027 678.93 678.938 678.7 678.373 678.447 678.669 
680.659 678.977 679.151 679.181 679.245 679.198 679.214 679.254 679.242 679.247 679.239 679.241 679.248 679.278 679.215 679.238 679.245 679.244 679.32 679.227 679.205 679.125 679.173 679.216 679.207 679.242 679.147 679.153 678.913 678.583 678.658 678.882 
680.882 679.183 679.359 679.39 679.453 679.41 679.423 679.463 679.451 679.457 679.449 679.449 679.457 679.488 679.425 679.448 679.456 679.456 679.53 679.434 679.413 679.334 679.383 679.425 679.416 679.45 679.357 679.362 679.121 678.786 678.862 679.088 
681.098 679.381 679.56 679.592 679.653 679.615 679.625 679.665 679.653 679.661 679.652 679.651 679.658 679.691 679.627 679.651 679.66 679.66 679.733 679.636 679.614 679.535 679.586 679.628 679.618 679.652 679.561 679.565 679.322 678.982 679.06 679.288 
681.306 679.573 679.755 679.787 679.847 679.812 679.819 679.86 679.848 679.857 679.848 679.846 679.851 679.887 679.823 679.846 679.857 679.858 679.929 679.831 679.808 679.73 679.782 679.823 679.814 679.846 679.757 679.761 679.517 679.17 679.25 679.481 
681.507 679.757 679.943 679.975 680.033 680.002 680.008 680.049 680.036 680.046 680.037 680.035 680.037 680.076 680.012 680.035 680.048 680.05 680.118 680.02 679.996 679.918 679.972 680.011 680.002 680.033 679.945 679.951 679.705 679.353 679.433 679.667 
681.701 679.936 680.125 680.157 680.214 680.185 680.189 680.231 680.218 680.228 680.221 680.217 680.216 680.258 680.196 680.218 680.232 680.234 680.299 680.204 680.178 680.099 680.156 680.194 680.184 680.213 680.126 680.134 679.886 679.529 679.609 679.847 
681.888 680.109 680.301 680.334 680.389 680.363 680.365 680.407 680.394 680.405 680.398 680.392 680.39 680.435 680.373 680.396 680.41 680.412 680.476 680.382 680.354 680.274 680.335 680.37 680.359 680.388 680.3 680.311 680.06 679.699 679.78 680.021 
682.07 680.278 680.471 680.506 680.56 680.535 680.536 680.578 680.565 680.576 680.57 680.562 680.558 680.607 680.546 680.568 680.584 680.584 680.647 680.555 680.525 680.443 680.509 680.54 680.53 680.556 680.469 680.483 680.229 679.865 679.946 680.191 
