653.862 653.862 653.862 653.862 653.862 653.862 653.862 653.862 653.862 653.862 653.862 653.862 653.862 653.862 653.862 653.862 653.862 653.862 653.862 653.862 653.862 653.862 653.862 653.862 653.862 653.862 653.862 653.862 653.862 653.862 653.862 653.862 
654.014 654.009 654.008 654.009 654.009 654.005 654.01 654.007 654.007 654.007 654.008 654.006 654.006 654.007 654.004 654.006 654.007 654.005 654.005 654.005 654.003 654.006 654.006 654.003 654.001 654.004 654.003 654.003 654.005 654 654.001 653.999 
654.169 654.159 654.158 654.16 654.161 654.152 654.16 654.156 654.156 654.155 654.157 654.154 654.154 654.156 654.151 654.153 654.155 654.151 654.151 654.152 654.149 654.153 654.154 654.148 654.146 654.15 654.148 654.147 654.151 654.141 654.144 654.139 
654.328 654.314 654.312 654.316 654.318 654.303 654.314 654.31 654.31 654.308 654.311 654.308 654.308 654.309 654.302 654.306 654.307 654.303 654.302 654.304 654.299 654.305 654.307 654.298 654.296 654.3 654.298 654.297 654.302 654.288 654.292 654.284 
654.493 654.474 654.474 654.477 654.48 654.46 654.474 654.47 654.469 654.467 654.47 654.467 654.468 654.468 654.46 654.465 654.465 654.46 654.46 654.463 654.456 654.463 654.466 654.454 654.453 654.457 654.454 654.452 654.459 654.441 654.447 654.435 
654.664 654.64 654.642 654.644 654.648 654.624 654.64 654.636 654.636 654.633 654.635 654.633 654.635 654.633 654.625 654.631 654.63 654.625 654.626 654.628 654.62 654.629 654.631 654.617 654.618 654.621 654.617 654.615 654.623 654.601 654.608 654.593 
654.842 654.814 654.817 654.819 654.823 654.795 654.814 654.81 654.809 654.805 654.809 654.807 654.808 654.805 654.797 654.805 654.802 654.797 654.799 654.801 654.791 654.801 654.803 654.787 654.791 654.793 654.786 654.785 654.793 654.769 654.777 654.757 
655.029 654.994 654.999 655.001 655.004 654.974 654.995 654.992 654.989 654.986 654.99 654.989 654.989 654.986 654.977 654.988 654.981 654.977 654.98 654.981 654.97 654.98 654.983 654.965 654.971 654.973 654.964 654.961 654.971 654.946 654.953 654.929 
655.223 655.181 655.188 655.189 655.192 655.161 655.184 655.181 655.176 655.174 655.179 655.177 655.177 655.174 655.164 655.178 655.169 655.163 655.168 655.168 655.156 655.166 655.171 655.151 655.159 655.16 655.148 655.145 655.156 655.13 655.137 655.109 
655.425 655.376 655.385 655.384 655.388 655.356 655.38 655.377 655.37 655.37 655.376 655.374 655.371 655.37 655.358 655.376 655.366 655.357 655.364 655.362 655.35 655.358 655.367 655.346 655.354 655.355 655.34 655.337 655.349 655.323 655.328 655.297 
655.634 655.578 655.588 655.586 655.591 655.559 655.583 655.579 655.571 655.573 655.579 655.578 655.573 655.573 655.56 655.581 655.57 655.558 655.567 655.563 655.551 655.557 655.57 655.549 655.557 655.557 655.539 655.536 655.549 655.523 655.525 655.493 
655.852 655.787 655.797 655.793 655.801 655.769 655.793 655.788 655.778 655.783 655.79 655.789 655.781 655.782 655.769 655.793 655.782 655.767 655.777 655.772 655.76 655.763 655.78 655.761 655.766 655.766 655.745 655.743 655.756 655.73 655.73 655.697 
656.077 656.003 656.013 656.006 656.018 655.987 656.009 656.003 655.992 656 656.006 656.007 655.995 655.999 655.986 656.011 656.001 655.982 655.994 655.988 655.976 655.976 655.998 655.979 655.982 655.981 655.958 655.959 655.971 655.944 655.941 655.908 
656.31 656.226 656.235 656.226 656.243 656.212 656.233 656.224 656.213 656.224 656.229 656.231 656.217 656.222 656.209 656.235 656.226 656.204 656.217 656.211 656.199 656.196 656.221 656.204 656.203 656.204 656.179 656.182 656.192 656.164 656.159 656.125 
656.55 656.454 656.464 656.453 656.473 656.444 656.465 656.452 656.44 656.454 656.459 656.462 656.444 656.451 656.44 656.466 656.457 656.433 656.446 656.441 656.429 656.423 656.45 656.435 656.431 656.433 656.407 656.412 656.42 656.391 656.384 656.349 
656.796 656.688 656.699 656.686 656.71 656.682 656.702 656.686 656.675 656.69 656.694 656.698 656.678 656.687 656.677 656.703 656.692 656.668 656.68 656.678 656.665 656.656 656.686 656.672 656.665 656.667 656.641 656.648 656.655 656.625 656.614 656.578 
657.048 656.927 656.94 656.925 656.953 656.926 656.944 656.926 656.916 656.932 656.936 656.941 656.919 656.928 656.919 656.946 656.932 656.909 656.921 656.921 656.907 656.894 656.927 656.915 656.905 656.908 656.882 656.891 656.896 656.864 656.851 656.813 
657.306 657.172 657.187 657.17 657.201 657.175 657.191 657.172 657.164 657.179 657.182 657.188 657.165 657.174 657.168 657.194 657.179 657.156 657.168 657.17 657.155 657.137 657.174 657.163 657.151 657.155 657.13 657.139 657.143 657.11 657.093 657.053 
657.57 657.422 657.438 657.421 657.453 657.428 657.443 657.423 657.418 657.432 657.434 657.439 657.417 657.425 657.421 657.447 657.431 657.41 657.421 657.423 657.408 657.385 657.426 657.417 657.403 657.407 657.383 657.393 657.395 657.36 657.34 657.297 
657.84 657.677 657.695 657.677 657.711 657.685 657.698 657.68 657.677 657.69 657.691 657.694 657.675 657.681 657.679 657.705 657.689 657.668 657.679 657.682 657.665 657.639 657.682 657.676 657.66 657.665 657.642 657.652 657.653 657.617 657.592 657.547 
658.115 657.937 657.956 657.938 657.972 657.946 657.958 657.942 657.941 657.952 657.953 657.954 657.939 657.941 657.942 657.967 657.953 657.932 657.943 657.944 657.927 657.899 657.944 657.94 657.923 657.929 657.906 657.916 657.914 657.877 657.848 657.801 
658.395 658.203 658.223 658.203 658.237 658.211 658.223 658.208 658.208 658.22 658.219 658.219 658.206 658.205 658.208 658.235 658.222 658.2 658.212 658.211 658.193 658.164 658.209 658.21 658.19 658.198 658.173 658.184 658.181 658.143 658.108 658.06 
658.679 658.473 658.495 658.472 658.505 658.48 658.492 658.479 658.48 658.491 658.489 658.489 658.478 658.474 658.479 658.507 658.494 658.471 658.485 658.481 658.463 658.435 658.479 658.483 658.461 658.472 658.445 658.455 658.452 658.412 658.372 658.324 
658.968 658.746 658.772 658.744 658.777 658.753 658.766 658.752 658.756 658.767 658.764 658.764 658.753 658.746 658.753 658.783 658.769 658.746 658.763 658.755 658.737 658.711 658.754 658.76 658.737 658.75 658.72 658.731 658.727 658.685 658.639 658.592 
659.261 659.023 659.053 659.019 659.053 659.029 659.044 659.029 659.035 659.047 659.042 659.043 659.031 659.023 659.032 659.063 659.048 659.024 659.045 659.032 659.015 658.99 659.034 659.04 659.017 659.033 658.999 659.01 659.007 658.962 658.911 658.865 
659.558 659.302 659.337 659.297 659.333 659.31 659.325 659.31 659.318 659.329 659.324 659.327 659.313 659.305 659.314 659.345 659.329 659.305 659.331 659.313 659.298 659.272 659.317 659.323 659.301 659.319 659.281 659.292 659.291 659.244 659.187 659.14 
659.858 659.583 659.623 659.579 659.618 659.593 659.609 659.594 659.603 659.615 659.609 659.614 659.598 659.591 659.6 659.63 659.614 659.589 659.62 659.597 659.584 659.557 659.604 659.608 659.589 659.609 659.566 659.578 659.578 659.529 659.468 659.419 
660.16 659.866 659.911 659.864 659.906 659.88 659.897 659.881 659.891 659.902 659.896 659.903 659.886 659.88 659.889 659.918 659.901 659.878 659.912 659.884 659.874 659.846 659.895 659.896 659.881 659.903 659.853 659.868 659.869 659.817 659.753 659.7 
660.466 660.152 660.202 660.153 660.197 660.17 660.187 660.172 660.181 660.193 660.186 660.195 660.177 660.173 660.181 660.209 660.192 660.169 660.207 660.176 660.166 660.137 660.189 660.188 660.177 660.198 660.144 660.161 660.163 660.109 660.041 659.984 
660.774 660.439 660.495 660.445 660.491 660.462 660.481 660.465 660.473 660.486 660.479 660.487 660.471 660.468 660.475 660.502 660.485 660.464 660.504 660.471 660.46 660.432 660.486 660.483 660.475 660.496 660.439 660.457 660.459 660.403 660.332 660.271 
661.084 660.729 660.79 660.741 660.787 660.758 660.777 660.76 660.769 660.781 660.774 660.781 660.768 660.765 660.772 660.799 660.782 660.763 660.803 660.77 660.757 660.73 660.786 660.78 660.775 660.795 660.736 660.757 660.758 660.699 660.626 660.562 
661.397 661.023 661.087 661.04 661.085 661.056 661.075 661.058 661.066 661.079 661.073 661.078 661.069 661.065 661.072 661.099 661.08 661.065 661.106 661.071 661.056 661.029 661.088 661.08 661.078 661.096 661.037 661.06 661.059 660.998 660.922 660.857 
661.712 661.32 661.386 661.341 661.386 661.357 661.377 661.358 661.367 661.38 661.373 661.376 661.373 661.368 661.373 661.4 661.382 661.369 661.411 661.375 661.359 661.331 661.392 661.383 661.383 661.399 661.341 661.365 661.362 661.298 661.222 661.155 
662.029 661.62 661.688 661.646 661.689 661.662 661.681 661.662 661.671 661.684 661.677 661.678 661.68 661.675 661.676 661.703 661.686 661.675 661.718 661.681 661.664 661.635 661.698 661.688 661.689 661.703 661.646 661.673 661.667 661.601 661.524 661.456 
662.348 661.923 661.993 661.953 661.994 661.969 661.987 661.967 661.977 661.99 661.982 661.982 661.988 661.985 661.981 662.007 661.993 661.984 662.026 661.99 661.972 661.94 662.004 661.995 661.996 662.01 661.954 661.982 661.973 661.905 661.828 661.759 
662.669 662.227 662.3 662.263 662.302 662.278 662.295 662.275 662.286 662.298 662.289 662.289 662.298 662.297 662.287 662.312 662.303 662.293 662.335 662.3 662.283 662.247 662.312 662.304 662.305 662.318 662.262 662.293 662.282 662.211 662.133 662.064 
662.991 662.533 662.61 662.575 662.611 662.588 662.606 662.584 662.598 662.608 662.597 662.599 662.61 662.611 662.594 662.619 662.614 662.605 662.645 662.612 662.596 662.556 662.619 662.614 662.614 662.627 662.573 662.606 662.593 662.52 662.439 662.37 
663.315 662.84 662.92 662.887 662.921 662.898 662.917 662.894 662.911 662.92 662.907 662.912 662.922 662.927 662.902 662.928 662.926 662.918 662.955 662.924 662.911 662.865 662.928 662.925 662.924 662.938 662.885 662.919 662.905 662.831 662.746 662.676 
663.64 663.148 663.232 663.199 663.233 663.208 663.23 663.206 663.225 663.232 663.218 663.225 663.234 663.243 663.212 663.24 663.24 663.232 663.267 663.238 663.227 663.176 663.239 663.236 663.237 663.251 663.199 663.233 663.219 663.143 663.052 662.983 
663.967 663.457 663.544 663.51 663.546 663.52 663.545 663.519 663.541 663.547 663.53 663.54 663.547 663.559 663.524 663.553 663.553 663.548 663.58 663.552 663.543 663.489 663.551 663.549 663.552 663.565 663.514 663.546 663.535 663.458 663.36 663.29 
664.294 663.767 663.857 663.822 663.86 663.832 663.86 663.833 663.858 663.863 663.843 663.856 663.861 663.876 663.837 663.869 663.867 663.865 663.895 663.867 663.859 663.802 663.865 663.863 663.869 663.88 663.831 663.861 663.852 663.773 663.668 663.598 
664.623 664.077 664.17 664.134 664.175 664.146 664.175 664.148 664.176 664.18 664.159 664.171 664.175 664.194 664.151 664.186 664.181 664.182 664.211 664.184 664.175 664.118 664.179 664.179 664.188 664.196 664.148 664.176 664.171 664.089 663.977 663.906 
664.954 664.388 664.485 664.448 664.491 664.461 664.491 664.466 664.495 664.499 664.477 664.488 664.491 664.513 664.467 664.504 664.497 664.5 664.53 664.501 664.491 664.434 664.494 664.496 664.508 664.513 664.466 664.493 664.491 664.406 664.288 664.214 
665.285 664.7 664.8 664.761 664.807 664.776 664.807 664.785 664.815 664.819 664.796 664.804 664.808 664.832 664.783 664.823 664.813 664.816 664.849 664.819 664.808 664.752 664.809 664.814 664.829 664.832 664.785 664.811 664.811 664.723 664.6 664.523 
665.617 665.013 665.117 665.076 665.125 665.092 665.124 665.105 665.136 665.14 665.116 665.121 665.126 665.152 665.101 665.141 665.131 665.133 665.169 665.138 665.126 665.071 665.125 665.133 665.15 665.151 665.104 665.13 665.131 665.04 664.913 664.832 
665.951 665.327 665.434 665.392 665.443 665.409 665.442 665.426 665.458 665.462 665.437 665.439 665.445 665.472 665.42 665.46 665.45 665.45 665.49 665.457 665.444 665.39 665.441 665.453 665.47 665.471 665.422 665.45 665.45 665.358 665.228 665.142 
666.286 665.643 665.752 665.71 665.763 665.726 665.761 665.747 665.78 665.783 665.758 665.757 665.765 665.793 665.739 665.779 665.77 665.768 665.81 665.776 665.763 665.71 665.759 665.774 665.791 665.791 665.741 665.77 665.769 665.675 665.544 665.452 
666.621 665.96 666.07 666.029 666.083 666.045 666.08 666.067 666.102 666.106 666.079 666.076 666.087 666.114 666.059 666.098 666.092 666.087 666.131 666.095 666.083 666.03 666.077 666.097 666.112 666.112 666.06 666.09 666.089 665.994 665.861 665.763 
666.956 666.277 666.388 666.349 666.405 666.365 666.399 666.388 666.425 666.428 666.401 666.396 666.41 666.436 666.38 666.418 666.415 666.409 666.452 666.414 666.404 666.349 666.396 666.42 666.433 666.433 666.38 666.411 666.408 666.313 666.178 666.074 
667.291 666.596 666.707 666.67 666.728 666.686 666.719 666.708 666.748 666.75 666.723 666.716 666.734 666.758 666.701 666.739 666.739 666.732 666.773 666.736 666.727 666.667 666.715 666.743 666.754 666.755 666.7 666.732 666.728 666.632 666.496 666.385 
667.625 666.916 667.026 666.992 667.05 667.007 667.038 667.028 667.07 667.073 667.046 667.037 667.059 667.079 667.023 667.06 667.061 667.056 667.095 667.059 667.051 666.986 667.036 667.066 667.075 667.077 667.022 667.054 667.048 666.953 666.814 666.697 
667.96 667.237 667.346 667.313 667.372 667.329 667.358 667.349 667.392 667.395 667.368 667.358 667.385 667.401 667.345 667.382 667.383 667.38 667.418 667.382 667.374 667.306 667.358 667.389 667.396 667.4 667.344 667.375 667.368 667.273 667.132 667.01 
668.295 667.558 667.666 667.635 667.693 667.651 667.678 667.671 667.713 667.718 667.692 667.68 667.709 667.721 667.668 667.705 667.705 667.704 667.743 667.706 667.698 667.626 667.681 667.711 667.718 667.723 667.666 667.697 667.688 667.594 667.449 667.323 
668.63 667.88 667.987 667.956 668.014 667.974 667.999 667.992 668.033 668.039 668.016 668.002 668.032 668.041 667.99 668.028 668.025 668.026 668.067 668.028 668.02 667.947 668.004 668.033 668.039 668.047 667.988 668.018 668.008 667.915 667.766 667.637 
668.966 668.201 668.308 668.276 668.334 668.297 668.319 668.315 668.352 668.359 668.34 668.325 668.354 668.361 668.313 668.351 668.346 668.348 668.391 668.35 668.341 668.268 668.327 668.356 668.361 668.37 668.31 668.338 668.328 668.235 668.081 667.951 
669.303 668.521 668.629 668.596 668.654 668.621 668.639 668.638 668.671 668.677 668.665 668.647 668.674 668.682 668.635 668.674 668.666 668.667 668.715 668.67 668.661 668.588 668.65 668.678 668.683 668.692 668.63 668.657 668.647 668.553 668.395 668.265 
669.639 668.839 668.95 668.917 668.975 668.945 668.959 668.961 668.989 668.994 668.988 668.97 668.995 669.002 668.957 668.997 668.986 668.987 669.038 668.991 668.98 668.908 668.972 669.001 669.006 669.013 668.951 668.976 668.967 668.871 668.708 668.58 
669.974 669.156 669.27 669.238 669.295 669.268 669.278 669.283 669.307 669.311 669.31 669.292 669.315 669.323 669.278 669.318 669.306 669.306 669.362 669.313 669.298 669.227 669.292 669.323 669.33 669.333 669.27 669.295 669.286 669.188 669.019 668.895 
670.309 669.474 669.59 669.558 669.616 669.591 669.598 669.605 669.624 669.628 669.631 669.615 669.635 669.644 669.598 669.639 669.626 669.624 669.685 669.636 669.615 669.546 669.612 669.646 669.653 669.653 669.588 669.613 669.604 669.505 669.331 669.209 
670.641 669.791 669.91 669.879 669.936 669.913 669.918 669.928 669.941 669.946 669.951 669.938 669.956 669.966 669.917 669.959 669.946 669.943 670.009 669.958 669.932 669.865 669.93 669.967 669.975 669.972 669.905 669.931 669.923 669.822 669.642 669.524 
670.973 670.108 670.228 670.199 670.256 670.233 670.237 670.25 670.257 670.265 670.272 670.261 670.277 670.287 670.237 670.278 670.266 670.261 670.332 670.28 670.25 670.183 670.248 670.287 670.296 670.292 670.222 670.249 670.241 670.139 669.954 669.837 
671.305 670.426 670.547 670.519 670.575 670.553 670.557 670.571 670.574 670.584 670.593 670.584 670.597 670.608 670.557 670.596 670.586 670.578 670.654 670.601 670.568 670.502 670.567 670.605 670.615 670.611 670.538 670.567 670.559 670.456 670.264 670.151 
671.636 670.743 670.865 670.838 670.894 670.871 670.876 670.892 670.89 670.905 670.914 670.907 670.918 670.929 670.877 670.914 670.906 670.895 670.974 670.92 670.887 670.821 670.885 670.922 670.932 670.93 670.854 670.885 670.876 670.772 670.574 670.463 
671.967 671.059 671.182 671.157 671.213 671.19 671.194 671.213 671.207 671.226 671.234 671.228 671.239 671.249 671.196 671.231 671.225 671.211 671.292 671.238 671.206 671.14 671.204 671.238 671.247 671.249 671.171 671.202 671.192 671.087 670.883 670.776 
672.297 671.374 671.499 671.474 671.531 671.507 671.511 671.533 671.524 671.546 671.554 671.548 671.56 671.569 671.515 671.547 671.544 671.528 671.609 671.555 671.525 671.458 671.522 671.554 671.562 671.568 671.488 671.52 671.508 671.4 671.19 671.088 
672.628 671.689 671.816 671.792 671.85 671.825 671.826 671.853 671.841 671.866 671.873 671.866 671.88 671.888 671.833 671.863 671.861 671.845 671.925 671.87 671.843 671.775 671.839 671.869 671.876 671.886 671.805 671.836 671.823 671.713 671.496 671.399 
672.958 672.003 672.13 672.108 672.169 672.141 672.141 672.172 672.158 672.184 672.19 672.184 672.2 672.207 672.15 672.179 672.178 672.163 672.242 672.185 672.16 672.09 672.155 672.184 672.188 672.204 672.121 672.15 672.136 672.025 671.802 671.71 
673.288 672.316 672.444 672.425 672.488 672.455 672.455 672.491 672.474 672.502 672.506 672.5 672.518 672.524 672.465 672.494 672.494 672.481 672.558 672.499 672.476 672.404 672.47 672.499 672.501 672.522 672.437 672.463 672.447 672.337 672.106 672.019 
673.616 672.627 672.757 672.74 672.806 672.768 672.768 672.808 672.79 672.818 672.821 672.815 672.834 672.839 672.778 672.809 672.809 672.798 672.874 672.812 672.79 672.717 672.784 672.812 672.813 672.839 672.75 672.775 672.756 672.648 672.411 672.327 
673.942 672.936 673.069 673.054 673.123 673.08 673.081 673.124 673.105 673.134 673.134 673.128 673.148 673.153 673.091 673.122 673.123 673.112 673.189 673.126 673.103 673.029 673.096 673.125 673.124 673.155 673.06 673.086 673.063 672.959 672.715 672.633 
674.266 673.243 673.38 673.367 673.438 673.39 673.393 673.437 673.42 673.448 673.446 673.439 673.46 673.465 673.402 673.435 673.436 673.425 673.501 673.438 673.414 673.34 673.405 673.436 673.435 673.469 673.368 673.395 673.37 673.268 673.017 672.937 
674.587 673.548 673.691 673.678 673.75 673.698 673.705 673.747 673.734 673.759 673.755 673.748 673.77 673.775 673.712 673.746 673.746 673.736 673.812 673.75 673.724 673.649 673.713 673.745 673.745 673.78 673.675 673.702 673.677 673.576 673.319 673.241 
674.906 673.852 674 673.988 674.061 674.006 674.015 674.057 674.046 674.068 674.062 674.055 674.078 674.083 674.02 674.054 674.054 674.044 674.12 674.06 674.032 673.957 674.02 674.053 674.054 674.088 673.979 674.006 673.983 673.881 673.619 673.543 
675.224 674.153 674.306 674.296 674.369 674.311 674.324 674.364 674.356 674.375 674.367 674.36 674.384 674.39 674.327 674.36 674.36 674.35 674.427 674.368 674.339 674.262 674.324 674.359 674.36 674.393 674.282 674.309 674.288 674.185 673.918 673.844 
675.539 674.454 674.609 674.603 674.675 674.616 674.632 674.669 674.663 674.68 674.671 674.663 674.688 674.694 674.631 674.664 674.665 674.654 674.732 674.674 674.643 674.565 674.627 674.663 674.664 674.694 674.583 674.61 674.591 674.486 674.216 674.142 
675.854 674.753 674.909 674.907 674.979 674.919 674.938 674.972 674.967 674.982 674.972 674.964 674.99 674.996 674.933 674.965 674.968 674.957 675.035 674.978 674.945 674.866 674.928 674.965 674.964 674.993 674.882 674.909 674.891 674.785 674.512 674.438 
676.166 675.05 675.207 675.209 675.278 675.219 675.241 675.272 675.267 675.281 675.272 675.264 675.289 675.297 675.233 675.264 675.269 675.258 675.335 675.279 675.243 675.163 675.227 675.264 675.262 675.29 675.179 675.206 675.188 675.081 674.805 674.73 
676.478 675.345 675.504 675.509 675.575 675.517 675.541 675.57 675.564 675.576 675.57 675.562 675.586 675.595 675.53 675.561 675.567 675.557 675.632 675.577 675.539 675.459 675.525 675.561 675.557 675.585 675.474 675.5 675.481 675.373 675.094 675.019 
676.787 675.637 675.798 675.804 675.867 675.813 675.838 675.865 675.859 675.869 675.866 675.858 675.881 675.891 675.825 675.854 675.862 675.854 675.926 675.871 675.832 675.753 675.82 675.856 675.85 675.878 675.766 675.792 675.771 675.662 675.381 675.305 
677.094 675.926 676.089 676.096 676.157 676.105 676.129 676.156 676.15 676.159 676.159 676.151 676.173 676.184 676.117 676.145 676.153 676.147 676.216 676.162 676.123 676.045 676.111 676.147 676.14 676.168 676.056 676.081 676.057 675.948 675.664 675.588 
677.396 676.212 676.378 676.385 676.444 676.393 676.416 676.445 676.437 676.446 676.448 676.441 676.462 676.473 676.405 676.432 676.441 676.435 676.504 676.45 676.412 676.334 676.397 676.436 676.426 676.455 676.344 676.365 676.34 676.231 675.943 675.868 
677.694 676.496 676.662 676.669 676.727 676.678 676.699 676.729 676.721 676.73 676.734 676.727 676.747 676.758 676.69 676.716 676.725 676.72 676.788 676.734 676.698 676.619 676.68 676.72 676.709 676.738 676.629 676.647 676.62 676.51 676.22 676.145 
677.986 676.775 676.942 676.95 677.006 676.958 676.978 677.011 677.002 677.011 677.015 677.009 677.026 677.039 676.971 676.996 677.006 677 677.07 677.014 676.98 676.901 676.958 677 676.987 677.017 676.911 676.925 676.896 676.785 676.493 676.419 
678.273 677.05 677.218 677.226 677.282 677.234 677.254 677.289 677.279 677.288 677.291 677.287 677.301 677.315 677.247 677.273 677.283 677.278 677.348 677.29 677.258 677.178 677.233 677.275 677.262 677.291 677.188 677.2 677.169 677.056 676.763 676.688 
678.556 677.32 677.489 677.497 677.555 677.506 677.526 677.564 677.554 677.56 677.562 677.561 677.571 677.587 677.52 677.545 677.557 677.551 677.622 677.561 677.531 677.449 677.503 677.546 677.533 677.562 677.462 677.472 677.438 677.323 677.028 676.953 
678.834 677.584 677.755 677.764 677.822 677.774 677.795 677.835 677.824 677.827 677.829 677.829 677.838 677.854 677.788 677.814 677.825 677.821 677.893 677.827 677.799 677.715 677.769 677.811 677.799 677.828 677.73 677.74 677.703 677.586 677.289 677.214 
679.109 677.843 678.015 678.027 678.086 678.037 678.059 678.101 678.089 678.088 678.091 678.092 678.1 678.118 678.053 678.078 678.089 678.086 678.159 678.089 678.061 677.977 678.031 678.071 678.06 678.09 677.993 678.003 677.964 677.845 677.545 677.47 
679.379 678.097 678.271 678.284 678.346 678.295 678.318 678.361 678.349 678.345 678.349 678.35 678.357 678.376 678.312 678.337 678.347 678.345 678.419 678.345 678.318 678.233 678.287 678.326 678.317 678.348 678.25 678.26 678.219 678.099 677.796 677.721 
679.643 678.346 678.522 678.536 678.6 678.547 678.571 678.615 678.601 678.597 678.601 678.602 678.609 678.629 678.567 678.59 678.599 678.599 678.674 678.596 678.569 678.485 678.538 678.577 678.568 678.601 678.501 678.513 678.47 678.348 678.042 677.966 
679.902 678.59 678.767 678.783 678.849 678.794 678.818 678.861 678.848 678.844 678.848 678.848 678.855 678.877 678.816 678.838 678.845 678.846 678.921 678.841 678.815 678.731 678.782 678.822 678.813 678.848 678.748 678.759 678.714 678.592 678.283 678.206 
680.155 678.829 679.005 679.024 679.091 679.036 679.059 679.101 679.088 679.086 679.088 679.088 679.095 679.119 679.058 679.08 679.086 679.088 679.163 679.079 679.054 678.971 679.021 679.061 679.053 679.089 678.989 679 678.952 678.83 678.518 678.44 
680.4 679.061 679.237 679.259 679.326 679.272 679.294 679.335 679.322 679.322 679.321 679.321 679.329 679.354 679.293 679.315 679.32 679.323 679.398 679.311 679.288 679.205 679.253 679.295 679.287 679.323 679.224 679.233 679.184 679.062 678.748 678.668 
680.639 679.287 679.462 679.487 679.554 679.502 679.522 679.562 679.55 679.552 679.549 679.548 679.557 679.584 679.522 679.545 679.549 679.552 679.627 679.537 679.514 679.433 679.481 679.523 679.514 679.551 679.453 679.46 679.411 679.288 678.971 678.889 
680.872 679.506 679.682 679.709 679.774 679.726 679.743 679.783 679.772 679.775 679.77 679.769 679.778 679.806 679.744 679.768 679.772 679.775 679.85 679.756 679.734 679.654 679.702 679.745 679.736 679.772 679.676 679.681 679.632 679.507 679.188 679.104 
681.097 679.717 679.895 679.923 679.987 679.944 679.958 679.997 679.987 679.992 679.984 679.983 679.993 680.022 679.959 679.984 679.989 679.991 680.066 679.969 679.947 679.868 679.917 679.96 679.951 679.986 679.892 679.895 679.847 679.719 679.398 679.312 
681.315 679.922 680.102 680.131 680.193 680.155 680.165 680.205 680.194 680.201 680.193 680.19 680.199 680.231 680.167 680.192 680.199 680.202 680.275 680.176 680.154 680.076 680.126 680.168 680.159 680.193 680.101 680.104 680.056 679.923 679.601 679.514 
681.526 680.119 680.302 680.331 680.392 680.358 680.365 680.406 680.395 680.402 680.395 680.391 680.398 680.433 680.369 680.393 680.402 680.406 680.476 680.377 680.354 680.276 680.328 680.369 680.36 680.393 680.303 680.306 680.258 680.121 679.797 679.71 
681.729 680.309 680.496 680.525 680.585 680.554 680.559 680.6 680.589 680.597 680.59 680.585 680.59 680.627 680.564 680.588 680.598 680.603 680.671 680.572 680.548 680.469 680.524 680.563 680.554 680.586 680.496 680.501 680.453 680.312 679.986 679.899 
681.925 680.493 680.683 680.713 680.771 680.743 680.747 680.788 680.776 680.785 680.779 680.773 680.775 680.816 680.753 680.777 680.788 680.792 680.858 680.761 680.735 680.656 680.714 680.751 680.741 680.772 680.683 680.69 680.641 680.497 680.168 680.081 
682.115 680.672 680.865 680.896 680.952 680.926 680.928 680.97 680.958 680.967 680.962 680.954 680.954 680.998 680.936 680.96 680.972 680.976 681.04 680.945 680.917 680.837 680.898 680.933 680.922 680.952 680.863 680.873 680.823 680.676 680.344 680.258 
682.299 680.847 681.041 681.074 681.129 681.104 681.105 681.147 681.135 681.144 681.14 681.13 681.129 681.176 681.115 681.139 681.151 681.154 681.217 681.124 681.094 681.012 681.078 681.109 681.099 681.127 681.038 681.05 680.999 680.851 680.516 680.429 
