653.862 653.862 653.862 653.862 653.862 653.862 653.862 653.862 653.862 653.862 653.862 653.862 653.862 653.862 653.862 653.862 653.862 653.862 653.862 653.862 653.862 653.862 653.862 653.862 653.862 653.862 653.862 653.862 653.862 653.862 653.862 653.862 
654.014 654.009 654.008 654.009 654.009 654.005 654.01 654.007 654.007 654.007 654.008 654.006 654.006 654.007 654.004 654.006 654.007 654.005 654.005 654.005 654.003 654.006 654.006 654.003 654.001 654.004 654.003 654.003 654.005 654 654.001 653.999 
654.169 654.159 654.157 654.16 654.161 654.152 654.16 654.156 654.156 654.155 654.157 654.154 654.154 654.156 654.151 654.153 654.155 654.151 654.151 654.152 654.149 654.153 654.154 654.148 654.146 654.15 654.148 654.147 654.151 654.141 654.144 654.139 
654.328 654.314 654.312 654.316 654.318 654.303 654.314 654.31 654.31 654.308 654.311 654.308 654.308 654.309 654.302 654.306 654.307 654.303 654.302 654.304 654.299 654.305 654.307 654.298 654.296 654.3 654.298 654.297 654.302 654.288 654.292 654.284 
654.493 654.474 654.474 654.477 654.48 654.46 654.474 654.47 654.469 654.467 654.47 654.467 654.468 654.468 654.46 654.465 654.465 654.46 654.46 654.463 654.456 654.463 654.466 654.454 654.453 654.457 654.454 654.452 654.459 654.441 654.447 654.435 
654.664 654.64 654.642 654.644 654.648 654.624 654.64 654.636 654.636 654.633 654.635 654.633 654.635 654.633 654.625 654.631 654.63 654.625 654.626 654.628 654.62 654.629 654.631 654.617 654.618 654.621 654.617 654.615 654.623 654.601 654.608 654.593 
654.842 654.814 654.817 654.819 654.823 654.795 654.814 654.81 654.809 654.805 654.809 654.807 654.808 654.806 654.797 654.805 654.802 654.797 654.799 654.801 654.791 654.801 654.803 654.787 654.791 654.793 654.787 654.785 654.793 654.769 654.777 654.757 
655.029 654.994 654.999 655.001 655.004 654.974 654.995 654.992 654.989 654.986 654.99 654.989 654.989 654.986 654.977 654.988 654.981 654.977 654.98 654.981 654.97 654.98 654.983 654.965 654.971 654.973 654.964 654.961 654.971 654.946 654.953 654.93 
655.223 655.181 655.188 655.19 655.192 655.161 655.184 655.181 655.176 655.174 655.179 655.177 655.177 655.174 655.164 655.178 655.169 655.163 655.168 655.168 655.156 655.166 655.171 655.151 655.159 655.16 655.148 655.145 655.156 655.13 655.137 655.109 
655.425 655.376 655.385 655.385 655.388 655.356 655.38 655.377 655.37 655.37 655.376 655.374 655.371 655.37 655.358 655.376 655.366 655.357 655.364 655.362 655.35 655.358 655.366 655.346 655.354 655.355 655.34 655.337 655.349 655.323 655.328 655.297 
655.635 655.578 655.588 655.586 655.591 655.559 655.583 655.579 655.571 655.573 655.579 655.578 655.573 655.573 655.56 655.581 655.57 655.558 655.567 655.563 655.552 655.557 655.57 655.549 655.557 655.557 655.539 655.536 655.549 655.523 655.525 655.493 
655.852 655.787 655.797 655.793 655.801 655.769 655.793 655.788 655.778 655.783 655.789 655.789 655.781 655.783 655.769 655.793 655.782 655.766 655.777 655.772 655.76 655.763 655.78 655.761 655.766 655.766 655.745 655.743 655.756 655.73 655.73 655.697 
656.077 656.003 656.013 656.006 656.018 655.987 656.009 656.003 655.992 656 656.006 656.007 655.995 655.999 655.986 656.011 656.001 655.982 655.994 655.988 655.976 655.976 655.997 655.979 655.982 655.981 655.959 655.959 655.971 655.944 655.941 655.908 
656.31 656.226 656.235 656.226 656.243 656.212 656.233 656.224 656.213 656.224 656.229 656.231 656.217 656.222 656.209 656.235 656.226 656.204 656.217 656.211 656.199 656.196 656.221 656.204 656.203 656.204 656.179 656.182 656.192 656.164 656.159 656.126 
656.55 656.454 656.464 656.453 656.473 656.444 656.464 656.452 656.44 656.454 656.459 656.462 656.444 656.451 656.44 656.466 656.457 656.433 656.446 656.441 656.429 656.423 656.45 656.435 656.431 656.432 656.407 656.412 656.42 656.391 656.384 656.349 
656.796 656.688 656.699 656.686 656.71 656.682 656.702 656.686 656.675 656.69 656.694 656.698 656.678 656.687 656.677 656.703 656.692 656.667 656.68 656.678 656.666 656.656 656.686 656.672 656.665 656.667 656.641 656.648 656.655 656.625 656.614 656.578 
657.048 656.927 656.94 656.925 656.953 656.926 656.944 656.926 656.916 656.932 656.935 656.941 656.918 656.928 656.919 656.946 656.932 656.908 656.921 656.921 656.908 656.894 656.927 656.915 656.905 656.908 656.883 656.891 656.896 656.864 656.851 656.813 
657.306 657.172 657.187 657.17 657.201 657.175 657.191 657.172 657.164 657.179 657.182 657.188 657.165 657.174 657.168 657.194 657.179 657.156 657.168 657.17 657.155 657.137 657.174 657.163 657.151 657.155 657.13 657.139 657.143 657.11 657.093 657.053 
657.57 657.421 657.438 657.421 657.453 657.428 657.442 657.423 657.418 657.432 657.434 657.439 657.417 657.425 657.421 657.447 657.431 657.409 657.421 657.423 657.408 657.385 657.426 657.417 657.403 657.407 657.384 657.393 657.396 657.36 657.34 657.297 
657.84 657.676 657.694 657.677 657.711 657.685 657.698 657.68 657.677 657.69 657.691 657.694 657.675 657.681 657.679 657.705 657.689 657.668 657.679 657.682 657.665 657.639 657.682 657.676 657.66 657.665 657.643 657.652 657.653 657.617 657.591 657.547 
658.115 657.937 657.956 657.938 657.972 657.946 657.958 657.942 657.941 657.952 657.953 657.954 657.938 657.941 657.942 657.967 657.953 657.932 657.943 657.944 657.927 657.899 657.943 657.941 657.923 657.929 657.906 657.916 657.915 657.877 657.847 657.801 
658.395 658.202 658.223 658.203 658.237 658.211 658.223 658.208 658.208 658.22 658.219 658.219 658.206 658.205 658.208 658.235 658.222 658.199 658.212 658.211 658.193 658.164 658.209 658.21 658.19 658.198 658.174 658.184 658.181 658.143 658.107 658.06 
658.679 658.472 658.495 658.472 658.505 658.48 658.492 658.479 658.48 658.491 658.489 658.489 658.477 658.474 658.479 658.507 658.494 658.471 658.485 658.481 658.463 658.435 658.479 658.483 658.461 658.471 658.445 658.455 658.452 658.412 658.371 658.324 
658.968 658.746 658.772 658.744 658.777 658.753 658.766 658.752 658.756 658.767 658.764 658.764 658.752 658.747 658.753 658.783 658.769 658.745 658.763 658.755 658.737 658.711 658.754 658.76 658.737 658.75 658.721 658.731 658.728 658.685 658.639 658.592 
659.261 659.023 659.053 659.019 659.053 659.029 659.044 659.029 659.035 659.047 659.042 659.043 659.031 659.024 659.032 659.063 659.048 659.023 659.045 659.032 659.016 658.99 659.033 659.04 659.017 659.032 659 659.01 659.008 658.962 658.911 658.865 
659.558 659.302 659.336 659.298 659.333 659.31 659.325 659.31 659.318 659.329 659.324 659.327 659.312 659.305 659.314 659.345 659.329 659.304 659.331 659.313 659.299 659.272 659.317 659.323 659.301 659.319 659.281 659.292 659.291 659.244 659.187 659.14 
659.858 659.583 659.622 659.579 659.618 659.593 659.609 659.594 659.603 659.615 659.608 659.614 659.597 659.591 659.6 659.63 659.614 659.589 659.62 659.597 659.585 659.557 659.604 659.608 659.589 659.609 659.566 659.578 659.579 659.529 659.468 659.419 
660.161 659.866 659.911 659.864 659.906 659.88 659.897 659.881 659.891 659.902 659.896 659.903 659.886 659.881 659.889 659.918 659.901 659.877 659.912 659.884 659.874 659.846 659.895 659.897 659.881 659.902 659.854 659.868 659.869 659.817 659.753 659.7 
660.466 660.151 660.201 660.153 660.197 660.17 660.187 660.172 660.181 660.193 660.186 660.195 660.177 660.173 660.181 660.209 660.192 660.169 660.207 660.176 660.166 660.137 660.189 660.188 660.177 660.198 660.145 660.161 660.163 660.109 660.041 659.984 
660.774 660.439 660.494 660.446 660.491 660.463 660.48 660.465 660.473 660.486 660.479 660.487 660.47 660.468 660.475 660.502 660.485 660.464 660.504 660.471 660.461 660.432 660.486 660.483 660.475 660.495 660.439 660.457 660.46 660.403 660.332 660.272 
661.085 660.729 660.789 660.741 660.787 660.758 660.776 660.76 660.769 660.781 660.774 660.781 660.768 660.766 660.772 660.799 660.782 660.762 660.803 660.77 660.757 660.73 660.786 660.781 660.775 660.795 660.737 660.757 660.759 660.699 660.625 660.562 
661.398 661.022 661.087 661.04 661.085 661.056 661.075 661.058 661.066 661.079 661.072 661.078 661.068 661.066 661.072 661.099 661.08 661.064 661.106 661.071 661.057 661.029 661.088 661.081 661.078 661.096 661.038 661.06 661.06 660.998 660.922 660.857 
661.713 661.319 661.386 661.342 661.386 661.357 661.376 661.358 661.367 661.38 661.373 661.376 661.372 661.369 661.373 661.4 661.382 661.369 661.411 661.375 661.359 661.331 661.392 661.384 661.383 661.398 661.341 661.365 661.363 661.298 661.221 661.155 
662.03 661.619 661.688 661.646 661.689 661.662 661.68 661.662 661.671 661.684 661.676 661.678 661.679 661.675 661.676 661.703 661.686 661.675 661.718 661.681 661.664 661.635 661.697 661.689 661.689 661.703 661.647 661.673 661.667 661.601 661.524 661.456 
662.349 661.922 661.992 661.954 661.994 661.969 661.986 661.967 661.977 661.99 661.981 661.982 661.988 661.985 661.981 662.007 661.993 661.983 662.026 661.99 661.973 661.94 662.004 661.996 661.996 662.009 661.954 661.982 661.974 661.905 661.828 661.76 
662.669 662.226 662.3 662.264 662.302 662.278 662.295 662.275 662.286 662.298 662.288 662.289 662.298 662.297 662.287 662.312 662.303 662.293 662.335 662.3 662.284 662.247 662.311 662.304 662.305 662.317 662.263 662.293 662.282 662.211 662.133 662.064 
662.992 662.532 662.609 662.575 662.611 662.588 662.605 662.584 662.598 662.608 662.597 662.599 662.609 662.612 662.594 662.619 662.614 662.604 662.645 662.612 662.597 662.556 662.619 662.614 662.614 662.627 662.573 662.606 662.593 662.52 662.439 662.37 
663.316 662.84 662.92 662.887 662.921 662.898 662.917 662.894 662.911 662.92 662.907 662.912 662.921 662.927 662.902 662.928 662.926 662.917 662.955 662.924 662.912 662.865 662.928 662.925 662.924 662.938 662.885 662.919 662.906 662.831 662.745 662.676 
663.641 663.148 663.231 663.199 663.233 663.208 663.23 663.206 663.225 663.232 663.218 663.225 663.233 663.243 663.212 663.24 663.24 663.232 663.267 663.238 663.227 663.176 663.238 663.237 663.237 663.25 663.2 663.233 663.22 663.143 663.052 662.983 
663.967 663.457 663.544 663.511 663.546 663.52 663.544 663.519 663.541 663.547 663.529 663.54 663.546 663.559 663.524 663.553 663.553 663.548 663.58 663.552 663.543 663.489 663.551 663.55 663.552 663.564 663.515 663.546 663.536 663.458 663.359 663.291 
664.295 663.767 663.856 663.823 663.86 663.832 663.859 663.833 663.858 663.863 663.843 663.856 663.86 663.876 663.837 663.869 663.867 663.864 663.895 663.867 663.859 663.802 663.864 663.864 663.869 663.879 663.831 663.861 663.853 663.773 663.667 663.598 
664.624 664.077 664.17 664.135 664.175 664.146 664.174 664.148 664.176 664.18 664.158 664.171 664.175 664.194 664.151 664.186 664.181 664.182 664.211 664.184 664.175 664.118 664.179 664.179 664.188 664.195 664.149 664.176 664.172 664.089 663.977 663.906 
664.954 664.388 664.484 664.448 664.491 664.461 664.49 664.466 664.495 664.499 664.476 664.488 664.49 664.513 664.467 664.504 664.497 664.499 664.53 664.501 664.492 664.434 664.494 664.496 664.508 664.513 664.467 664.493 664.492 664.406 664.287 664.214 
665.286 664.699 664.8 664.762 664.807 664.776 664.807 664.785 664.815 664.819 664.795 664.804 664.807 664.833 664.783 664.823 664.813 664.816 664.849 664.819 664.809 664.752 664.809 664.815 664.829 664.831 664.786 664.811 664.812 664.723 664.599 664.523 
665.618 665.012 665.116 665.077 665.125 665.092 665.124 665.105 665.136 665.14 665.116 665.121 665.125 665.152 665.101 665.141 665.131 665.132 665.169 665.138 665.127 665.071 665.124 665.134 665.15 665.15 665.104 665.13 665.132 665.04 664.912 664.832 
665.952 665.327 665.433 665.393 665.443 665.409 665.442 665.426 665.458 665.462 665.436 665.439 665.444 665.473 665.42 665.46 665.45 665.449 665.49 665.457 665.445 665.39 665.441 665.454 665.47 665.47 665.423 665.45 665.451 665.358 665.227 665.142 
666.286 665.642 665.751 665.711 665.763 665.726 665.76 665.747 665.78 665.783 665.757 665.757 665.764 665.793 665.739 665.779 665.77 665.767 665.81 665.776 665.764 665.71 665.758 665.775 665.791 665.791 665.742 665.77 665.77 665.675 665.543 665.453 
666.621 665.959 666.069 666.029 666.083 666.045 666.079 666.067 666.102 666.106 666.079 666.076 666.086 666.115 666.059 666.098 666.092 666.087 666.131 666.095 666.084 666.03 666.076 666.097 666.112 666.111 666.061 666.09 666.089 665.994 665.86 665.764 
666.957 666.277 666.387 666.35 666.405 666.365 666.398 666.388 666.425 666.428 666.4 666.396 666.409 666.437 666.38 666.418 666.415 666.408 666.452 666.414 666.405 666.349 666.395 666.421 666.433 666.432 666.38 666.411 666.409 666.313 666.177 666.075 
667.291 666.595 666.706 666.671 666.728 666.686 666.718 666.708 666.748 666.75 666.723 666.716 666.733 666.758 666.701 666.739 666.739 666.731 666.773 666.736 666.728 666.667 666.715 666.744 666.754 666.754 666.701 666.732 666.729 666.632 666.495 666.386 
667.626 666.915 667.026 666.993 667.05 667.007 667.038 667.028 667.07 667.073 667.045 667.037 667.059 667.08 667.023 667.06 667.061 667.055 667.095 667.059 667.051 666.986 667.035 667.067 667.075 667.076 667.022 667.054 667.049 666.953 666.814 666.698 
667.961 667.236 667.345 667.314 667.372 667.329 667.358 667.349 667.392 667.395 667.367 667.358 667.384 667.401 667.345 667.382 667.383 667.379 667.418 667.382 667.375 667.306 667.357 667.39 667.396 667.399 667.344 667.375 667.369 667.273 667.131 667.01 
668.296 667.557 667.666 667.635 667.693 667.651 667.678 667.671 667.713 667.718 667.691 667.68 667.708 667.722 667.668 667.705 667.705 667.703 667.743 667.706 667.699 667.626 667.68 667.712 667.718 667.723 667.667 667.697 667.689 667.594 667.449 667.324 
668.631 667.879 667.986 667.956 668.014 667.974 667.998 667.992 668.033 668.039 668.015 668.002 668.031 668.042 667.99 668.028 668.025 668.026 668.067 668.028 668.021 667.947 668.003 668.034 668.039 668.046 667.989 668.018 668.009 667.915 667.765 667.637 
668.967 668.2 668.307 668.277 668.334 668.297 668.318 668.315 668.352 668.359 668.339 668.325 668.353 668.362 668.313 668.351 668.346 668.347 668.391 668.35 668.342 668.268 668.327 668.356 668.361 668.369 668.31 668.338 668.329 668.235 668.08 667.952 
669.303 668.52 668.628 668.597 668.654 668.621 668.638 668.638 668.671 668.677 668.664 668.647 668.674 668.682 668.635 668.674 668.666 668.667 668.715 668.67 668.662 668.588 668.649 668.679 668.683 668.691 668.631 668.657 668.648 668.553 668.394 668.266 
669.64 668.838 668.949 668.918 668.975 668.945 668.958 668.961 668.989 668.994 668.987 668.97 668.994 669.003 668.957 668.997 668.986 668.986 669.038 668.991 668.981 668.908 668.971 669.002 669.006 669.012 668.951 668.976 668.967 668.871 668.707 668.58 
669.975 669.156 669.269 669.238 669.295 669.268 669.277 669.283 669.307 669.311 669.309 669.292 669.314 669.324 669.278 669.318 669.306 669.305 669.362 669.313 669.299 669.227 669.292 669.324 669.33 669.332 669.271 669.295 669.286 669.188 669.018 668.895 
670.309 669.473 669.589 669.559 669.616 669.591 669.597 669.605 669.624 669.628 669.63 669.615 669.634 669.645 669.598 669.639 669.626 669.624 669.685 669.636 669.616 669.546 669.611 669.647 669.653 669.652 669.589 669.613 669.605 669.505 669.33 669.21 
670.642 669.79 669.909 669.88 669.936 669.913 669.917 669.928 669.941 669.946 669.951 669.938 669.955 669.967 669.917 669.959 669.946 669.942 670.009 669.958 669.933 669.865 669.929 669.968 669.975 669.971 669.906 669.931 669.924 669.822 669.641 669.524 
670.974 670.108 670.227 670.2 670.256 670.233 670.236 670.25 670.257 670.265 670.271 670.261 670.276 670.288 670.237 670.278 670.266 670.26 670.332 670.28 670.25 670.183 670.247 670.288 670.296 670.291 670.223 670.249 670.242 670.139 669.953 669.838 
671.305 670.425 670.546 670.52 670.575 670.553 670.556 670.571 670.574 670.584 670.592 670.584 670.597 670.609 670.557 670.596 670.586 670.577 670.654 670.601 670.569 670.502 670.566 670.606 670.615 670.61 670.539 670.567 670.56 670.456 670.264 670.151 
671.637 670.742 670.864 670.839 670.894 670.871 670.875 670.892 670.89 670.905 670.913 670.907 670.917 670.93 670.877 670.914 670.906 670.894 670.974 670.92 670.888 670.821 670.884 670.923 670.932 670.929 670.855 670.885 670.877 670.772 670.573 670.464 
671.967 671.058 671.181 671.158 671.213 671.19 671.193 671.213 671.207 671.226 671.233 671.228 671.238 671.25 671.196 671.231 671.225 671.21 671.292 671.238 671.207 671.14 671.203 671.239 671.247 671.248 671.172 671.202 671.193 671.087 670.882 670.776 
672.298 671.373 671.499 671.475 671.531 671.507 671.51 671.533 671.524 671.546 671.553 671.548 671.559 671.57 671.515 671.547 671.544 671.527 671.609 671.555 671.526 671.458 671.521 671.555 671.562 671.567 671.489 671.52 671.509 671.4 671.189 671.089 
672.628 671.688 671.815 671.793 671.85 671.825 671.826 671.853 671.841 671.866 671.872 671.866 671.88 671.889 671.833 671.863 671.861 671.845 671.925 671.87 671.844 671.775 671.838 671.87 671.876 671.885 671.806 671.836 671.824 671.713 671.495 671.4 
672.959 672.002 672.13 672.109 672.169 672.141 672.14 672.172 672.158 672.184 672.189 672.184 672.199 672.207 672.15 672.179 672.178 672.162 672.242 672.185 672.161 672.09 672.154 672.185 672.188 672.203 672.122 672.15 672.137 672.025 671.801 671.711 
673.288 672.315 672.443 672.426 672.488 672.455 672.454 672.491 672.474 672.502 672.505 672.5 672.517 672.525 672.465 672.494 672.494 672.48 672.558 672.499 672.477 672.404 672.469 672.5 672.501 672.521 672.438 672.463 672.448 672.337 672.105 672.02 
673.617 672.626 672.756 672.741 672.806 672.768 672.767 672.808 672.79 672.818 672.82 672.815 672.833 672.84 672.778 672.809 672.809 672.797 672.874 672.812 672.791 672.717 672.783 672.813 672.813 672.838 672.751 672.775 672.757 672.648 672.41 672.327 
673.943 672.935 673.068 673.055 673.123 673.08 673.08 673.124 673.105 673.134 673.133 673.128 673.147 673.154 673.091 673.122 673.123 673.111 673.189 673.126 673.104 673.029 673.095 673.126 673.124 673.154 673.061 673.086 673.064 672.959 672.714 672.633 
674.267 673.242 673.379 673.368 673.438 673.39 673.392 673.437 673.42 673.448 673.445 673.439 673.459 673.466 673.402 673.435 673.436 673.424 673.501 673.438 673.415 673.34 673.404 673.437 673.435 673.468 673.369 673.395 673.371 673.268 673.016 672.938 
674.588 673.547 673.69 673.679 673.75 673.698 673.704 673.747 673.734 673.759 673.754 673.748 673.769 673.776 673.712 673.746 673.746 673.735 673.812 673.75 673.725 673.649 673.712 673.746 673.745 673.779 673.676 673.702 673.678 673.576 673.318 673.241 
674.907 673.85 673.999 673.989 674.061 674.006 674.014 674.057 674.046 674.068 674.061 674.055 674.077 674.084 674.02 674.054 674.054 674.043 674.12 674.06 674.033 673.957 674.019 674.054 674.054 674.087 673.98 674.006 673.984 673.881 673.618 673.544 
675.224 674.152 674.305 674.297 674.369 674.311 674.323 674.364 674.356 674.375 674.366 674.36 674.383 674.391 674.327 674.36 674.36 674.349 674.427 674.368 674.34 674.262 674.323 674.36 674.36 674.392 674.283 674.309 674.289 674.185 673.917 673.844 
675.54 674.453 674.608 674.604 674.675 674.616 674.631 674.669 674.663 674.68 674.67 674.663 674.687 674.695 674.631 674.664 674.665 674.653 674.732 674.674 674.644 674.565 674.626 674.664 674.664 674.693 674.584 674.61 674.592 674.486 674.215 674.143 
675.854 674.752 674.908 674.908 674.979 674.919 674.937 674.972 674.967 674.982 674.971 674.964 674.989 674.997 674.933 674.965 674.968 674.955 675.035 674.978 674.946 674.866 674.927 674.966 674.964 674.992 674.883 674.909 674.892 674.785 674.511 674.439 
676.167 675.049 675.206 675.211 675.278 675.219 675.24 675.272 675.267 675.281 675.271 675.264 675.288 675.298 675.233 675.264 675.269 675.257 675.335 675.279 675.244 675.163 675.226 675.265 675.262 675.289 675.18 675.206 675.189 675.081 674.803 674.731 
676.479 675.344 675.502 675.51 675.575 675.517 675.54 675.57 675.564 675.576 675.569 675.562 675.585 675.596 675.53 675.561 675.567 675.556 675.632 675.577 675.54 675.459 675.524 675.562 675.557 675.584 675.475 675.5 675.482 675.373 675.093 675.02 
676.788 675.636 675.797 675.805 675.867 675.813 675.836 675.865 675.859 675.869 675.865 675.858 675.88 675.892 675.825 675.854 675.862 675.853 675.926 675.871 675.833 675.753 675.819 675.857 675.85 675.877 675.767 675.792 675.772 675.662 675.38 675.306 
677.095 675.925 676.088 676.098 676.157 676.105 676.128 676.156 676.15 676.159 676.158 676.151 676.172 676.185 676.117 676.145 676.153 676.146 676.216 676.162 676.124 676.045 676.11 676.148 676.14 676.167 676.058 676.081 676.059 675.948 675.663 675.589 
677.397 676.211 676.377 676.386 676.444 676.393 676.415 676.445 676.437 676.446 676.447 676.441 676.461 676.474 676.405 676.432 676.441 676.434 676.504 676.45 676.413 676.334 676.396 676.437 676.426 676.454 676.345 676.365 676.342 676.231 675.942 675.869 
677.695 676.494 676.661 676.671 676.727 676.678 676.698 676.729 676.721 676.73 676.733 676.727 676.745 676.76 676.69 676.716 676.725 676.719 676.788 676.734 676.699 676.619 676.679 676.721 676.709 676.737 676.63 676.647 676.621 676.51 676.219 676.146 
677.987 676.774 676.941 676.951 677.006 676.958 676.977 677.011 677.002 677.011 677.014 677.009 677.025 677.04 676.971 676.996 677.006 676.999 677.07 677.014 676.981 676.901 676.957 677.001 676.987 677.016 676.912 676.925 676.898 676.785 676.492 676.419 
678.274 677.049 677.217 677.227 677.282 677.234 677.253 677.289 677.279 677.288 677.29 677.287 677.3 677.316 677.247 677.273 677.284 677.276 677.348 677.29 677.259 677.178 677.231 677.277 677.262 677.29 677.19 677.2 677.17 677.056 676.762 676.689 
678.557 677.319 677.487 677.499 677.555 677.506 677.525 677.564 677.554 677.56 677.561 677.561 677.57 677.588 677.52 677.545 677.557 677.55 677.622 677.561 677.532 677.449 677.502 677.547 677.533 677.561 677.463 677.472 677.439 677.323 677.027 676.954 
678.835 677.583 677.753 677.766 677.823 677.774 677.794 677.835 677.824 677.827 677.828 677.829 677.836 677.856 677.788 677.814 677.825 677.82 677.893 677.827 677.8 677.715 677.768 677.812 677.799 677.827 677.731 677.74 677.704 677.586 677.288 677.215 
679.11 677.842 678.014 678.028 678.086 678.037 678.058 678.101 678.089 678.088 678.09 678.092 678.098 678.119 678.053 678.078 678.089 678.085 678.159 678.089 678.062 677.977 678.03 678.073 678.06 678.089 677.994 678.003 677.965 677.845 677.544 677.471 
679.38 678.096 678.27 678.285 678.346 678.295 678.317 678.361 678.349 678.345 678.348 678.35 678.356 678.377 678.312 678.337 678.347 678.344 678.419 678.345 678.319 678.233 678.286 678.328 678.317 678.347 678.251 678.26 678.221 678.099 677.795 677.722 
679.644 678.344 678.521 678.537 678.6 678.547 678.57 678.615 678.601 678.597 678.6 678.602 678.608 678.631 678.567 678.59 678.599 678.598 678.674 678.596 678.571 678.485 678.536 678.578 678.568 678.6 678.503 678.513 678.471 678.348 678.041 677.967 
679.903 678.589 678.765 678.784 678.849 678.794 678.817 678.861 678.848 678.844 678.847 678.848 678.854 678.878 678.816 678.838 678.845 678.845 678.921 678.841 678.816 678.731 678.781 678.823 678.813 678.847 678.749 678.759 678.715 678.592 678.282 678.207 
680.156 678.827 679.004 679.026 679.091 679.036 679.058 679.101 679.088 679.086 679.087 679.088 679.094 679.12 679.058 679.08 679.086 679.086 679.163 679.079 679.056 678.971 679.019 679.063 679.053 679.088 678.99 679 678.953 678.83 678.517 678.441 
680.401 679.06 679.235 679.26 679.326 679.272 679.292 679.335 679.322 679.322 679.32 679.321 679.328 679.356 679.293 679.315 679.32 679.321 679.398 679.311 679.289 679.205 679.252 679.297 679.287 679.322 679.225 679.233 679.186 679.062 678.747 678.669 
680.64 679.286 679.461 679.489 679.554 679.502 679.52 679.562 679.55 679.552 679.547 679.548 679.556 679.585 679.522 679.545 679.549 679.55 679.627 679.537 679.516 679.433 679.479 679.525 679.514 679.55 679.454 679.46 679.412 679.288 678.97 678.89 
680.873 679.504 679.68 679.71 679.774 679.726 679.742 679.783 679.772 679.775 679.768 679.769 679.777 679.808 679.744 679.768 679.772 679.773 679.85 679.756 679.736 679.654 679.701 679.746 679.736 679.771 679.677 679.681 679.633 679.507 679.186 679.105 
681.098 679.716 679.893 679.924 679.987 679.944 679.956 679.997 679.987 679.992 679.983 679.983 679.991 680.024 679.959 679.984 679.989 679.99 680.066 679.969 679.949 679.868 679.916 679.961 679.951 679.985 679.893 679.895 679.849 679.719 679.396 679.313 
681.316 679.92 680.1 680.132 680.193 680.155 680.164 680.205 680.194 680.201 680.192 680.19 680.198 680.232 680.167 680.192 680.199 680.2 680.275 680.176 680.156 680.076 680.125 680.169 680.159 680.192 680.102 680.104 680.057 679.923 679.6 679.516 
681.527 680.117 680.301 680.333 680.392 680.358 680.364 680.406 680.395 680.402 680.394 680.391 680.397 680.434 680.369 680.393 680.402 680.404 680.476 680.377 680.356 680.276 680.327 680.37 680.36 680.392 680.304 680.306 680.26 680.121 679.796 679.711 
681.73 680.308 680.494 680.527 680.585 680.554 680.558 680.6 680.589 680.597 680.589 680.585 680.589 680.629 680.564 680.588 680.598 680.601 680.671 680.572 680.549 680.469 680.523 680.564 680.554 680.585 680.498 680.501 680.455 680.312 679.984 679.9 
681.926 680.492 680.682 680.715 680.771 680.743 680.745 680.788 680.776 680.785 680.778 680.773 680.774 680.817 680.753 680.777 680.788 680.791 680.858 680.761 680.737 680.656 680.712 680.752 680.741 680.771 680.684 680.69 680.643 680.497 680.167 680.082 
682.116 680.671 680.863 680.897 680.952 680.926 680.927 680.97 680.958 680.967 680.961 680.954 680.953 681 680.936 680.96 680.972 680.975 681.04 680.945 680.918 680.837 680.897 680.934 680.922 680.951 680.865 680.873 680.824 680.676 680.343 680.259 
682.301 680.846 681.04 681.075 681.129 681.104 681.104 681.147 681.135 681.144 681.138 681.13 681.127 681.177 681.115 681.139 681.151 681.153 681.217 681.124 681.095 681.012 681.076 681.111 681.099 681.125 681.04 681.05 681 680.851 680.515 680.431 
