0 0 0 0 0 0 0 0 0 0 0 0 0 0 0 0 0 0 0 0 0 0 0 0 0 0 0 0 0 0 0 0 
-0.00351881 -0.00828121 -0.0082643 -0.008297 -0.00828009 -0.00828009 -0.0082643 -0.008297 -0.00828009 -0.00828009 -0.008297 -0.0082643 -0.0082643 -0.008297 -0.00828009 -0.0082643 -0.00828121 -0.00828009 -0.008297 -0.00828009 -0.00828121 -0.008297 -0.00828009 -0.0082643 -0.00828009 -0.0082643 -0.008297 -0.0082643 -0.008297 -0.00828009 -0.0140982 -0.0101286 
-0.00682482 -0.0160849 -0.0160511 -0.0161165 -0.0160827 -0.0160827 -0.0160511 -0.0161165 -0.0160827 -0.0160827 -0.0161165 -0.0160511 -0.0160511 -0.0161165 -0.0160827 -0.0160511 -0.0160849 -0.0160827 -0.0161165 -0.0160827 -0.0160849 -0.0161165 -0.0160827 -0.0160511 -0.0160827 -0.0160511 -0.0161165 -0.0160511 -0.0161165 -0.0160827 -0.0279692 -0.0203139 
-0.0101272 -0.0238851 -0.0238344 -0.0239325 -0.0238818 -0.0238818 -0.0238344 -0.0239325 -0.0238817 -0.0238817 -0.0239325 -0.0238344 -0.0238344 -0.0239325 -0.0238817 -0.0238344 -0.0238851 -0.0238817 -0.0239325 -0.0238817 -0.0238851 -0.0239325 -0.0238817 -0.0238343 -0.0238817 -0.0238344 -0.0239324 -0.0238343 -0.0239324 -0.0238817 -0.0418698 -0.0305687 
-0.013431 -0.0316825 -0.0316148 -0.0317456 -0.031678 -0.031678 -0.0316148 -0.0317456 -0.0316779 -0.031678 -0.0317456 -0.0316148 -0.0316148 -0.0317456 -0.0316779 -0.0316148 -0.0316824 -0.0316779 -0.0317456 -0.0316779 -0.0316824 -0.0317456 -0.0316779 -0.0316147 -0.0316779 -0.0316148 -0.0317455 -0.0316147 -0.0317455 -0.0316779 -0.0558036 -0.0408923 
-0.0167342 -0.0394807 -0.0393961 -0.0395596 -0.0394751 -0.039475 -0.0393961 -0.0395596 -0.039475 -0.039475 -0.0395596 -0.039396 -0.039396 -0.0395596 -0.039475 -0.039396 -0.0394806 -0.039475 -0.0395595 -0.0394749 -0.0394805 -0.0395595 -0.039475 -0.039396 -0.0394749 -0.039396 -0.0395594 -0.039396 -0.0395594 -0.0394749 -0.0697852 -0.0513038 
-0.0200376 -0.0472798 -0.0471784 -0.0473746 -0.0472731 -0.0472731 -0.0471783 -0.0473745 -0.047273 -0.047273 -0.0473745 -0.0471782 -0.0471782 -0.0473745 -0.047273 -0.0471782 -0.0472797 -0.047273 -0.0473744 -0.0472729 -0.0472796 -0.0473744 -0.047273 -0.0471782 -0.0472729 -0.0471782 -0.0473743 -0.0471781 -0.0473743 -0.0472728 -0.0838174 -0.0618109 
-0.0233412 -0.055078 -0.0549596 -0.0551885 -0.0550701 -0.0550701 -0.0549595 -0.0551885 -0.05507 -0.0550701 -0.0551885 -0.0549595 -0.0549594 -0.0551884 -0.05507 -0.0549594 -0.0550778 -0.0550701 -0.0551884 -0.0550699 -0.0550777 -0.0551884 -0.05507 -0.0549593 -0.0550699 -0.0549594 -0.0551882 -0.0549593 -0.0551882 -0.0550698 -0.0978948 -0.0724077 
-0.0266453 -0.0628772 -0.0627419 -0.0630035 -0.0628682 -0.0628682 -0.0627418 -0.0630034 -0.0628681 -0.0628681 -0.0630034 -0.0627417 -0.0627417 -0.0630034 -0.062868 -0.0627416 -0.062877 -0.0628681 -0.0630033 -0.0628679 -0.0628768 -0.0630033 -0.062868 -0.0627415 -0.0628678 -0.0627415 -0.0630031 -0.0627415 -0.0630031 -0.0628677 -0.112018 -0.0831053 
-0.0299506 -0.0706757 -0.0705236 -0.0708178 -0.0706657 -0.0706656 -0.0705234 -0.0708178 -0.0706655 -0.0706656 -0.0708178 -0.0705233 -0.0705233 -0.0708177 -0.0706655 -0.0705233 -0.0706755 -0.0706655 -0.0708176 -0.0706653 -0.0706754 -0.0708176 -0.0706654 -0.0705231 -0.0706652 -0.0705231 -0.0708174 -0.0705231 -0.0708174 -0.0706651 -0.126194 -0.0938992 
-0.0332549 -0.0784734 -0.0783043 -0.0786313 -0.0784622 -0.0784622 -0.0783042 -0.0786313 -0.078462 -0.0784621 -0.0786312 -0.0783041 -0.078304 -0.0786311 -0.078462 -0.078304 -0.0784731 -0.078462 -0.078631 -0.0784618 -0.078473 -0.078631 -0.0784619 -0.0783038 -0.0784617 -0.0783038 -0.0786307 -0.0783037 -0.0786307 -0.0784615 -0.140418 -0.104805 
-0.036561 -0.0862729 -0.0860869 -0.0864466 -0.0862606 -0.0862605 -0.0860867 -0.0864466 -0.0862604 -0.0862605 -0.0864464 -0.0860867 -0.0860866 -0.0864464 -0.0862603 -0.0860866 -0.0862726 -0.0862604 -0.0864463 -0.0862601 -0.0862724 -0.0864462 -0.0862602 -0.0860863 -0.08626 -0.0860863 -0.0864459 -0.0860862 -0.0864459 -0.0862597 -0.1547 -0.115827 
-0.0398665 -0.0940747 -0.0938718 -0.0942642 -0.0940613 -0.0940612 -0.0938716 -0.0942642 -0.094061 -0.0940612 -0.094264 -0.0938716 -0.0938714 -0.094264 -0.094061 -0.0938714 -0.0940743 -0.0940611 -0.0942639 -0.0940607 -0.0940742 -0.0942637 -0.0940608 -0.0938711 -0.0940606 -0.0938711 -0.0942634 -0.093871 -0.0942634 -0.0940603 -0.169037 -0.126978 
-0.0431733 -0.101876 -0.101657 -0.102082 -0.101862 -0.101862 -0.101656 -0.102082 -0.101862 -0.101862 -0.102081 -0.101656 -0.101656 -0.102081 -0.101862 -0.101656 -0.101876 -0.101862 -0.102081 -0.101861 -0.101876 -0.102081 -0.101861 -0.101656 -0.101861 -0.101656 -0.102081 -0.101656 -0.102081 -0.101861 -0.183426 -0.138235 
-0.046479 -0.109677 -0.109441 -0.109898 -0.109662 -0.109662 -0.109441 -0.109898 -0.109661 -0.109662 -0.109898 -0.10944 -0.10944 -0.109898 -0.109661 -0.10944 -0.109677 -0.109662 -0.109898 -0.109661 -0.109677 -0.109898 -0.109661 -0.10944 -0.109661 -0.10944 -0.109898 -0.10944 -0.109897 -0.109661 -0.197859 -0.149591 
-0.0497836 -0.117479 -0.117226 -0.117716 -0.117462 -0.117462 -0.117225 -0.117716 -0.117462 -0.117462 -0.117716 -0.117225 -0.117225 -0.117716 -0.117462 -0.117225 -0.117479 -0.117462 -0.117716 -0.117462 -0.117479 -0.117715 -0.117462 -0.117225 -0.117462 -0.117225 -0.117715 -0.117224 -0.117715 -0.117461 -0.212324 -0.161028 
-0.0530887 -0.12528 -0.12501 -0.125533 -0.125262 -0.125262 -0.12501 -0.125533 -0.125262 -0.125262 -0.125533 -0.12501 -0.125009 -0.125532 -0.125262 -0.125009 -0.12528 -0.125262 -0.125533 -0.125262 -0.12528 -0.125532 -0.125262 -0.125009 -0.125261 -0.125009 -0.125532 -0.125008 -0.125532 -0.125261 -0.226825 -0.172523 
-0.0563953 -0.133084 -0.132797 -0.133353 -0.133065 -0.133065 -0.132797 -0.133353 -0.133065 -0.133065 -0.133353 -0.132797 -0.132796 -0.133352 -0.133065 -0.132796 -0.133084 -0.133065 -0.133352 -0.133064 -0.133083 -0.133352 -0.133065 -0.132796 -0.133064 -0.132796 -0.133351 -0.132795 -0.133351 -0.133064 -0.241364 -0.184081 
-0.0597011 -0.140886 -0.140582 -0.141171 -0.140866 -0.140866 -0.140582 -0.141171 -0.140866 -0.140866 -0.14117 -0.140582 -0.140581 -0.14117 -0.140866 -0.140581 -0.140886 -0.140866 -0.14117 -0.140865 -0.140885 -0.14117 -0.140865 -0.140581 -0.140865 -0.140581 -0.141169 -0.14058 -0.141169 -0.140864 -0.255936 -0.195703 
-0.063008 -0.148694 -0.148373 -0.148994 -0.148673 -0.148673 -0.148372 -0.148994 -0.148672 -0.148673 -0.148994 -0.148372 -0.148372 -0.148993 -0.148672 -0.148372 -0.148693 -0.148672 -0.148993 -0.148672 -0.148693 -0.148993 -0.148672 -0.148371 -0.148671 -0.148371 -0.148992 -0.148371 -0.148992 -0.148671 -0.270552 -0.207394 
-0.0663143 -0.156498 -0.15616 -0.156814 -0.156476 -0.156476 -0.156159 -0.156814 -0.156475 -0.156476 -0.156814 -0.15616 -0.156159 -0.156813 -0.156475 -0.156159 -0.156497 -0.156475 -0.156813 -0.156475 -0.156497 -0.156813 -0.156475 -0.156158 -0.156474 -0.156158 -0.156812 -0.156158 -0.156812 -0.156473 -0.2852 -0.21915 
-0.0696216 -0.164302 -0.163947 -0.164633 -0.164278 -0.164278 -0.163946 -0.164633 -0.164278 -0.164278 -0.164633 -0.163946 -0.163946 -0.164632 -0.164277 -0.163946 -0.164301 -0.164278 -0.164633 -0.164277 -0.164301 -0.164632 -0.164277 -0.163945 -0.164277 -0.163945 -0.164631 -0.163945 -0.164631 -0.164276 -0.299883 -0.230977 
-0.0729286 -0.172108 -0.171736 -0.172455 -0.172083 -0.172083 -0.171735 -0.172455 -0.172083 -0.172084 -0.172455 -0.171736 -0.171735 -0.172455 -0.172083 -0.171735 -0.172107 -0.172083 -0.172455 -0.172082 -0.172107 -0.172454 -0.172082 -0.171734 -0.172082 -0.171734 -0.172453 -0.171734 -0.172453 -0.172081 -0.314605 -0.242867 
-0.0762369 -0.179916 -0.179527 -0.180279 -0.179891 -0.179891 -0.179527 -0.180279 -0.17989 -0.179891 -0.180279 -0.179527 -0.179526 -0.180279 -0.17989 -0.179526 -0.179915 -0.17989 -0.180279 -0.179889 -0.179915 -0.180278 -0.179889 -0.179526 -0.179889 -0.179525 -0.180277 -0.179525 -0.180277 -0.179888 -0.329358 -0.254812 
-0.079546 -0.187724 -0.187318 -0.188103 -0.187697 -0.187697 -0.187318 -0.188103 -0.187697 -0.187698 -0.188103 -0.187318 -0.187317 -0.188102 -0.187697 -0.187318 -0.187723 -0.187697 -0.188103 -0.187696 -0.187723 -0.188102 -0.187696 -0.187317 -0.187696 -0.187316 -0.188101 -0.187316 -0.188101 -0.187695 -0.344145 -0.266817 
-0.0828548 -0.195532 -0.195109 -0.195927 -0.195504 -0.195504 -0.195109 -0.195927 -0.195503 -0.195504 -0.195927 -0.195109 -0.195108 -0.195926 -0.195503 -0.195108 -0.195531 -0.195504 -0.195926 -0.195503 -0.195531 -0.195925 -0.195503 -0.195107 -0.195502 -0.195107 -0.195925 -0.195107 -0.195924 -0.195501 -0.358961 -0.278881 
-0.0861617 -0.203337 -0.202898 -0.203748 -0.203309 -0.203309 -0.202897 -0.203748 -0.203308 -0.203309 -0.203748 -0.202898 -0.202897 -0.203747 -0.203307 -0.202897 -0.203337 -0.203308 -0.203748 -0.203307 -0.203336 -0.203746 -0.203307 -0.202896 -0.203306 -0.202896 -0.203746 -0.202895 -0.203745 -0.203305 -0.373807 -0.291015 
-0.0894709 -0.211145 -0.210689 -0.211572 -0.211115 -0.211115 -0.210688 -0.211572 -0.211114 -0.211116 -0.211572 -0.210688 -0.210688 -0.211571 -0.211114 -0.210688 -0.211144 -0.211115 -0.211571 -0.211114 -0.211144 -0.21157 -0.211114 -0.210687 -0.211113 -0.210686 -0.211569 -0.210686 -0.211569 -0.211112 -0.388681 -0.303204 
-0.0927808 -0.218955 -0.218482 -0.219398 -0.218924 -0.218924 -0.218481 -0.219397 -0.218923 -0.218925 -0.219398 -0.218482 -0.218481 -0.219397 -0.218923 -0.218481 -0.218954 -0.218924 -0.219397 -0.218923 -0.218954 -0.219396 -0.218923 -0.21848 -0.218922 -0.218479 -0.219395 -0.218479 -0.219395 -0.21892 -0.403584 -0.315446 
-0.0960911 -0.226762 -0.226272 -0.227221 -0.22673 -0.226731 -0.226272 -0.227221 -0.22673 -0.226731 -0.227221 -0.226272 -0.226271 -0.22722 -0.226729 -0.226271 -0.226762 -0.22673 -0.22722 -0.226729 -0.226761 -0.227219 -0.226729 -0.22627 -0.226728 -0.22627 -0.227218 -0.226269 -0.227218 -0.226726 -0.418505 -0.327711 
-0.0994009 -0.234572 -0.234065 -0.235046 -0.234539 -0.234539 -0.234064 -0.235046 -0.234538 -0.234539 -0.235046 -0.234065 -0.234064 -0.235045 -0.234537 -0.234064 -0.234571 -0.234538 -0.235045 -0.234538 -0.23457 -0.235044 -0.234537 -0.234062 -0.234536 -0.234062 -0.235043 -0.234061 -0.235043 -0.234535 -0.433451 -0.340004 
-0.10271 -0.24238 -0.241857 -0.242871 -0.242346 -0.242347 -0.241856 -0.24287 -0.242345 -0.242347 -0.242871 -0.241856 -0.241856 -0.242869 -0.242345 -0.241856 -0.24238 -0.242346 -0.24287 -0.242346 -0.242379 -0.242869 -0.242345 -0.241854 -0.242344 -0.241854 -0.242867 -0.241853 -0.242867 -0.242342 -0.448405 -0.35231 
-0.106018 -0.250191 -0.24965 -0.250697 -0.250156 -0.250156 -0.24965 -0.250697 -0.250155 -0.250156 -0.250697 -0.24965 -0.249649 -0.250695 -0.250154 -0.249649 -0.25019 -0.250155 -0.250696 -0.250155 -0.250189 -0.250695 -0.250154 -0.249647 -0.250153 -0.249647 -0.250693 -0.249646 -0.250693 -0.250151 -0.463369 -0.364639 
-0.109327 -0.257999 -0.257442 -0.258521 -0.257963 -0.257963 -0.257442 -0.258521 -0.257962 -0.257964 -0.258522 -0.257442 -0.257441 -0.25852 -0.257962 -0.257441 -0.257999 -0.257963 -0.258521 -0.257962 -0.257998 -0.258519 -0.257962 -0.257439 -0.25796 -0.257439 -0.258518 -0.257438 -0.258518 -0.257958 -0.47834 -0.376978 
-0.112636 -0.265809 -0.265235 -0.266347 -0.265772 -0.265772 -0.265235 -0.266347 -0.265771 -0.265773 -0.266348 -0.265235 -0.265234 -0.266346 -0.265771 -0.265234 -0.265809 -0.265772 -0.266347 -0.265771 -0.265808 -0.266345 -0.265771 -0.265232 -0.265769 -0.265232 -0.266343 -0.265231 -0.266344 -0.265767 -0.493319 -0.389349 
-0.115949 -0.273621 -0.27303 -0.274175 -0.273583 -0.273583 -0.27303 -0.274175 -0.273582 -0.273583 -0.274175 -0.27303 -0.273029 -0.274173 -0.273581 -0.273029 -0.27362 -0.273582 -0.274174 -0.273582 -0.27362 -0.274172 -0.273581 -0.273027 -0.27358 -0.273026 -0.274171 -0.273026 -0.274171 -0.273578 -0.508302 -0.401732 
-0.119259 -0.281431 -0.280823 -0.282001 -0.281392 -0.281392 -0.280823 -0.282001 -0.281391 -0.281393 -0.282001 -0.280823 -0.280822 -0.281999 -0.28139 -0.280822 -0.281431 -0.281391 -0.282 -0.281391 -0.28143 -0.281998 -0.28139 -0.28082 -0.281389 -0.280819 -0.281996 -0.280819 -0.281997 -0.281386 -0.523283 -0.414139 
-0.122567 -0.289242 -0.288617 -0.289827 -0.289202 -0.289202 -0.288617 -0.289827 -0.289201 -0.289202 -0.289828 -0.288617 -0.288616 -0.289826 -0.2892 -0.288616 -0.289242 -0.289201 -0.289827 -0.289201 -0.289241 -0.289825 -0.2892 -0.288614 -0.289198 -0.288613 -0.289823 -0.288613 -0.289823 -0.289196 -0.538275 -0.426559 
-0.125878 -0.297054 -0.296413 -0.297655 -0.297013 -0.297013 -0.296413 -0.297655 -0.297012 -0.297014 -0.297656 -0.296413 -0.296412 -0.297654 -0.297011 -0.296411 -0.297054 -0.297012 -0.297655 -0.297012 -0.297053 -0.297653 -0.297011 -0.296409 -0.297009 -0.296408 -0.297651 -0.296408 -0.297651 -0.297007 -0.55327 -0.438983 
-0.129188 -0.304866 -0.304207 -0.305483 -0.304823 -0.304824 -0.304207 -0.305483 -0.304822 -0.304824 -0.305483 -0.304207 -0.304207 -0.305481 -0.304822 -0.304206 -0.304865 -0.304822 -0.305482 -0.304822 -0.304864 -0.30548 -0.304822 -0.304204 -0.30482 -0.304203 -0.305478 -0.304202 -0.305478 -0.304817 -0.56826 -0.451414 
-0.132498 -0.312677 -0.312001 -0.31331 -0.312633 -0.312634 -0.312001 -0.313309 -0.312632 -0.312634 -0.31331 -0.312001 -0.312001 -0.313308 -0.312631 -0.311999 -0.312676 -0.312632 -0.313309 -0.312632 -0.312675 -0.313307 -0.312631 -0.311997 -0.312629 -0.311997 -0.313304 -0.311996 -0.313305 -0.312626 -0.583266 -0.463858 
-0.13581 -0.32049 -0.319798 -0.321139 -0.320446 -0.320447 -0.319798 -0.321139 -0.320445 -0.320447 -0.32114 -0.319798 -0.319798 -0.321138 -0.320444 -0.319796 -0.32049 -0.320445 -0.321139 -0.320445 -0.320489 -0.321137 -0.320444 -0.319794 -0.320442 -0.319794 -0.321134 -0.319793 -0.321134 -0.320439 -0.59829 -0.476316 
-0.139121 -0.328305 -0.327596 -0.32897 -0.32826 -0.328261 -0.327597 -0.32897 -0.328258 -0.328261 -0.328971 -0.327596 -0.327596 -0.328969 -0.328258 -0.327594 -0.328305 -0.328258 -0.32897 -0.328259 -0.328304 -0.328967 -0.328258 -0.327592 -0.328256 -0.327592 -0.328964 -0.327591 -0.328965 -0.328253 -0.613323 -0.488795 
-0.142434 -0.336122 -0.335396 -0.336803 -0.336076 -0.336076 -0.335396 -0.336802 -0.336074 -0.336077 -0.336803 -0.335396 -0.335396 -0.336801 -0.336074 -0.335394 -0.336122 -0.336074 -0.336802 -0.336074 -0.336121 -0.3368 -0.336074 -0.335392 -0.336072 -0.335391 -0.336797 -0.33539 -0.336797 -0.336068 -0.628369 -0.501286 
-0.145748 -0.343938 -0.343195 -0.344635 -0.343891 -0.343891 -0.343196 -0.344635 -0.343889 -0.343892 -0.344635 -0.343196 -0.343195 -0.344633 -0.343889 -0.343194 -0.343938 -0.343889 -0.344634 -0.34389 -0.343937 -0.344632 -0.343889 -0.343191 -0.343887 -0.343191 -0.344629 -0.34319 -0.344629 -0.343883 -0.643429 -0.513794 
-0.14906 -0.351755 -0.350994 -0.352467 -0.351706 -0.351706 -0.350995 -0.352466 -0.351704 -0.351707 -0.352467 -0.350995 -0.350994 -0.352465 -0.351704 -0.350993 -0.351754 -0.351704 -0.352466 -0.351705 -0.351753 -0.352464 -0.351704 -0.35099 -0.351702 -0.35099 -0.35246 -0.350989 -0.352461 -0.351698 -0.658495 -0.526305 
-0.152372 -0.359568 -0.358791 -0.360297 -0.359519 -0.359519 -0.358792 -0.360296 -0.359517 -0.35952 -0.360297 -0.358792 -0.358791 -0.360295 -0.359516 -0.35879 -0.359568 -0.359517 -0.360296 -0.359518 -0.359567 -0.360293 -0.359517 -0.358787 -0.359515 -0.358786 -0.36029 -0.358785 -0.360291 -0.35951 -0.673559 -0.538826 
-0.155685 -0.367387 -0.366593 -0.368131 -0.367336 -0.367336 -0.366593 -0.36813 -0.367334 -0.367338 -0.368131 -0.366593 -0.366592 -0.368129 -0.367334 -0.366591 -0.367387 -0.367334 -0.36813 -0.367335 -0.367385 -0.368127 -0.367334 -0.366588 -0.367332 -0.366588 -0.368124 -0.366587 -0.368125 -0.367327 -0.688625 -0.551343 
-0.158999 -0.375206 -0.374395 -0.375966 -0.375155 -0.375155 -0.374396 -0.375966 -0.375153 -0.375156 -0.375967 -0.374396 -0.374395 -0.375964 -0.375152 -0.374394 -0.375206 -0.375153 -0.375965 -0.375153 -0.375205 -0.375963 -0.375152 -0.374391 -0.37515 -0.37439 -0.375959 -0.374389 -0.37596 -0.375145 -0.703682 -0.563841 
-0.16231 -0.383023 -0.382195 -0.383799 -0.382971 -0.382971 -0.382196 -0.383798 -0.382968 -0.382972 -0.383799 -0.382196 -0.382195 -0.383797 -0.382968 -0.382193 -0.383023 -0.382968 -0.383798 -0.382969 -0.383021 -0.383795 -0.382967 -0.382191 -0.382966 -0.38219 -0.383791 -0.382189 -0.383792 -0.38296 -0.718728 -0.576317 
-0.165623 -0.390842 -0.389996 -0.391633 -0.390788 -0.390788 -0.389997 -0.391632 -0.390785 -0.390789 -0.391634 -0.389997 -0.389996 -0.391631 -0.390785 -0.389995 -0.390841 -0.390785 -0.391632 -0.390786 -0.39084 -0.391629 -0.390784 -0.389992 -0.390783 -0.389991 -0.391625 -0.38999 -0.391626 -0.390777 -0.733767 -0.588766 
-0.168936 -0.398656 -0.397794 -0.399463 -0.398601 -0.398602 -0.397795 -0.399463 -0.398599 -0.398603 -0.399464 -0.397795 -0.397794 -0.399461 -0.398599 -0.397792 -0.398656 -0.398599 -0.399463 -0.398599 -0.398654 -0.39946 -0.398598 -0.397789 -0.398596 -0.397789 -0.399455 -0.397787 -0.399456 -0.39859 -0.748804 -0.601196 
-0.172249 -0.406476 -0.405597 -0.407299 -0.40642 -0.406421 -0.405598 -0.407299 -0.406418 -0.406422 -0.4073 -0.405598 -0.405597 -0.407297 -0.406418 -0.405595 -0.406476 -0.406418 -0.407298 -0.406418 -0.406474 -0.407295 -0.406417 -0.405592 -0.406415 -0.405591 -0.407291 -0.40559 -0.407292 -0.406409 -0.763845 -0.613635 
-0.175561 -0.414297 -0.413402 -0.415137 -0.414241 -0.414241 -0.413403 -0.415136 -0.414238 -0.414242 -0.415138 -0.413403 -0.413401 -0.415134 -0.414238 -0.4134 -0.414298 -0.414238 -0.415136 -0.414239 -0.414295 -0.415133 -0.414237 -0.413397 -0.414235 -0.413396 -0.415128 -0.413394 -0.415129 -0.414228 -0.778891 -0.626096 
-0.178875 -0.422116 -0.421204 -0.422971 -0.422058 -0.422059 -0.421205 -0.42297 -0.422056 -0.42206 -0.422972 -0.421205 -0.421203 -0.422969 -0.422056 -0.421202 -0.422117 -0.422056 -0.42297 -0.422056 -0.422114 -0.422967 -0.422054 -0.421199 -0.422053 -0.421197 -0.422962 -0.421196 -0.422963 -0.422046 -0.793935 -0.638565 
-0.182188 -0.429936 -0.429007 -0.430807 -0.429877 -0.429878 -0.429008 -0.430806 -0.429875 -0.429879 -0.430808 -0.429008 -0.429006 -0.430805 -0.429875 -0.429005 -0.429936 -0.429874 -0.430806 -0.429875 -0.429933 -0.430803 -0.429873 -0.429001 -0.429871 -0.429 -0.430798 -0.428999 -0.430799 -0.429864 -0.808989 -0.651047 
-0.185501 -0.437757 -0.436811 -0.438644 -0.437697 -0.437698 -0.436812 -0.438643 -0.437695 -0.437699 -0.438645 -0.436812 -0.43681 -0.438641 -0.437694 -0.436809 -0.437757 -0.437694 -0.438643 -0.437695 -0.437754 -0.43864 -0.437693 -0.436805 -0.437691 -0.436804 -0.438634 -0.436803 -0.438636 -0.437684 -0.824045 -0.66354 
-0.188815 -0.445577 -0.444614 -0.44648 -0.445517 -0.445517 -0.444615 -0.446479 -0.445514 -0.445518 -0.446481 -0.444615 -0.444614 -0.446477 -0.445513 -0.444612 -0.445578 -0.445513 -0.446479 -0.445514 -0.445574 -0.446476 -0.445512 -0.444608 -0.44551 -0.444607 -0.44647 -0.444606 -0.446471 -0.445502 -0.839089 -0.676021 
-0.192129 -0.453398 -0.452419 -0.454318 -0.453337 -0.453337 -0.45242 -0.454316 -0.453334 -0.453339 -0.454319 -0.45242 -0.452418 -0.454314 -0.453334 -0.452417 -0.453399 -0.453333 -0.454316 -0.453334 -0.453396 -0.454313 -0.453332 -0.452413 -0.45333 -0.452411 -0.454307 -0.45241 -0.454308 -0.453322 -0.854118 -0.688499 
-0.195444 -0.461219 -0.460223 -0.462154 -0.461157 -0.461157 -0.460224 -0.462153 -0.461154 -0.461159 -0.462155 -0.460224 -0.460222 -0.462151 -0.461153 -0.460221 -0.46122 -0.461153 -0.462153 -0.461154 -0.461217 -0.462149 -0.461152 -0.460217 -0.46115 -0.460215 -0.462143 -0.460214 -0.462145 -0.461142 -0.869146 -0.700958 
-0.198759 -0.469039 -0.468026 -0.46999 -0.468976 -0.468976 -0.468027 -0.469989 -0.468973 -0.468978 -0.469991 -0.468027 -0.468025 -0.469987 -0.468972 -0.468024 -0.46904 -0.468972 -0.469989 -0.468973 -0.469037 -0.469985 -0.46897 -0.46802 -0.468969 -0.468018 -0.469979 -0.468017 -0.46998 -0.468961 -0.88416 -0.713411 
-0.202075 -0.476861 -0.475831 -0.477828 -0.476797 -0.476798 -0.475832 -0.477827 -0.476793 -0.476799 -0.477829 -0.475832 -0.47583 -0.477825 -0.476793 -0.475829 -0.476862 -0.476793 -0.477827 -0.476793 -0.476859 -0.477823 -0.476791 -0.475825 -0.47679 -0.475823 -0.477817 -0.475822 -0.477818 -0.476781 -0.899178 -0.725857 
-0.205391 -0.484685 -0.483639 -0.485669 -0.48462 -0.484621 -0.483639 -0.485667 -0.484617 -0.484622 -0.48567 -0.48364 -0.483638 -0.485665 -0.484616 -0.483637 -0.484686 -0.484616 -0.485667 -0.484617 -0.484683 -0.485663 -0.484614 -0.483632 -0.484613 -0.48363 -0.485657 -0.483629 -0.485658 -0.484604 -0.9142 -0.738317 
-0.208708 -0.49251 -0.491446 -0.493509 -0.492444 -0.492444 -0.491447 -0.493507 -0.49244 -0.492446 -0.49351 -0.491447 -0.491445 -0.493505 -0.49244 -0.491444 -0.492511 -0.492439 -0.493508 -0.49244 -0.492507 -0.493503 -0.492437 -0.491439 -0.492436 -0.491437 -0.493497 -0.491436 -0.493497 -0.492427 -0.929229 -0.750769 
-0.212024 -0.500333 -0.499253 -0.501348 -0.500266 -0.500267 -0.499254 -0.501347 -0.500263 -0.500269 -0.501349 -0.499254 -0.499252 -0.501344 -0.500262 -0.499251 -0.500334 -0.500262 -0.501347 -0.500262 -0.500331 -0.501343 -0.50026 -0.499246 -0.500258 -0.499244 -0.501336 -0.499242 -0.501337 -0.500249 -0.94426 -0.763217 
-0.215338 -0.508158 -0.50706 -0.509189 -0.50809 -0.508091 -0.507061 -0.509187 -0.508086 -0.508092 -0.50919 -0.507062 -0.50706 -0.509185 -0.508085 -0.507058 -0.508159 -0.508085 -0.509187 -0.508086 -0.508155 -0.509183 -0.508083 -0.507053 -0.508081 -0.507051 -0.509176 -0.50705 -0.509177 -0.508072 -0.95928 -0.775654 
-0.218654 -0.515982 -0.514867 -0.517028 -0.515913 -0.515914 -0.514868 -0.517027 -0.515909 -0.515915 -0.517029 -0.514868 -0.514867 -0.517024 -0.515908 -0.514865 -0.515983 -0.515908 -0.517027 -0.515908 -0.515979 -0.517022 -0.515906 -0.51486 -0.515904 -0.514858 -0.517015 -0.514856 -0.517016 -0.515894 -0.974293 -0.788068 
-0.221971 -0.523808 -0.522677 -0.524871 -0.523738 -0.523739 -0.522678 -0.52487 -0.523735 -0.523741 -0.524872 -0.522678 -0.522676 -0.524866 -0.523733 -0.522675 -0.523809 -0.523733 -0.524869 -0.523734 -0.523805 -0.524864 -0.523731 -0.522669 -0.523729 -0.522667 -0.524857 -0.522666 -0.524858 -0.52372 -0.989298 -0.800471 
-0.225287 -0.531633 -0.530485 -0.532711 -0.531562 -0.531563 -0.530486 -0.53271 -0.531558 -0.531564 -0.532713 -0.530486 -0.530484 -0.532707 -0.531557 -0.530482 -0.531634 -0.531557 -0.53271 -0.531557 -0.53163 -0.532705 -0.531555 -0.530477 -0.531553 -0.530475 -0.532698 -0.530473 -0.532699 -0.531543 -1.00429 -0.81286 
-0.228604 -0.539463 -0.538298 -0.540557 -0.539391 -0.539392 -0.538299 -0.540556 -0.539387 -0.539393 -0.540559 -0.538299 -0.538297 -0.540553 -0.539386 -0.538295 -0.539464 -0.539386 -0.540555 -0.539386 -0.53946 -0.54055 -0.539383 -0.538289 -0.539381 -0.538288 -0.540543 -0.538286 -0.540544 -0.539371 -1.01927 -0.825233 
-0.23192 -0.54729 -0.546108 -0.5484 -0.547217 -0.547217 -0.546109 -0.548399 -0.547213 -0.547219 -0.548401 -0.546109 -0.546107 -0.548395 -0.547211 -0.546105 -0.547291 -0.547211 -0.548398 -0.547211 -0.547286 -0.548392 -0.547209 -0.546099 -0.547207 -0.546097 -0.548385 -0.546095 -0.548386 -0.547196 -1.03423 -0.837578 
-0.235237 -0.555116 -0.553917 -0.556242 -0.555042 -0.555043 -0.553918 -0.55624 -0.555038 -0.555044 -0.556244 -0.553918 -0.553916 -0.556237 -0.555036 -0.553914 -0.555117 -0.555036 -0.55624 -0.555036 -0.555112 -0.556234 -0.555034 -0.553908 -0.555031 -0.553906 -0.556227 -0.553904 -0.556228 -0.555021 -1.04919 -0.849902 
-0.238555 -0.562944 -0.561729 -0.564086 -0.562869 -0.56287 -0.561729 -0.564085 -0.562865 -0.562872 -0.564088 -0.56173 -0.561728 -0.564081 -0.562864 -0.561726 -0.562945 -0.562863 -0.564084 -0.562863 -0.56294 -0.564078 -0.562861 -0.561719 -0.562859 -0.561718 -0.564071 -0.561715 -0.564071 -0.562848 -1.06414 -0.862208 
-0.241873 -0.570775 -0.569542 -0.571933 -0.570699 -0.5707 -0.569543 -0.571931 -0.570695 -0.570701 -0.571935 -0.569543 -0.569541 -0.571927 -0.570693 -0.569539 -0.570776 -0.570693 -0.571931 -0.570692 -0.57077 -0.571924 -0.57069 -0.569532 -0.570688 -0.569531 -0.571917 -0.569528 -0.571917 -0.570676 -1.07908 -0.874493 
-0.245192 -0.578605 -0.577355 -0.579779 -0.578528 -0.578529 -0.577356 -0.579777 -0.578524 -0.578531 -0.579781 -0.577356 -0.577355 -0.579773 -0.578522 -0.577352 -0.578606 -0.578521 -0.579776 -0.578521 -0.5786 -0.57977 -0.578519 -0.577345 -0.578516 -0.577344 -0.579763 -0.57734 -0.579762 -0.578505 -1.09401 -0.886759 
-0.248511 -0.586434 -0.585168 -0.587624 -0.586357 -0.586357 -0.585168 -0.587623 -0.586353 -0.586359 -0.587626 -0.585169 -0.585167 -0.587619 -0.58635 -0.585164 -0.586435 -0.58635 -0.587622 -0.586349 -0.58643 -0.587615 -0.586347 -0.585158 -0.586345 -0.585156 -0.587608 -0.585153 -0.587607 -0.586333 -1.10892 -0.898999 
-0.251827 -0.594261 -0.592978 -0.595468 -0.594183 -0.594184 -0.592979 -0.595466 -0.594179 -0.594185 -0.595469 -0.592979 -0.592977 -0.595462 -0.594176 -0.592974 -0.594262 -0.594176 -0.595465 -0.594176 -0.594256 -0.595458 -0.594173 -0.592968 -0.594171 -0.592966 -0.59545 -0.592963 -0.59545 -0.594158 -1.12382 -0.911214 
-0.255146 -0.602091 -0.600791 -0.603313 -0.602011 -0.602012 -0.600791 -0.603311 -0.602007 -0.602014 -0.603315 -0.600791 -0.60079 -0.603307 -0.602004 -0.600787 -0.602092 -0.602004 -0.60331 -0.602004 -0.602086 -0.603303 -0.602001 -0.60078 -0.601998 -0.600778 -0.603295 -0.600774 -0.603295 -0.601986 -1.1387 -0.923391 
-0.258466 -0.609922 -0.608605 -0.61116 -0.609842 -0.609843 -0.608605 -0.611158 -0.609837 -0.609844 -0.611162 -0.608606 -0.608604 -0.611154 -0.609834 -0.608601 -0.609923 -0.609834 -0.611157 -0.609834 -0.609917 -0.611151 -0.609831 -0.608594 -0.609828 -0.608592 -0.611142 -0.608588 -0.611141 -0.609816 -1.15356 -0.935526 
-0.261785 -0.61775 -0.616416 -0.619004 -0.617669 -0.61767 -0.616417 -0.619002 -0.617664 -0.617671 -0.619006 -0.616417 -0.616415 -0.618998 -0.617661 -0.616412 -0.617751 -0.617661 -0.619001 -0.617661 -0.617745 -0.618995 -0.617658 -0.616405 -0.617655 -0.616403 -0.618985 -0.616399 -0.618985 -0.617642 -1.1684 -0.947594 
-0.265105 -0.62558 -0.62423 -0.62685 -0.625498 -0.625499 -0.62423 -0.626849 -0.625493 -0.625501 -0.626853 -0.624231 -0.624228 -0.626844 -0.62549 -0.624225 -0.625581 -0.62549 -0.626847 -0.62549 -0.625575 -0.626841 -0.625488 -0.624218 -0.625484 -0.624216 -0.626831 -0.624212 -0.626831 -0.625471 -1.18322 -0.959611 
-0.268422 -0.633409 -0.632042 -0.634695 -0.633326 -0.633328 -0.632043 -0.634694 -0.633321 -0.633329 -0.634698 -0.632043 -0.632041 -0.634689 -0.633318 -0.632037 -0.63341 -0.633318 -0.634692 -0.633318 -0.633404 -0.634685 -0.633315 -0.63203 -0.633312 -0.632028 -0.634676 -0.632024 -0.634676 -0.633298 -1.19802 -0.971565 
-0.27174 -0.64124 -0.639855 -0.642542 -0.641156 -0.641157 -0.639856 -0.64254 -0.641151 -0.641158 -0.642544 -0.639856 -0.639854 -0.642536 -0.641148 -0.639851 -0.641241 -0.641147 -0.642538 -0.641147 -0.641235 -0.642532 -0.641145 -0.639843 -0.641141 -0.639842 -0.642522 -0.639837 -0.642521 -0.641127 -1.21279 -0.983465 
-0.275058 -0.649068 -0.647667 -0.650386 -0.648983 -0.648985 -0.647668 -0.650385 -0.648978 -0.648986 -0.650389 -0.647668 -0.647666 -0.65038 -0.648975 -0.647662 -0.64907 -0.648975 -0.650382 -0.648974 -0.649063 -0.650376 -0.648972 -0.647655 -0.648969 -0.647653 -0.650366 -0.647648 -0.650366 -0.648954 -1.22751 -0.995275 
-0.278376 -0.656897 -0.655479 -0.658232 -0.656812 -0.656813 -0.655481 -0.65823 -0.656807 -0.656814 -0.658235 -0.655481 -0.655478 -0.658225 -0.656804 -0.655475 -0.656899 -0.656803 -0.658228 -0.656803 -0.656893 -0.658221 -0.6568 -0.655467 -0.656797 -0.655465 -0.65821 -0.65546 -0.658211 -0.656781 -1.24188 -1.00599 
-0.281698 -0.664728 -0.663293 -0.666078 -0.664642 -0.664643 -0.663295 -0.666077 -0.664637 -0.664644 -0.666081 -0.663294 -0.663292 -0.666072 -0.664633 -0.663289 -0.66473 -0.664632 -0.666074 -0.664632 -0.664724 -0.666067 -0.664629 -0.663281 -0.664626 -0.663279 -0.666057 -0.663274 -0.666057 -0.66461 -1.25321 -1.11467 
-0.285015 -0.672557 -0.671105 -0.673923 -0.672469 -0.672471 -0.671107 -0.673921 -0.672465 -0.672472 -0.673926 -0.671106 -0.671104 -0.673917 -0.672461 -0.6711 -0.672559 -0.67246 -0.673919 -0.67246 -0.672553 -0.673912 -0.672457 -0.671092 -0.672454 -0.67109 -0.673901 -0.671086 -0.673901 -0.672437 -1.3612 -1.223 
-0.288332 -0.680386 -0.678917 -0.681768 -0.680297 -0.680299 -0.678919 -0.681766 -0.680293 -0.6803 -0.681771 -0.678918 -0.678916 -0.681761 -0.680289 -0.678912 -0.680388 -0.680288 -0.681763 -0.680287 -0.680382 -0.681756 -0.680285 -0.678904 -0.680281 -0.678902 -0.681745 -0.678897 -0.681746 -0.680265 -1.46691 -1.32912 
-0.29165 -0.688215 -0.68673 -0.689614 -0.688127 -0.688129 -0.686732 -0.689612 -0.688122 -0.688129 -0.689617 -0.686731 -0.686729 -0.689607 -0.688118 -0.686725 -0.688218 -0.688117 -0.689609 -0.688116 -0.688212 -0.689602 -0.688114 -0.686717 -0.68811 -0.686715 -0.689591 -0.68671 -0.689592 -0.688093 -1.57018 -1.43291 
-0.294969 -0.696044 -0.694542 -0.697459 -0.695954 -0.695956 -0.694544 -0.697457 -0.69595 -0.695957 -0.697462 -0.694543 -0.694541 -0.697452 -0.695945 -0.694537 -0.696047 -0.695944 -0.697454 -0.695944 -0.696041 -0.697446 -0.695941 -0.694529 -0.695937 -0.694527 -0.697435 -0.694522 -0.697436 -0.69592 -1.67098 -1.53427 
-0.298286 -0.703871 -0.702352 -0.705302 -0.703781 -0.703783 -0.702355 -0.7053 -0.703776 -0.703783 -0.705305 -0.702354 -0.702351 -0.705295 -0.703772 -0.702348 -0.703875 -0.703771 -0.705297 -0.70377 -0.703869 -0.70529 -0.703768 -0.702339 -0.703764 -0.702337 -0.705279 -0.702332 -0.705279 -0.703746 -1.76929 -1.63317 
-0.301606 -0.711701 -0.710165 -0.713148 -0.71161 -0.711613 -0.710168 -0.713146 -0.711605 -0.711612 -0.713151 -0.710167 -0.710165 -0.713141 -0.711601 -0.710161 -0.711705 -0.7116 -0.713143 -0.7116 -0.711699 -0.713135 -0.711597 -0.710153 -0.711593 -0.710151 -0.713124 -0.710145 -0.713125 -0.711574 -1.86504 -1.72969 
-0.304924 -0.719532 -0.717979 -0.720995 -0.71944 -0.719442 -0.717982 -0.720993 -0.719435 -0.719442 -0.720998 -0.717981 -0.717978 -0.720988 -0.71943 -0.717974 -0.719536 -0.719429 -0.72099 -0.719429 -0.719529 -0.720982 -0.719426 -0.717966 -0.719422 -0.717964 -0.72097 -0.717959 -0.720971 -0.719403 -1.95808 -1.82384 
-0.308244 -0.727363 -0.725794 -0.728843 -0.727271 -0.727273 -0.725797 -0.728841 -0.727265 -0.727273 -0.728846 -0.725796 -0.725793 -0.728836 -0.727261 -0.725789 -0.727367 -0.72726 -0.728837 -0.72726 -0.727361 -0.728829 -0.727257 -0.725781 -0.727253 -0.725779 -0.728818 -0.725773 -0.728818 -0.727234 -2.0484 -1.91556 
-0.311564 -0.735194 -0.733607 -0.73669 -0.7351 -0.735103 -0.733611 -0.736687 -0.735095 -0.735103 -0.736693 -0.733609 -0.733607 -0.736682 -0.73509 -0.733603 -0.735198 -0.73509 -0.736684 -0.735089 -0.735192 -0.736676 -0.735086 -0.733594 -0.735082 -0.733592 -0.736664 -0.733587 -0.736664 -0.735063 -2.13601 -2.00465 
-0.314883 -0.743024 -0.74142 -0.744536 -0.742929 -0.742932 -0.741424 -0.744533 -0.742924 -0.742932 -0.744539 -0.741422 -0.74142 -0.744528 -0.742919 -0.741416 -0.743028 -0.742918 -0.74453 -0.742918 -0.743022 -0.744521 -0.742915 -0.741407 -0.742911 -0.741405 -0.744509 -0.7414 -0.744509 -0.742891 -2.22091 -2.0909 
-0.3182 -0.750851 -0.74923 -0.752379 -0.750755 -0.750758 -0.749234 -0.752376 -0.750749 -0.750758 -0.752382 -0.749233 -0.74923 -0.752371 -0.750745 -0.749226 -0.750855 -0.750744 -0.752373 -0.750744 -0.750849 -0.752364 -0.750741 -0.749217 -0.750737 -0.749215 -0.752352 -0.749209 -0.752352 -0.750716 -2.30312 -2.1743 
-0.321519 -0.758681 -0.757044 -0.760226 -0.758585 -0.758588 -0.757048 -0.760223 -0.758579 -0.758587 -0.760229 -0.757047 -0.757044 -0.760218 -0.758575 -0.75704 -0.758686 -0.758574 -0.76022 -0.758573 -0.758679 -0.76021 -0.758571 -0.757031 -0.758566 -0.757029 -0.760198 -0.757023 -0.760198 -0.758546 -2.38259 -2.25497 
-0.324838 -0.766513 -0.764858 -0.768073 -0.766415 -0.766418 -0.764862 -0.76807 -0.766409 -0.766418 -0.768076 -0.764861 -0.764859 -0.768065 -0.766405 -0.764854 -0.766517 -0.766404 -0.768067 -0.766403 -0.766511 -0.768058 -0.766401 -0.764845 -0.766396 -0.764843 -0.768045 -0.764837 -0.768045 -0.766375 -2.45942 -2.33317 
-0.328156 -0.774344 -0.772673 -0.775921 -0.774246 -0.774248 -0.772677 -0.775917 -0.77424 -0.774248 -0.775923 -0.772676 -0.772673 -0.775912 -0.774235 -0.772668 -0.774349 -0.774235 -0.775915 -0.774234 -0.774342 -0.775905 -0.774231 -0.772659 -0.774227 -0.772657 -0.775892 -0.772651 -0.775892 -0.774205 -2.53381 -2.40925 
-0.331668 -0.782609 -0.780921 -0.784202 -0.78251 -0.782512 -0.780925 -0.784198 -0.782504 -0.782512 -0.784204 -0.780924 -0.780921 -0.784193 -0.782499 -0.780917 -0.782614 -0.782499 -0.784196 -0.782497 -0.782607 -0.784186 -0.782495 -0.780907 -0.78249 -0.780905 -0.784172 -0.780899 -0.784173 -0.782469 -2.60631 -2.48352 
