0 0 0 0 0 0 0 0 0 0 0 0 0 0 0 0 0 0 0 0 0 0 0 0 0 0 0 0 0 0 0 0 
2.30625e-05 4.19334e-08 8.38669e-08 4.19334e-08 8.38666e-08 -1.68684e-05 8.38669e-08 4.19336e-08 8.38672e-08 8.38667e-08 4.19335e-08 -1.68684e-05 -1.68683e-05 1.69942e-05 8.3867e-08 -1.68683e-05 1.69942e-05 8.38669e-08 1.69942e-05 8.38671e-08 1.69941e-05 4.19334e-08 -1.68684e-05 8.38667e-08 8.38673e-08 -1.68684e-05 1.69941e-05 0.000738567 0.00176798 8.38667e-08 1.69941e-05 2.24806e-05 
4.48498e-05 8.38676e-08 1.67736e-07 8.38683e-08 1.67735e-07 -3.37371e-05 1.67736e-07 8.38678e-08 1.67736e-07 1.67735e-07 8.38678e-08 -3.37371e-05 -3.37371e-05 3.39887e-05 1.67736e-07 -3.37371e-05 3.39887e-05 1.67736e-07 3.39887e-05 1.67736e-07 3.39887e-05 8.38683e-08 -3.37371e-05 1.67735e-07 1.67736e-07 -3.37371e-05 3.39887e-05 0.00154321 0.00361247 1.67735e-07 3.39887e-05 4.36131e-05 
6.66379e-05 1.25803e-07 2.51608e-07 1.25804e-07 2.51607e-07 -5.06064e-05 2.51607e-07 1.25803e-07 2.51607e-07 2.51606e-07 1.25803e-07 -5.06063e-05 -5.06063e-05 5.09838e-05 2.51607e-07 -5.06063e-05 5.09838e-05 2.51608e-07 5.09838e-05 2.51607e-07 5.09837e-05 1.25804e-07 -5.06064e-05 2.51606e-07 2.51608e-07 -5.06063e-05 5.09837e-05 0.00237649 0.00552392 2.51606e-07 5.09837e-05 6.47254e-05 
8.84052e-05 1.6774e-07 3.35482e-07 1.67741e-07 3.35481e-07 -6.74761e-05 3.35481e-07 1.67739e-07 3.35481e-07 3.3548e-07 1.6774e-07 -6.7476e-05 -6.7476e-05 6.79793e-05 3.35481e-07 -6.7476e-05 6.79793e-05 3.35481e-07 6.79793e-05 3.3548e-07 6.79792e-05 1.6774e-07 -6.74761e-05 3.3548e-07 3.35481e-07 -6.7476e-05 6.79792e-05 0.00324781 0.0075118 3.35479e-07 6.79791e-05 8.58428e-05 
0.000110179 2.09678e-07 4.19358e-07 2.09679e-07 4.19358e-07 -8.43464e-05 4.19357e-07 2.09678e-07 4.19357e-07 4.19356e-07 2.09678e-07 -8.43463e-05 -8.43462e-05 8.49754e-05 4.19357e-07 -8.43462e-05 8.49753e-05 4.19357e-07 8.49753e-05 4.19356e-07 8.49751e-05 2.09679e-07 -8.43463e-05 4.19356e-07 4.19357e-07 -8.43462e-05 8.49751e-05 0.00416721 0.00959265 4.19355e-07 8.49751e-05 0.000106958 
0.000131958 2.51618e-07 5.03237e-07 2.51618e-07 5.03237e-07 -0.000101217 5.03236e-07 2.51617e-07 5.03236e-07 5.03236e-07 2.51618e-07 -0.000101217 -0.000101217 0.000101972 5.03236e-07 -0.000101217 0.000101972 5.03236e-07 0.000101972 5.03235e-07 0.000101972 2.51618e-07 -0.000101217 5.03235e-07 5.03236e-07 -0.000101217 0.000101972 0.00513978 0.0117748 5.03233e-07 0.000101972 0.000128074 
0.00015373 2.93559e-07 5.87119e-07 2.93559e-07 5.87119e-07 -0.000118089 5.87118e-07 2.93558e-07 5.87119e-07 5.87118e-07 2.93559e-07 -0.000118088 -0.000118088 0.000118969 5.87118e-07 -0.000118088 0.000118969 5.87119e-07 0.000118969 5.87117e-07 0.000118969 2.93559e-07 -0.000118088 5.87116e-07 5.87117e-07 -0.000118088 0.000118969 0.00616155 0.0140549 5.87115e-07 0.000118969 0.000149191 
0.000175505 3.35501e-07 6.71005e-07 3.35502e-07 6.71005e-07 -0.000134961 6.71004e-07 3.35501e-07 6.71004e-07 6.71003e-07 3.35502e-07 -0.00013496 -0.00013496 0.000135967 6.71003e-07 -0.00013496 0.000135967 6.71004e-07 0.000135967 6.71001e-07 0.000135967 3.35501e-07 -0.00013496 6.71001e-07 6.71002e-07 -0.00013496 0.000135966 0.00722803 0.0164342 6.71e-07 0.000135966 0.000170311 
0.000197272 3.77446e-07 7.54893e-07 3.77446e-07 7.54894e-07 -0.000151833 7.54892e-07 3.77446e-07 7.54892e-07 7.54892e-07 3.77446e-07 -0.000151833 -0.000151833 0.000152966 7.54891e-07 -0.000151833 0.000152965 7.54893e-07 0.000152965 7.54889e-07 0.000152965 3.77445e-07 -0.000151833 7.54889e-07 7.5489e-07 -0.000151833 0.000152965 0.00834057 0.0189066 7.54887e-07 0.000152965 0.000191436 
0.000219039 4.19392e-07 8.38785e-07 4.19392e-07 8.38786e-07 -0.000168707 8.38785e-07 4.19392e-07 8.38785e-07 8.38784e-07 4.19392e-07 -0.000168707 -0.000168706 0.000169965 8.38783e-07 -0.000168706 0.000169965 8.38785e-07 0.000169965 8.38781e-07 0.000169964 4.19391e-07 -0.000168706 8.3878e-07 8.38782e-07 -0.000168706 0.000169964 0.00949347 0.0214803 8.38778e-07 0.000169964 0.000212555 
0.000240806 4.6134e-07 9.22681e-07 4.6134e-07 9.22683e-07 -0.000185581 9.22681e-07 4.6134e-07 9.2268e-07 9.22681e-07 4.61339e-07 -0.000185581 -0.000185581 0.000186965 9.22678e-07 -0.000185581 0.000186964 9.22681e-07 0.000186965 9.22676e-07 0.000186964 4.61338e-07 -0.00018558 9.22675e-07 9.22677e-07 -0.00018558 0.000186964 0.0106928 0.0241573 9.22672e-07 0.000186963 0.000233685 
0.000262588 5.0329e-07 1.00658e-06 5.0329e-07 1.00658e-06 -0.000202456 1.00658e-06 5.0329e-07 1.00658e-06 1.00658e-06 5.03289e-07 -0.000202456 -0.000202455 0.000203965 1.00658e-06 -0.000202455 0.000203965 1.00658e-06 0.000203965 1.00657e-06 0.000203965 5.03287e-07 -0.000202455 1.00657e-06 1.00658e-06 -0.000202455 0.000203964 0.0119375 0.0269475 1.00657e-06 0.000203964 0.000254813 
0.000284362 5.45241e-07 1.09048e-06 5.45241e-07 1.09049e-06 -0.000219332 1.09048e-06 5.45241e-07 1.09048e-06 1.09048e-06 5.4524e-07 -0.000219331 -0.000219331 0.000220967 1.09048e-06 -0.000219331 0.000220967 1.09048e-06 0.000220967 1.09048e-06 0.000220966 5.45239e-07 -0.000219331 1.09048e-06 1.09048e-06 -0.00021933 0.000220966 0.0132361 0.029843 1.09047e-06 0.000220965 0.000275947 
0.00030614 5.87195e-07 1.17439e-06 5.87195e-07 1.17439e-06 -0.000236208 1.17439e-06 5.87195e-07 1.17439e-06 1.17439e-06 5.87194e-07 -0.000236208 -0.000236208 0.000237969 1.17439e-06 -0.000236208 0.000237969 1.17439e-06 0.000237969 1.17439e-06 0.000237969 5.87192e-07 -0.000236207 1.17438e-06 1.17439e-06 -0.000236207 0.000237968 0.0145853 0.0328448 1.17438e-06 0.000237967 0.000297074 
0.000327925 6.29151e-07 1.2583e-06 6.29151e-07 1.25831e-06 -0.000253086 1.2583e-06 6.29151e-07 1.2583e-06 1.25831e-06 6.2915e-07 -0.000253086 -0.000253085 0.000254972 1.2583e-06 -0.000253085 0.000254972 1.2583e-06 0.000254972 1.2583e-06 0.000254972 6.29148e-07 -0.000253085 1.25829e-06 1.2583e-06 -0.000253084 0.000254971 0.0159762 0.0359436 1.25829e-06 0.00025497 0.000318198 
0.000349706 6.71109e-07 1.34222e-06 6.71109e-07 1.34222e-06 -0.000269964 1.34222e-06 6.71109e-07 1.34222e-06 1.34222e-06 6.71108e-07 -0.000269964 -0.000269963 0.000271976 1.34222e-06 -0.000269963 0.000271976 1.34222e-06 0.000271977 1.34221e-06 0.000271976 6.71106e-07 -0.000269963 1.34221e-06 1.34221e-06 -0.000269962 0.000271975 0.0174089 0.0391303 1.3422e-06 0.000271974 0.000339323 
0.000371494 7.1307e-07 1.42614e-06 7.13069e-07 1.42614e-06 -0.000286843 1.42614e-06 7.13069e-07 1.42614e-06 1.42614e-06 7.13069e-07 -0.000286843 -0.000286842 0.000288981 1.42614e-06 -0.000286842 0.000288981 1.42614e-06 0.000288982 1.42613e-06 0.000288981 7.13066e-07 -0.000286842 1.42613e-06 1.42613e-06 -0.000286841 0.00028898 0.0188845 0.0424102 1.42612e-06 0.000288979 0.000360457 
0.000393276 7.55033e-07 1.51007e-06 7.55031e-07 1.51007e-06 -0.000303724 1.51006e-06 7.55032e-07 1.51007e-06 1.51007e-06 7.55031e-07 -0.000303723 -0.000303722 0.000305987 1.51006e-06 -0.000303722 0.000305987 1.51007e-06 0.000305988 1.51006e-06 0.000305987 7.55029e-07 -0.000303722 1.51006e-06 1.51006e-06 -0.000303721 0.000305985 0.0203946 0.0457766 1.51005e-06 0.000305985 0.000381586 
0.000415079 7.96998e-07 1.594e-06 7.96997e-07 1.594e-06 -0.000320605 1.59399e-06 7.96997e-07 1.594e-06 1.594e-06 7.96996e-07 -0.000320604 -0.000320603 0.000322994 1.59399e-06 -0.000320604 0.000322994 1.594e-06 0.000322994 1.59399e-06 0.000322993 7.96993e-07 -0.000320603 1.59399e-06 1.59399e-06 -0.000320602 0.000322992 0.0219444 0.0492189 1.59398e-06 0.000322991 0.000402723 
0.000436869 8.38965e-07 1.67793e-06 8.38964e-07 1.67794e-06 -0.000337487 1.67793e-06 8.38964e-07 1.67793e-06 1.67794e-06 8.38964e-07 -0.000337486 -0.000337485 0.000340002 1.67792e-06 -0.000337486 0.000340002 1.67793e-06 0.000340002 1.67792e-06 0.000340001 8.3896e-07 -0.000337485 1.67792e-06 1.67792e-06 -0.000337484 0.00034 0.0235293 0.0527275 1.67791e-06 0.000339999 0.000423855 
0.000458652 8.80935e-07 1.76187e-06 8.80934e-07 1.76188e-06 -0.00035437 1.76187e-06 8.80934e-07 1.76187e-06 1.76188e-06 8.80935e-07 -0.000354369 -0.000354368 0.000357011 1.76186e-06 -0.000354369 0.000357011 1.76187e-06 0.000357011 1.76186e-06 0.00035701 8.80929e-07 -0.000354368 1.76186e-06 1.76186e-06 -0.000354366 0.000357008 0.0251476 0.0563014 1.76185e-06 0.000357007 0.000444992 
0.000480449 9.22907e-07 1.84582e-06 9.22907e-07 1.84582e-06 -0.000371254 1.84581e-06 9.22906e-07 1.84581e-06 1.84582e-06 9.22907e-07 -0.000371253 -0.000371252 0.00037402 1.84581e-06 -0.000371252 0.000374021 1.84582e-06 0.000374021 1.8458e-06 0.00037402 9.22901e-07 -0.000371252 1.8458e-06 1.8458e-06 -0.00037125 0.000374018 0.0268013 0.0599346 1.84579e-06 0.000374016 0.00046613 
0.000502251 9.64881e-07 1.92977e-06 9.64882e-07 1.92977e-06 -0.000388139 1.92976e-06 9.64881e-07 1.92976e-06 1.92977e-06 9.64882e-07 -0.000388139 -0.000388137 0.000391031 1.92976e-06 -0.000388137 0.000391031 1.92977e-06 0.000391032 1.92975e-06 0.000391031 9.64876e-07 -0.000388137 1.92975e-06 1.92975e-06 -0.000388135 0.000391029 0.0284797 0.0636291 1.92974e-06 0.000391027 0.000487274 
0.000524046 1.00686e-06 2.01372e-06 1.00686e-06 2.01373e-06 -0.000405025 2.01372e-06 1.00686e-06 2.01372e-06 2.01373e-06 1.00686e-06 -0.000405025 -0.000405023 0.000408043 2.01371e-06 -0.000405023 0.000408043 2.01372e-06 0.000408044 2.01371e-06 0.000408043 1.00685e-06 -0.000405023 2.0137e-06 2.0137e-06 -0.000405021 0.00040804 0.0301833 0.0673817 2.01369e-06 0.000408038 0.000508422 
0.000545843 1.04884e-06 2.09768e-06 1.04884e-06 2.09769e-06 -0.000421912 2.09768e-06 1.04884e-06 2.09768e-06 2.09769e-06 1.04884e-06 -0.000421912 -0.00042191 0.000425056 2.09767e-06 -0.00042191 0.000425056 2.09768e-06 0.000425057 2.09767e-06 0.000425055 1.04883e-06 -0.00042191 2.09766e-06 2.09766e-06 -0.000421908 0.000425053 0.0319063 0.0711867 2.09765e-06 0.000425051 0.000529569 
0.000567637 1.09082e-06 2.18165e-06 1.09082e-06 2.18165e-06 -0.0004388 2.18164e-06 1.09082e-06 2.18164e-06 2.18165e-06 1.09082e-06 -0.0004388 -0.000438798 0.00044207 2.18163e-06 -0.000438798 0.00044207 2.18165e-06 0.000442071 2.18163e-06 0.000442069 1.09081e-06 -0.000438798 2.18163e-06 2.18163e-06 -0.000438796 0.000442067 0.0336531 0.075044 2.18161e-06 0.000442064 0.000550704 
0.000589432 1.13281e-06 2.26562e-06 1.13281e-06 2.26562e-06 -0.00045569 2.26561e-06 1.13281e-06 2.26561e-06 2.26562e-06 1.13281e-06 -0.000455689 -0.000455688 0.000459085 2.2656e-06 -0.000455688 0.000459085 2.26562e-06 0.000459086 2.26561e-06 0.000459084 1.1328e-06 -0.000455687 2.2656e-06 2.2656e-06 -0.000455685 0.000459082 0.0354206 0.0789523 2.26558e-06 0.000459079 0.000571853 
0.000611234 1.17479e-06 2.34959e-06 1.17479e-06 2.3496e-06 -0.00047258 2.34959e-06 1.17479e-06 2.34959e-06 2.3496e-06 1.1748e-06 -0.000472579 -0.000472578 0.000476101 2.34958e-06 -0.000472578 0.000476101 2.34959e-06 0.000476102 2.34958e-06 0.0004761 1.17479e-06 -0.000472577 2.34957e-06 2.34957e-06 -0.000472574 0.000476098 0.0372111 0.0829059 2.34955e-06 0.000476094 0.000593006 
0.000633022 1.21678e-06 2.43357e-06 1.21679e-06 2.43358e-06 -0.000489471 2.43357e-06 1.21678e-06 2.43357e-06 2.43358e-06 1.21679e-06 -0.00048947 -0.000489469 0.000493118 2.43356e-06 -0.000489469 0.000493118 2.43357e-06 0.000493119 2.43356e-06 0.000493117 1.21678e-06 -0.000489468 2.43355e-06 2.43355e-06 -0.000489465 0.000493114 0.0390231 0.0868977 2.43353e-06 0.000493111 0.000614158 
0.000654822 1.25878e-06 2.51756e-06 1.25878e-06 2.51756e-06 -0.000506363 2.51755e-06 1.25878e-06 2.51755e-06 2.51757e-06 1.25878e-06 -0.000506363 -0.000506361 0.000510136 2.51754e-06 -0.000506361 0.000510137 2.51756e-06 0.000510137 2.51755e-06 0.000510135 1.25877e-06 -0.00050636 2.51753e-06 2.51753e-06 -0.000506357 0.000510132 0.0408568 0.0909308 2.51751e-06 0.000510128 0.000635311 
0.000676625 1.30077e-06 2.60155e-06 1.30077e-06 2.60155e-06 -0.000523257 2.60155e-06 1.30077e-06 2.60154e-06 2.60156e-06 1.30077e-06 -0.000523256 -0.000523255 0.000527155 2.60153e-06 -0.000523254 0.000527156 2.60155e-06 0.000527157 2.60154e-06 0.000527154 1.30076e-06 -0.000523254 2.60152e-06 2.60152e-06 -0.00052325 0.000527151 0.0427029 0.0949888 2.6015e-06 0.000527147 0.000656456 
0.000698437 1.34277e-06 2.68555e-06 1.34277e-06 2.68555e-06 -0.000540151 2.68554e-06 1.34277e-06 2.68554e-06 2.68555e-06 1.34277e-06 -0.00054015 -0.000540149 0.000544176 2.68553e-06 -0.000540148 0.000544176 2.68554e-06 0.000544177 2.68554e-06 0.000544174 1.34276e-06 -0.000540148 2.68552e-06 2.68552e-06 -0.000540144 0.000544171 0.0445639 0.0990746 2.6855e-06 0.000544167 0.000677602 
0.000720237 1.38477e-06 2.76955e-06 1.38477e-06 2.76955e-06 -0.000557046 2.76954e-06 1.38477e-06 2.76954e-06 2.76955e-06 1.38477e-06 -0.000557046 -0.000557045 0.000561197 2.76953e-06 -0.000557044 0.000561197 2.76954e-06 0.000561198 2.76954e-06 0.000561196 1.38476e-06 -0.000557043 2.76952e-06 2.76952e-06 -0.000557039 0.000561192 0.0464385 0.103172 2.7695e-06 0.000561188 0.00069875 
0.000742044 1.42677e-06 2.85356e-06 1.42677e-06 2.85356e-06 -0.000573943 2.85355e-06 1.42677e-06 2.85354e-06 2.85356e-06 1.42678e-06 -0.000573943 -0.000573941 0.000578219 2.85353e-06 -0.00057394 0.00057822 2.85355e-06 0.000578221 2.85354e-06 0.000578218 1.42676e-06 -0.00057394 2.85352e-06 2.85352e-06 -0.000573935 0.000578214 0.0483243 0.107292 2.8535e-06 0.000578209 0.000719898 
0.000763841 1.46878e-06 2.93757e-06 1.46878e-06 2.93757e-06 -0.00059084 2.93757e-06 1.46878e-06 2.93756e-06 2.93757e-06 1.46878e-06 -0.00059084 -0.000590839 0.000595243 2.93755e-06 -0.000590837 0.000595243 2.93756e-06 0.000595244 2.93755e-06 0.000595241 1.46877e-06 -0.000590837 2.93753e-06 2.93753e-06 -0.000590833 0.000595237 0.050215 0.111422 2.93751e-06 0.000595232 0.000741067 
0.000785648 1.51079e-06 3.02159e-06 1.51079e-06 3.02159e-06 -0.000607739 3.02158e-06 1.51079e-06 3.02157e-06 3.02159e-06 1.51079e-06 -0.000607739 -0.000607738 0.000612267 3.02156e-06 -0.000607736 0.000612268 3.02158e-06 0.000612269 3.02157e-06 0.000612266 1.51078e-06 -0.000607735 3.02155e-06 3.02155e-06 -0.000607731 0.000612261 0.0521089 0.115567 3.02152e-06 0.000612256 0.000762216 
0.000807464 1.5528e-06 3.10561e-06 1.5528e-06 3.10561e-06 -0.000624639 3.10561e-06 1.5528e-06 3.1056e-06 3.10561e-06 1.5528e-06 -0.000624639 -0.000624637 0.000629293 3.10558e-06 -0.000624636 0.000629293 3.1056e-06 0.000629295 3.10559e-06 0.000629291 1.55279e-06 -0.000624635 3.10557e-06 3.10557e-06 -0.00062463 0.000629286 0.0540147 0.119725 3.10554e-06 0.000629281 0.00078336 
0.000829275 1.59481e-06 3.18964e-06 1.59481e-06 3.18964e-06 -0.00064154 3.18964e-06 1.59481e-06 3.18962e-06 3.18964e-06 1.59482e-06 -0.00064154 -0.000641538 0.000646319 3.18961e-06 -0.000641536 0.00064632 3.18962e-06 0.000646321 3.18962e-06 0.000646318 1.5948e-06 -0.000641536 3.1896e-06 3.1896e-06 -0.00064153 0.000646312 0.0559256 0.123901 3.18957e-06 0.000646307 0.000804517 
0.000851082 1.63683e-06 3.27367e-06 1.63683e-06 3.27367e-06 -0.000658442 3.27367e-06 1.63683e-06 3.27365e-06 3.27368e-06 1.63683e-06 -0.000658441 -0.00065844 0.000663347 3.27365e-06 -0.000658438 0.000663348 3.27366e-06 0.000663349 3.27365e-06 0.000663346 1.63682e-06 -0.000658437 3.27363e-06 3.27363e-06 -0.000658432 0.000663339 0.057833 0.128104 3.2736e-06 0.000663334 0.000825674 
0.000872891 1.67885e-06 3.35771e-06 1.67885e-06 3.35771e-06 -0.000675345 3.35771e-06 1.67885e-06 3.35769e-06 3.35772e-06 1.67885e-06 -0.000675344 -0.000675343 0.000680376 3.35768e-06 -0.000675341 0.000680377 3.35769e-06 0.000680378 3.35769e-06 0.000680374 1.67884e-06 -0.00067534 3.35767e-06 3.35767e-06 -0.000675334 0.000680368 0.0597524 0.132339 3.35763e-06 0.000680362 0.000846825 
0.000894706 1.72087e-06 3.44175e-06 1.72087e-06 3.44175e-06 -0.000692249 3.44175e-06 1.72087e-06 3.44173e-06 3.44176e-06 1.72087e-06 -0.000692248 -0.000692247 0.000697406 3.44173e-06 -0.000692244 0.000697407 3.44174e-06 0.000697408 3.44173e-06 0.000697404 1.72086e-06 -0.000692244 3.44171e-06 3.44171e-06 -0.000692238 0.000697397 0.0616813 0.136597 3.44167e-06 0.000697391 0.000867988 
0.000916527 1.76289e-06 3.5258e-06 1.7629e-06 3.5258e-06 -0.000709154 3.5258e-06 1.76289e-06 3.52578e-06 3.52581e-06 1.7629e-06 -0.000709153 -0.000709152 0.000714437 3.52578e-06 -0.000709149 0.000714438 3.52578e-06 0.000714439 3.52578e-06 0.000714435 1.76288e-06 -0.000709149 3.52575e-06 3.52576e-06 -0.000709143 0.000714427 0.0636076 0.140871 3.52572e-06 0.000714421 0.00088915 
0.000938349 1.80492e-06 3.60985e-06 1.80492e-06 3.60986e-06 -0.00072606 3.60986e-06 1.80492e-06 3.60984e-06 3.60986e-06 1.80492e-06 -0.000726059 -0.000726058 0.000731468 3.60983e-06 -0.000726055 0.00073147 3.60984e-06 0.000731471 3.60984e-06 0.000731467 1.80491e-06 -0.000726055 3.60981e-06 3.60981e-06 -0.000726048 0.000731459 0.0655392 0.14514 3.60977e-06 0.000731452 0.00091032 
0.000960169 1.84695e-06 3.69391e-06 1.84695e-06 3.69392e-06 -0.000742967 3.69392e-06 1.84695e-06 3.69389e-06 3.69392e-06 1.84695e-06 -0.000742966 -0.000742964 0.000748501 3.69389e-06 -0.000742962 0.000748502 3.6939e-06 0.000748504 3.6939e-06 0.0007485 1.84694e-06 -0.000742962 3.69386e-06 3.69387e-06 -0.000742955 0.000748491 0.0674745 0.149404 3.69383e-06 0.000748484 0.000931491 
0.000981988 1.88898e-06 3.77797e-06 1.88899e-06 3.77798e-06 -0.000759875 3.77798e-06 1.88898e-06 3.77796e-06 3.77799e-06 1.88899e-06 -0.000759874 -0.000759872 0.000765535 3.77795e-06 -0.00075987 0.000765536 3.77796e-06 0.000765538 3.77796e-06 0.000765534 1.88897e-06 -0.000759869 3.77793e-06 3.77793e-06 -0.000759863 0.000765525 0.0694174 0.153658 3.77789e-06 0.000765517 0.00095266 
0.00100381 1.93101e-06 3.86204e-06 1.93102e-06 3.86205e-06 -0.000776784 3.86205e-06 1.93101e-06 3.86203e-06 3.86206e-06 1.93102e-06 -0.000776783 -0.000776781 0.00078257 3.86202e-06 -0.000776779 0.000782571 3.86203e-06 0.000782573 3.86203e-06 0.000782569 1.931e-06 -0.000776778 3.86199e-06 3.862e-06 -0.000776772 0.000782559 0.0713614 0.157917 3.86195e-06 0.000782551 0.000973821 
0.00102564 1.97305e-06 3.94611e-06 1.97306e-06 3.94612e-06 -0.000793694 3.94612e-06 1.97305e-06 3.9461e-06 3.94614e-06 1.97306e-06 -0.000793693 -0.000793691 0.000799606 3.94609e-06 -0.000793688 0.000799607 3.9461e-06 0.000799609 3.9461e-06 0.000799604 1.97304e-06 -0.000793688 3.94607e-06 3.94608e-06 -0.000793681 0.000799595 0.0733123 0.162177 3.94602e-06 0.000799586 0.000994992 
0.00104747 2.01509e-06 4.03019e-06 2.0151e-06 4.0302e-06 -0.000810605 4.0302e-06 2.01509e-06 4.03018e-06 4.03022e-06 2.0151e-06 -0.000810604 -0.000810602 0.000816643 4.03017e-06 -0.000810599 0.000816644 4.03018e-06 0.000816646 4.03018e-06 0.000816641 2.01507e-06 -0.000810598 4.03014e-06 4.03015e-06 -0.000810592 0.000816631 0.0752629 0.166436 4.0301e-06 0.000816622 0.00101617 
0.0010693 2.05713e-06 4.11427e-06 2.05714e-06 4.11429e-06 -0.000827517 4.11429e-06 2.05713e-06 4.11426e-06 4.1143e-06 2.05714e-06 -0.000827516 -0.000827514 0.000833681 4.11425e-06 -0.000827511 0.000833683 4.11426e-06 0.000833684 4.11426e-06 0.000833679 2.05712e-06 -0.00082751 4.11423e-06 4.11424e-06 -0.000827504 0.000833669 0.0772118 0.170696 4.11417e-06 0.000833659 0.00103733 
0.00109113 2.09918e-06 4.19836e-06 2.09918e-06 4.19838e-06 -0.00084443 4.19838e-06 2.09918e-06 4.19835e-06 4.19839e-06 2.09918e-06 -0.00084443 -0.000844427 0.00085072 4.19834e-06 -0.000844424 0.000850722 4.19835e-06 0.000850723 4.19835e-06 0.000850718 2.09916e-06 -0.000844422 4.19831e-06 4.19832e-06 -0.000844416 0.000850707 0.0791557 0.174948 4.19826e-06 0.000850697 0.0010585 
0.00111294 2.14122e-06 4.28246e-06 2.14123e-06 4.28247e-06 -0.000861344 4.28247e-06 2.14122e-06 4.28244e-06 4.28249e-06 2.14123e-06 -0.000861344 -0.000861341 0.00086776 4.28244e-06 -0.000861338 0.000867762 4.28244e-06 0.000867762 4.28244e-06 0.000867758 2.14121e-06 -0.000861336 4.28241e-06 4.28242e-06 -0.000861329 0.000867747 0.0811045 0.179194 4.28235e-06 0.000867736 0.00107967 
0.00113478 2.18327e-06 4.36655e-06 2.18328e-06 4.36657e-06 -0.000878259 4.36657e-06 2.18327e-06 4.36654e-06 4.36658e-06 2.18328e-06 -0.000878259 -0.000878256 0.000884801 4.36653e-06 -0.000878252 0.000884803 4.36654e-06 0.000884803 4.36654e-06 0.000884798 2.18326e-06 -0.00087825 4.3665e-06 4.36651e-06 -0.000878244 0.000884787 0.0830488 0.183443 4.36644e-06 0.000884775 0.00110084 
0.00115663 2.22532e-06 4.45066e-06 2.22533e-06 4.45067e-06 -0.000895176 4.45067e-06 2.22532e-06 4.45064e-06 4.45069e-06 2.22533e-06 -0.000895175 -0.000895172 0.000901843 4.45064e-06 -0.000895168 0.000901846 4.45064e-06 0.000901845 4.45065e-06 0.00090184 2.22531e-06 -0.000895166 4.45061e-06 4.45061e-06 -0.000895159 0.000901829 0.084996 0.18771 4.45054e-06 0.000901816 0.00112201 
0.00117846 2.26738e-06 4.53477e-06 2.26739e-06 4.53478e-06 -0.000912093 4.53478e-06 2.26738e-06 4.53475e-06 4.5348e-06 2.26739e-06 -0.000912092 -0.000912088 0.000918885 4.53475e-06 -0.000912085 0.000918889 4.53475e-06 0.000918888 4.53475e-06 0.000918882 2.26736e-06 -0.000912083 4.53471e-06 4.53472e-06 -0.000912075 0.000918871 0.0869487 0.191989 4.53464e-06 0.000918858 0.00114318 
0.0012003 2.30943e-06 4.61888e-06 2.30944e-06 4.6189e-06 -0.000929011 4.61889e-06 2.30943e-06 4.61887e-06 4.61891e-06 2.30945e-06 -0.00092901 -0.000929006 0.000935929 4.61886e-06 -0.000929003 0.000935933 4.61886e-06 0.000935932 4.61887e-06 0.000935926 2.30942e-06 -0.000929 4.61882e-06 4.61883e-06 -0.000928993 0.000935914 0.0889137 0.196286 4.61875e-06 0.000935901 0.00116435 
0.00122215 2.35149e-06 4.703e-06 2.3515e-06 4.70301e-06 -0.00094593 4.70301e-06 2.35149e-06 4.70298e-06 4.70303e-06 2.3515e-06 -0.000945929 -0.000945925 0.000952974 4.70298e-06 -0.000945922 0.000952977 4.70298e-06 0.000952977 4.70298e-06 0.000952971 2.35148e-06 -0.000945919 4.70294e-06 4.70295e-06 -0.000945911 0.000952959 0.0908859 0.200598 4.70287e-06 0.000952945 0.00118553 
0.00124399 2.39355e-06 4.78713e-06 2.39356e-06 4.78714e-06 -0.00096285 4.78714e-06 2.39355e-06 4.78711e-06 4.78716e-06 2.39357e-06 -0.000962849 -0.000962845 0.00097002 4.7871e-06 -0.000962842 0.000970023 4.7871e-06 0.000970023 4.78711e-06 0.000970016 2.39354e-06 -0.000962839 4.78706e-06 4.78707e-06 -0.000962831 0.000970004 0.0928502 0.204903 4.78699e-06 0.000969989 0.0012067 
0.00126583 2.43562e-06 4.87125e-06 2.43563e-06 4.87127e-06 -0.000979771 4.87126e-06 2.43562e-06 4.87123e-06 4.87129e-06 2.43563e-06 -0.00097977 -0.000979766 0.000987067 4.87123e-06 -0.000979763 0.00098707 4.87123e-06 0.00098707 4.87123e-06 0.000987063 2.4356e-06 -0.000979759 4.87119e-06 4.8712e-06 -0.000979751 0.00098705 0.0947992 0.2092 4.87111e-06 0.000987035 0.00122788 
0.00128766 2.47768e-06 4.95539e-06 2.47769e-06 4.9554e-06 -0.000996693 4.9554e-06 2.47768e-06 4.95537e-06 4.95542e-06 2.4777e-06 -0.000996692 -0.000996688 0.00100411 4.95536e-06 -0.000996685 0.00100412 4.95536e-06 0.00100412 4.95536e-06 0.00100411 2.47767e-06 -0.00099668 4.95532e-06 4.95533e-06 -0.000996673 0.0010041 0.096743 0.213469 4.95524e-06 0.00100408 0.00124906 
0.0013095 2.51975e-06 5.03952e-06 2.51976e-06 5.03954e-06 -0.00101362 5.03953e-06 2.51975e-06 5.0395e-06 5.03956e-06 2.51977e-06 -0.00101361 -0.00101361 0.00102116 5.0395e-06 -0.00101361 0.00102117 5.03949e-06 0.00102117 5.0395e-06 0.00102116 2.51973e-06 -0.0010136 5.03946e-06 5.03946e-06 -0.00101359 0.00102115 0.0986708 0.217717 5.03937e-06 0.00102113 0.00127024 
0.00133133 2.56182e-06 5.12367e-06 2.56183e-06 5.12368e-06 -0.00103054 5.12368e-06 2.56182e-06 5.12364e-06 5.1237e-06 2.56184e-06 -0.00103054 -0.00103053 0.00103821 5.12364e-06 -0.00103053 0.00103822 5.12364e-06 0.00103822 5.12364e-06 0.00103821 2.5618e-06 -0.00103053 5.1236e-06 5.1236e-06 -0.00103052 0.0010382 0.100598 0.221943 5.12351e-06 0.00103818 0.00129143 
0.00135318 2.60389e-06 5.20781e-06 2.60391e-06 5.20783e-06 -0.00104746 5.20782e-06 2.6039e-06 5.20779e-06 5.20785e-06 2.60391e-06 -0.00104746 -0.00104746 0.00105526 5.20778e-06 -0.00104746 0.00105527 5.20778e-06 0.00105527 5.20779e-06 0.00105526 2.60387e-06 -0.00104745 5.20774e-06 5.20775e-06 -0.00104744 0.00105525 0.102517 0.226167 5.20765e-06 0.00105523 0.00131261 
0.00137502 2.64597e-06 5.29196e-06 2.64598e-06 5.29198e-06 -0.00106439 5.29197e-06 2.64597e-06 5.29194e-06 5.292e-06 2.64599e-06 -0.00106439 -0.00106438 0.00107231 5.29193e-06 -0.00106438 0.00107232 5.29193e-06 0.00107232 5.29194e-06 0.00107231 2.64595e-06 -0.00106438 5.29189e-06 5.2919e-06 -0.00106437 0.0010723 0.104443 0.230382 5.2918e-06 0.00107228 0.00133381 
0.00139687 2.68804e-06 5.37612e-06 2.68806e-06 5.37614e-06 -0.00108132 5.37613e-06 2.68805e-06 5.3761e-06 5.37616e-06 2.68806e-06 -0.00108132 -0.00108131 0.00108937 5.37609e-06 -0.00108131 0.00108937 5.37609e-06 0.00108937 5.37609e-06 0.00108936 2.68803e-06 -0.0010813 5.37604e-06 5.37605e-06 -0.00108129 0.00108935 0.106367 0.234601 5.37595e-06 0.00108933 0.00135499 
0.00141872 2.73012e-06 5.46028e-06 2.73014e-06 5.4603e-06 -0.00109824 5.46029e-06 2.73013e-06 5.46026e-06 5.46032e-06 2.73014e-06 -0.00109824 -0.00109824 0.00110642 5.46025e-06 -0.00109824 0.00110642 5.46025e-06 0.00110643 5.46025e-06 0.00110642 2.7301e-06 -0.00109823 5.4602e-06 5.46021e-06 -0.00109822 0.0011064 0.108279 0.238816 5.46011e-06 0.00110638 0.00137617 
0.00144057 2.77221e-06 5.54444e-06 2.77222e-06 5.54446e-06 -0.00111517 5.54445e-06 2.77221e-06 5.54442e-06 5.54448e-06 2.77223e-06 -0.00111517 -0.00111517 0.00112347 5.54441e-06 -0.00111516 0.00112348 5.54441e-06 0.00112348 5.54441e-06 0.00112347 2.77218e-06 -0.00111516 5.54436e-06 5.54437e-06 -0.00111515 0.00112345 0.110186 0.243017 5.54427e-06 0.00112343 0.00139736 
0.00146242 2.81429e-06 5.62861e-06 2.8143e-06 5.62863e-06 -0.0011321 5.62862e-06 2.8143e-06 5.62859e-06 5.62865e-06 2.81431e-06 -0.0011321 -0.0011321 0.00114053 5.62858e-06 -0.00113209 0.00114053 5.62858e-06 0.00114053 5.62858e-06 0.00114053 2.81427e-06 -0.00113208 5.62853e-06 5.62854e-06 -0.00113208 0.00114051 0.112092 0.247208 5.62843e-06 0.00114049 0.00141855 
0.00148427 2.85638e-06 5.71278e-06 2.85639e-06 5.71281e-06 -0.00114903 5.7128e-06 2.85638e-06 5.71276e-06 5.71283e-06 2.8564e-06 -0.00114903 -0.00114903 0.00115758 5.71275e-06 -0.00114902 0.00115759 5.71275e-06 0.00115759 5.71275e-06 0.00115758 2.85635e-06 -0.00114901 5.7127e-06 5.71271e-06 -0.00114901 0.00115756 0.113984 0.251377 5.7126e-06 0.00115754 0.00143974 
0.00150614 2.89846e-06 5.79696e-06 2.89848e-06 5.79698e-06 -0.00116596 5.79697e-06 2.89847e-06 5.79694e-06 5.79701e-06 2.89849e-06 -0.00116596 -0.00116596 0.00117464 5.79692e-06 -0.00116595 0.00117465 5.79693e-06 0.00117465 5.79692e-06 0.00117464 2.89844e-06 -0.00116594 5.79687e-06 5.79688e-06 -0.00116594 0.00117462 0.115867 0.255512 5.79677e-06 0.0011746 0.00146093 
0.001528 2.94055e-06 5.88114e-06 2.94057e-06 5.88116e-06 -0.00118289 5.88115e-06 2.94056e-06 5.88112e-06 5.88119e-06 2.94058e-06 -0.00118289 -0.00118289 0.0011917 5.8811e-06 -0.00118288 0.00119171 5.88111e-06 0.0011917 5.8811e-06 0.00119169 2.94053e-06 -0.00118288 5.88105e-06 5.88106e-06 -0.00118287 0.00119168 0.117738 0.259608 5.88094e-06 0.00119165 0.00148212 
0.00154985 2.98265e-06 5.96533e-06 2.98266e-06 5.96535e-06 -0.00119983 5.96534e-06 2.98265e-06 5.96531e-06 5.96537e-06 2.98267e-06 -0.00119982 -0.00119982 0.00120876 5.96529e-06 -0.00119982 0.00120876 5.96529e-06 0.00120876 5.96528e-06 0.00120875 2.98262e-06 -0.00119981 5.96523e-06 5.96524e-06 -0.0011998 0.00120874 0.119713 0.263766 5.96512e-06 0.00120871 0.00150332 
0.00157172 3.02474e-06 6.04952e-06 3.02476e-06 6.04954e-06 -0.00121676 6.04952e-06 3.02475e-06 6.0495e-06 6.04956e-06 3.02477e-06 -0.00121676 -0.00121675 0.00122582 6.04947e-06 -0.00121675 0.00122582 6.04948e-06 0.00122582 6.04947e-06 0.00122581 3.02471e-06 -0.00121674 6.04941e-06 6.04943e-06 -0.00121673 0.00122579 0.121681 0.267889 6.0493e-06 0.00122577 0.00152451 
0.00159358 3.06684e-06 6.13371e-06 3.06685e-06 6.13373e-06 -0.00123369 6.13372e-06 3.06684e-06 6.13369e-06 6.13376e-06 3.06686e-06 -0.00123369 -0.00123369 0.00124288 6.13366e-06 -0.00123368 0.00124288 6.13367e-06 0.00124288 6.13366e-06 0.00124287 3.06681e-06 -0.00123367 6.1336e-06 6.13361e-06 -0.00123366 0.00124285 0.123635 0.271982 6.13349e-06 0.00124282 0.00154572 
0.00161545 3.10893e-06 6.21791e-06 3.10895e-06 6.21793e-06 -0.00125063 6.21791e-06 3.10894e-06 6.21789e-06 6.21795e-06 3.10896e-06 -0.00125063 -0.00125062 0.00125994 6.21786e-06 -0.00125062 0.00125994 6.21786e-06 0.00125994 6.21785e-06 0.00125993 3.1089e-06 -0.00125061 6.2178e-06 6.21781e-06 -0.0012506 0.00125991 0.125579 0.276045 6.21768e-06 0.00125988 0.00156692 
0.00163731 3.15103e-06 6.3021e-06 3.15105e-06 6.30213e-06 -0.00126756 6.30211e-06 3.15104e-06 6.30208e-06 6.30215e-06 3.15106e-06 -0.00126756 -0.00126756 0.001277 6.30206e-06 -0.00126755 0.001277 6.30206e-06 0.001277 6.30205e-06 0.00127699 3.151e-06 -0.00126754 6.30199e-06 6.302e-06 -0.00126753 0.00127697 0.127509 0.28008 6.30187e-06 0.00127694 0.00158812 
0.00165917 3.19313e-06 6.38631e-06 3.19315e-06 6.38633e-06 -0.0012845 6.38631e-06 3.19314e-06 6.38629e-06 6.38636e-06 3.19316e-06 -0.0012845 -0.00128449 0.00129406 6.38626e-06 -0.00128449 0.00129407 6.38626e-06 0.00129407 6.38625e-06 0.00129405 3.1931e-06 -0.00128448 6.38619e-06 6.3862e-06 -0.00128447 0.00129403 0.129428 0.284094 6.38607e-06 0.001294 0.00160931 
0.00168103 3.23524e-06 6.47051e-06 3.23526e-06 6.47054e-06 -0.00130144 6.47052e-06 3.23524e-06 6.47049e-06 6.47057e-06 3.23527e-06 -0.00130143 -0.00130143 0.00131112 6.47046e-06 -0.00130142 0.00131113 6.47046e-06 0.00131113 6.47046e-06 0.00131112 3.2352e-06 -0.00130141 6.47039e-06 6.4704e-06 -0.0013014 0.0013111 0.131332 0.288087 6.47027e-06 0.00131106 0.00163052 
0.00170289 3.27734e-06 6.55472e-06 3.27736e-06 6.55475e-06 -0.00131837 6.55472e-06 3.27735e-06 6.5547e-06 6.55477e-06 3.27737e-06 -0.00131837 -0.00131837 0.00132819 6.55467e-06 -0.00131836 0.00132819 6.55467e-06 0.00132819 6.55466e-06 0.00132818 3.27731e-06 -0.00131835 6.5546e-06 6.55461e-06 -0.00131834 0.00132816 0.133221 0.292052 6.55447e-06 0.00132812 0.00165173 
0.00172474 3.31944e-06 6.63893e-06 3.31946e-06 6.63896e-06 -0.00133531 6.63893e-06 3.31945e-06 6.63891e-06 6.63899e-06 3.31948e-06 -0.00133531 -0.0013353 0.00134525 6.63887e-06 -0.0013353 0.00134525 6.63888e-06 0.00134525 6.63887e-06 0.00134524 3.31941e-06 -0.00133529 6.63881e-06 6.63882e-06 -0.00133528 0.00134522 0.135094 0.295978 6.63867e-06 0.00134519 0.00167293 
0.0017466 3.36155e-06 6.72314e-06 3.36157e-06 6.72317e-06 -0.00135225 6.72315e-06 3.36156e-06 6.72312e-06 6.7232e-06 3.36158e-06 -0.00135224 -0.00135224 0.00136231 6.72308e-06 -0.00135223 0.00136232 6.72309e-06 0.00136232 6.72308e-06 0.00136231 3.36152e-06 -0.00135223 6.72302e-06 6.72303e-06 -0.00135221 0.00136228 0.136951 0.299865 6.72288e-06 0.00136225 0.00169414 
0.00176847 3.40366e-06 6.80736e-06 3.40368e-06 6.80739e-06 -0.00136919 6.80736e-06 3.40367e-06 6.80733e-06 6.80741e-06 3.40369e-06 -0.00136918 -0.00136918 0.00137938 6.8073e-06 -0.00136917 0.00137938 6.8073e-06 0.00137938 6.80729e-06 0.00137937 3.40362e-06 -0.00136916 6.80723e-06 6.80724e-06 -0.00136915 0.00137935 0.138787 0.303702 6.80709e-06 0.00137931 0.00171534 
0.00179034 3.44576e-06 6.89157e-06 3.44579e-06 6.8916e-06 -0.00138613 6.89158e-06 3.44577e-06 6.89155e-06 6.89163e-06 3.4458e-06 -0.00138612 -0.00138612 0.00139644 6.89151e-06 -0.00138611 0.00139645 6.89152e-06 0.00139645 6.89151e-06 0.00139643 3.44573e-06 -0.0013861 6.89144e-06 6.89145e-06 -0.00138609 0.00139641 0.140603 0.307495 6.89129e-06 0.00139637 0.00173653 
0.0018122 3.48787e-06 6.97579e-06 3.4879e-06 6.97582e-06 -0.00140307 6.9758e-06 3.48788e-06 6.97577e-06 6.97585e-06 3.48791e-06 -0.00140306 -0.00140306 0.00141351 6.97573e-06 -0.00140305 0.00141351 6.97573e-06 0.00141351 6.97572e-06 0.0014135 3.48784e-06 -0.00140304 6.97566e-06 6.97567e-06 -0.00140303 0.00141348 0.142395 0.311227 6.97551e-06 0.00141344 0.00175773 
0.00183406 3.52998e-06 7.06001e-06 3.53001e-06 7.06004e-06 -0.00142001 7.06002e-06 3.52999e-06 7.05999e-06 7.06007e-06 3.53002e-06 -0.00142 -0.00141999 0.00143057 7.05995e-06 -0.00141999 0.00143058 7.05995e-06 0.00143058 7.05994e-06 0.00143057 3.52994e-06 -0.00141998 7.05987e-06 7.05988e-06 -0.00141997 0.00143054 0.144159 0.314904 7.05972e-06 0.0014305 0.00177893 
0.00185592 3.57209e-06 7.14423e-06 3.57212e-06 7.14426e-06 -0.00143695 7.14424e-06 3.5721e-06 7.14421e-06 7.14429e-06 3.57213e-06 -0.00143694 -0.00143693 0.00144764 7.14417e-06 -0.00143693 0.00144765 7.14417e-06 0.00144764 7.14416e-06 0.00144763 3.57205e-06 -0.00143692 7.14409e-06 7.1441e-06 -0.00143691 0.0014476 0.145888 0.31851 7.14393e-06 0.00144756 0.00180015 
0.00187778 3.6142e-06 7.22845e-06 3.61423e-06 7.22849e-06 -0.00145389 7.22847e-06 3.61421e-06 7.22844e-06 7.22851e-06 3.61424e-06 -0.00145388 -0.00145387 0.0014647 7.22839e-06 -0.00145387 0.00146471 7.22839e-06 0.00146471 7.22838e-06 0.0014647 3.61416e-06 -0.00145386 7.22831e-06 7.22832e-06 -0.00145384 0.00146467 0.147578 0.322046 7.22814e-06 0.00146463 0.00182135 
0.00189965 3.65631e-06 7.31267e-06 3.65634e-06 7.31271e-06 -0.00147083 7.31269e-06 3.65633e-06 7.31266e-06 7.31274e-06 3.65635e-06 -0.00147082 -0.00147081 0.00148177 7.31262e-06 -0.00147081 0.00148178 7.31261e-06 0.00148177 7.3126e-06 0.00148176 3.65627e-06 -0.0014708 7.31253e-06 7.31254e-06 -0.00147078 0.00148174 0.149235 0.325499 7.31236e-06 0.00148169 0.00184254 
0.00192152 3.69842e-06 7.39689e-06 3.69845e-06 7.39693e-06 -0.00148777 7.39691e-06 3.69844e-06 7.39688e-06 7.39696e-06 3.69847e-06 -0.00148776 -0.00148775 0.00149884 7.39684e-06 -0.00148774 0.00149884 7.39683e-06 0.00149884 7.39682e-06 0.00149883 3.69838e-06 -0.00148774 7.39675e-06 7.39676e-06 -0.00148772 0.0014988 0.15085 0.328858 7.39657e-06 0.00149875 0.00186374 
0.00194337 3.74053e-06 7.48111e-06 3.74056e-06 7.48115e-06 -0.00150471 7.48113e-06 3.74055e-06 7.48111e-06 7.48118e-06 3.74058e-06 -0.0015047 -0.00150469 0.0015159 7.48106e-06 -0.00150468 0.00151591 7.48105e-06 0.00151591 7.48104e-06 0.0015159 3.74049e-06 -0.00150468 7.48097e-06 7.48098e-06 -0.00150466 0.00151587 0.152415 0.332122 7.48079e-06 0.00151582 0.00188494 
0.00196523 3.78264e-06 7.56533e-06 3.78267e-06 7.56538e-06 -0.00152165 7.56536e-06 3.78266e-06 7.56533e-06 7.56541e-06 3.78269e-06 -0.00152164 -0.00152163 0.00153297 7.56528e-06 -0.00152162 0.00153298 7.56527e-06 0.00153297 7.56526e-06 0.00153296 3.7826e-06 -0.00152161 7.56519e-06 7.5652e-06 -0.0015216 0.00153293 0.153944 0.335294 7.565e-06 0.00153288 0.00190613 
0.0019871 3.82475e-06 7.64955e-06 3.82478e-06 7.6496e-06 -0.00153859 7.64958e-06 3.82477e-06 7.64955e-06 7.64963e-06 3.8248e-06 -0.00153858 -0.00153857 0.00155003 7.6495e-06 -0.00153856 0.00155004 7.64949e-06 0.00155004 7.64948e-06 0.00155003 3.82471e-06 -0.00153855 7.64941e-06 7.64941e-06 -0.00153854 0.00155 0.155436 0.338375 7.64922e-06 0.00154994 0.00192734 
0.00200897 3.86685e-06 7.73377e-06 3.86689e-06 7.73382e-06 -0.00155553 7.7338e-06 3.86688e-06 7.73377e-06 7.73385e-06 3.86691e-06 -0.00155552 -0.00155551 0.0015671 7.73372e-06 -0.0015555 0.00156711 7.73371e-06 0.0015671 7.7337e-06 0.00156709 3.86682e-06 -0.00155549 7.73363e-06 7.73363e-06 -0.00155548 0.00156706 0.156884 0.341375 7.73343e-06 0.00156701 0.00194854 
0.00203083 3.90896e-06 7.81799e-06 3.90901e-06 7.81804e-06 -0.00157247 7.81802e-06 3.90899e-06 7.81799e-06 7.81807e-06 3.90902e-06 -0.00157246 -0.00157245 0.00158416 7.81793e-06 -0.00157244 0.00158417 7.81793e-06 0.00158417 7.81792e-06 0.00158416 3.90893e-06 -0.00157243 7.81785e-06 7.81785e-06 -0.00157242 0.00158413 0.158289 0.344286 7.81765e-06 0.00158407 0.00196975 
0.0020527 3.95107e-06 7.9022e-06 3.95112e-06 7.90226e-06 -0.00158941 7.90224e-06 3.9511e-06 7.90221e-06 7.90229e-06 3.95113e-06 -0.00158939 -0.00158939 0.00160123 7.90215e-06 -0.00158938 0.00160124 7.90215e-06 0.00160123 7.90214e-06 0.00160122 3.95104e-06 -0.00158937 7.90206e-06 7.90207e-06 -0.00158936 0.00160119 0.15965 0.347108 7.90186e-06 0.00160113 0.00199096 
0.00207456 3.99318e-06 7.98642e-06 3.99323e-06 7.98648e-06 -0.00160635 7.98646e-06 3.99321e-06 7.98642e-06 7.98651e-06 3.99324e-06 -0.00160633 -0.00160633 0.0016183 7.98637e-06 -0.00160632 0.0016183 7.98637e-06 0.0016183 7.98635e-06 0.00161829 3.99314e-06 -0.00160631 7.98628e-06 7.98628e-06 -0.0016063 0.00161825 0.160963 0.349824 7.98607e-06 0.0016182 0.00201216 
0.00209641 4.03529e-06 8.07063e-06 4.03533e-06 8.07069e-06 -0.00162328 8.07067e-06 4.03531e-06 8.07063e-06 8.07072e-06 4.03535e-06 -0.00162327 -0.00162327 0.00163536 8.07058e-06 -0.00162326 0.00163537 8.07058e-06 0.00163536 8.07057e-06 0.00163535 4.03525e-06 -0.00162325 8.07049e-06 8.07049e-06 -0.00162323 0.00163532 0.162226 0.352442 8.07027e-06 0.00163526 0.00203336 
0.00211828 4.07739e-06 8.15484e-06 4.07744e-06 8.1549e-06 -0.00164022 8.15488e-06 4.07742e-06 8.15484e-06 8.15493e-06 4.07745e-06 -0.00164021 -0.0016402 0.00165242 8.15479e-06 -0.00164019 0.00165243 8.15479e-06 0.00165243 8.15478e-06 0.00165242 4.07735e-06 -0.00164019 8.1547e-06 8.15471e-06 -0.00164017 0.00165238 0.163446 0.354962 8.15448e-06 0.00165232 0.00205456 
0.00214015 4.11949e-06 8.23905e-06 4.11954e-06 8.23911e-06 -0.00165716 8.23909e-06 4.11952e-06 8.23905e-06 8.23914e-06 4.11956e-06 -0.00165715 -0.00165714 0.00166949 8.239e-06 -0.00165713 0.00166949 8.239e-06 0.00166949 8.23898e-06 0.00166948 4.11946e-06 -0.00165712 8.23891e-06 8.23891e-06 -0.00165711 0.00166944 0.164629 0.357399 8.23869e-06 0.00166938 0.00207577 
0.00216202 4.1616e-06 8.32326e-06 4.16165e-06 8.32332e-06 -0.0016741 8.3233e-06 4.16163e-06 8.32326e-06 8.32335e-06 4.16166e-06 -0.00167408 -0.00167408 0.00168655 8.32321e-06 -0.00167407 0.00168656 8.32321e-06 0.00168656 8.32319e-06 0.00168654 4.16156e-06 -0.00167406 8.32311e-06 8.32312e-06 -0.00167404 0.00168651 0.165779 0.359769 8.32289e-06 0.00168644 0.00209697 
0.00218506 4.2037e-06 8.40746e-06 4.20375e-06 8.40753e-06 -0.00169103 8.40751e-06 4.20373e-06 8.40747e-06 8.40755e-06 4.20377e-06 -0.00169102 -0.00169102 0.00170361 8.40742e-06 -0.00169101 0.00170362 8.40742e-06 0.00170362 8.4074e-06 0.00170361 4.20367e-06 -0.001691 8.40732e-06 8.40733e-06 -0.00169098 0.00170357 0.166899 0.362077 8.40709e-06 0.00170351 0.00211939 
