707.175 707.175 707.175 707.175 707.175 707.175 707.175 707.175 707.175 707.175 707.175 707.175 707.175 707.175 707.175 707.175 707.175 707.175 707.175 707.175 707.175 707.175 707.175 707.175 707.175 707.175 707.175 707.175 707.175 707.175 707.175 707.175 
707.3 707.299 707.3 707.299 707.298 707.299 707.298 707.298 707.297 707.296 707.299 707.296 707.294 707.296 707.295 707.294 707.295 707.296 707.295 707.294 707.291 707.294 707.296 707.293 707.292 707.294 707.291 707.292 707.289 707.291 707.29 707.284 
707.43 707.427 707.428 707.428 707.426 707.426 707.425 707.424 707.422 707.422 707.427 707.42 707.417 707.421 707.419 707.418 707.42 707.421 707.419 707.417 707.411 707.417 707.421 707.415 707.412 707.417 707.411 707.412 707.406 707.41 707.408 707.396 
707.564 707.56 707.561 707.561 707.559 707.558 707.556 707.556 707.552 707.552 707.559 707.548 707.546 707.552 707.547 707.545 707.549 707.551 707.547 707.544 707.536 707.546 707.551 707.541 707.537 707.545 707.535 707.536 707.528 707.534 707.532 707.513 
707.705 707.698 707.699 707.699 707.697 707.696 707.692 707.693 707.687 707.689 707.695 707.682 707.681 707.688 707.683 707.679 707.684 707.688 707.682 707.677 707.668 707.68 707.686 707.672 707.667 707.677 707.666 707.666 707.656 707.664 707.661 707.635 
707.853 707.843 707.844 707.844 707.843 707.841 707.834 707.838 707.828 707.832 707.838 707.824 707.822 707.83 707.825 707.82 707.826 707.832 707.822 707.816 707.806 707.821 707.827 707.81 707.805 707.816 707.803 707.802 707.791 707.8 707.797 707.764 
708.009 707.996 707.997 707.995 707.996 707.992 707.984 707.989 707.977 707.982 707.987 707.972 707.971 707.98 707.974 707.968 707.974 707.982 707.97 707.962 707.952 707.969 707.975 707.955 707.95 707.96 707.947 707.945 707.932 707.942 707.94 707.898 
708.173 708.155 708.156 708.152 708.155 708.151 708.141 708.148 708.134 708.14 708.143 708.129 708.127 708.137 708.13 708.124 708.129 708.14 708.125 708.116 708.107 708.123 708.129 708.107 708.104 708.112 708.099 708.097 708.082 708.092 708.09 708.04 
708.344 708.321 708.323 708.317 708.322 708.316 708.305 708.314 708.299 708.305 708.307 708.294 708.291 708.301 708.294 708.288 708.291 708.304 708.288 708.277 708.269 708.284 708.29 708.268 708.265 708.271 708.258 708.255 708.239 708.249 708.247 708.189 
708.524 708.494 708.497 708.489 708.495 708.488 708.478 708.487 708.471 708.477 708.477 708.467 708.461 708.471 708.464 708.459 708.46 708.474 708.458 708.446 708.439 708.451 708.458 708.436 708.434 708.437 708.425 708.42 708.403 708.413 708.412 708.345 
708.713 708.672 708.678 708.668 708.674 708.666 708.658 708.667 708.65 708.657 708.655 708.648 708.639 708.648 708.642 708.638 708.636 708.652 708.637 708.622 708.617 708.626 708.632 708.611 708.61 708.611 708.599 708.593 708.574 708.584 708.583 708.507 
708.909 708.857 708.866 708.853 708.861 708.851 708.845 708.853 708.835 708.844 708.839 708.836 708.825 708.832 708.828 708.823 708.819 708.837 708.822 708.805 708.802 708.807 708.814 708.794 708.794 708.793 708.779 708.772 708.752 708.763 708.763 708.676 
709.113 709.047 709.06 709.046 709.054 709.044 709.038 709.045 709.027 709.039 709.03 709.031 709.017 709.022 709.02 709.016 709.009 709.029 709.014 708.995 708.994 708.997 709.003 708.983 708.985 708.983 708.966 708.958 708.937 708.949 708.95 708.853 
709.323 709.244 709.26 709.245 709.253 709.244 709.238 709.244 709.226 709.241 709.227 709.233 709.216 709.217 709.219 709.214 709.205 709.228 709.213 709.193 709.192 709.194 709.199 709.18 709.183 709.18 709.16 709.151 709.128 709.142 709.144 709.036 
709.539 709.447 709.466 709.45 709.458 709.45 709.444 709.449 709.431 709.45 709.431 709.441 709.421 709.419 709.425 709.418 709.408 709.434 709.419 709.398 709.396 709.398 709.402 709.383 709.387 709.384 709.36 709.351 709.325 709.343 709.345 709.226 
709.76 709.656 709.678 709.66 709.669 709.663 709.655 709.66 709.643 709.665 709.642 709.656 709.632 709.627 709.636 709.629 709.618 709.646 709.63 709.609 709.606 709.607 709.613 709.594 709.596 709.593 709.568 709.557 709.528 709.55 709.552 709.422 
709.989 709.872 709.896 709.877 709.887 709.88 709.871 709.877 709.861 709.886 709.859 709.876 709.848 709.84 709.853 709.846 709.834 709.864 709.847 709.826 709.822 709.823 709.829 709.811 709.81 709.807 709.782 709.77 709.737 709.764 709.765 709.623 
710.223 710.094 710.119 710.098 710.111 710.104 710.093 710.098 710.085 710.111 710.084 710.1 710.069 710.06 710.074 710.07 710.056 710.088 710.069 710.048 710.043 710.044 710.052 710.034 710.03 710.026 710.002 709.987 709.952 709.984 709.982 709.829 
710.465 710.322 710.347 710.326 710.34 710.332 710.319 710.325 710.313 710.341 710.314 710.329 710.295 710.286 710.301 710.299 710.283 710.317 710.297 710.276 710.27 710.271 710.281 710.262 710.254 710.251 710.228 710.21 710.171 710.21 710.204 710.041 
710.712 710.556 710.579 710.559 710.573 710.566 710.55 710.556 710.545 710.576 710.55 710.562 710.527 710.517 710.532 710.533 710.516 710.551 710.529 710.508 710.501 710.501 710.514 710.496 710.484 710.481 710.459 710.438 710.397 710.44 710.431 710.258 
710.964 710.795 710.817 710.797 710.811 710.805 710.786 710.792 710.782 710.816 710.792 710.799 710.765 710.753 710.767 710.772 710.754 710.79 710.766 710.746 710.737 710.736 710.752 710.733 710.718 710.717 710.695 710.672 710.628 710.675 710.661 710.481 
711.222 711.039 711.059 711.041 711.054 711.049 711.027 711.033 711.023 711.061 711.038 711.041 711.007 710.994 711.008 711.014 710.997 711.033 711.009 710.99 710.979 710.975 710.995 710.974 710.958 710.958 710.934 710.91 710.863 710.914 710.897 710.709 
711.483 711.286 711.305 711.288 711.301 711.298 711.273 711.28 711.268 711.311 711.288 711.288 711.255 711.241 711.253 711.261 711.244 711.281 711.256 711.238 711.225 711.219 711.241 711.22 711.203 711.203 711.177 711.152 711.103 711.158 711.136 710.941 
711.749 711.537 711.557 711.539 711.553 711.551 711.523 711.53 711.517 711.565 711.541 711.54 711.507 711.492 711.504 711.511 711.495 711.533 711.508 711.492 711.476 711.466 711.492 711.469 711.453 711.452 711.426 711.399 711.347 711.406 711.38 711.179 
712.018 711.792 711.812 711.795 711.809 711.809 711.779 711.786 711.771 711.822 711.799 711.796 711.764 711.746 711.758 711.767 711.75 711.789 711.764 711.75 711.731 711.718 711.747 711.723 711.707 711.706 711.678 711.649 711.595 711.657 711.629 711.42 
712.29 712.05 712.072 712.053 712.07 712.07 712.038 712.045 712.029 712.083 712.059 712.055 712.024 712.005 712.016 712.026 712.01 712.048 712.023 712.012 711.989 711.974 712.006 711.98 711.965 711.963 711.936 711.903 711.847 711.912 711.881 711.666 
712.567 712.311 712.335 712.315 712.333 712.334 712.302 712.308 712.291 712.346 712.323 712.318 712.288 712.266 712.276 712.289 712.274 712.309 712.287 712.277 712.249 712.234 712.268 712.24 712.226 712.224 712.197 712.16 712.104 712.169 712.137 711.915 
712.847 712.575 712.601 712.581 712.598 712.6 712.568 712.574 712.556 712.612 712.589 712.583 712.555 712.531 712.539 712.555 712.54 712.573 712.553 712.544 712.512 712.497 712.535 712.502 712.49 712.488 712.461 712.421 712.364 712.43 712.396 712.166 
713.129 712.841 712.87 712.849 712.865 712.869 712.837 712.842 712.824 712.881 712.858 712.851 712.825 712.799 712.804 712.822 712.807 712.84 712.821 712.815 712.778 712.763 712.804 712.768 712.756 712.754 712.727 712.685 712.627 712.692 712.658 712.42 
713.414 713.11 713.142 713.12 713.135 713.139 713.109 713.113 713.094 713.151 713.128 713.122 713.097 713.069 713.072 713.091 713.077 713.11 713.092 713.089 713.047 713.033 713.076 713.036 713.025 713.022 712.994 712.953 712.893 712.957 712.923 712.676 
713.702 713.38 713.416 713.392 713.408 713.412 713.384 713.385 713.366 713.424 713.401 713.395 713.371 713.341 713.343 713.363 713.349 713.382 713.365 713.365 713.318 713.305 713.35 713.306 713.296 713.293 713.262 713.223 713.162 713.225 713.191 712.935 
713.991 713.652 713.691 713.666 713.683 713.686 713.661 713.66 713.64 713.699 713.677 713.672 713.647 713.616 713.617 713.636 713.622 713.657 713.639 713.643 713.593 713.58 713.626 713.579 713.569 713.565 713.532 713.496 713.433 713.495 713.461 713.195 
714.283 713.927 713.969 713.942 713.961 713.963 713.942 713.937 713.917 713.977 713.954 713.951 713.927 713.892 713.895 713.912 713.898 713.933 713.915 713.921 713.87 713.857 713.903 713.854 713.844 713.838 713.804 713.771 713.706 713.769 713.732 713.457 
714.576 714.203 714.247 714.219 714.241 714.241 714.224 714.216 714.196 714.256 714.233 714.233 714.208 714.171 714.175 714.191 714.176 714.212 714.193 714.201 714.149 714.137 714.181 714.131 714.121 714.114 714.078 714.047 713.981 714.046 714.006 713.72 
714.872 714.482 714.528 714.498 714.523 714.521 714.508 714.497 714.478 714.537 714.514 714.517 714.491 714.451 714.456 714.471 714.456 714.491 714.475 714.481 714.43 714.418 714.462 714.411 714.4 714.391 714.354 714.325 714.257 714.325 714.281 713.985 
715.169 714.762 714.809 714.778 714.806 714.804 714.794 714.779 714.761 714.82 714.796 714.802 714.776 714.733 714.738 714.753 714.739 714.772 714.759 714.762 714.712 714.7 714.744 714.693 714.681 714.67 714.633 714.604 714.535 714.605 714.558 714.251 
715.469 715.044 715.092 715.061 715.09 715.089 715.082 715.062 715.045 715.104 715.08 715.088 715.062 715.017 715.021 715.037 715.023 715.053 715.045 715.045 714.996 714.983 715.029 714.977 714.964 714.952 714.912 714.885 714.814 714.886 714.837 714.518 
715.771 715.328 715.376 715.346 715.375 715.377 715.37 715.346 715.329 715.39 715.364 715.375 715.35 715.302 715.307 715.322 715.31 715.336 715.332 715.33 715.282 715.266 715.314 715.262 715.25 715.235 715.194 715.166 715.093 715.167 715.117 714.787 
716.073 715.612 715.662 715.633 715.661 715.666 715.66 715.631 715.614 715.678 715.65 715.662 715.64 715.588 715.595 715.609 715.598 715.619 715.62 715.616 715.568 715.552 715.601 715.547 715.537 715.52 715.477 715.449 715.373 715.449 715.397 715.057 
716.377 715.898 715.949 715.922 715.948 715.956 715.95 715.918 715.9 715.968 715.937 715.95 715.93 715.876 715.885 715.896 715.888 715.904 715.909 715.905 715.856 715.839 715.888 715.833 715.825 715.807 715.761 715.733 715.653 715.732 715.678 715.328 
716.681 716.185 716.237 716.212 716.237 716.247 716.24 716.205 716.187 716.259 716.225 716.239 716.221 716.166 716.176 716.184 716.178 716.19 716.198 716.194 716.145 716.127 716.177 716.119 716.115 716.095 716.047 716.018 715.933 716.017 715.96 715.6 
716.986 716.473 716.526 716.503 716.527 716.539 716.532 716.494 716.475 716.551 716.514 716.529 716.512 716.455 716.466 716.473 716.47 716.478 716.488 716.485 716.434 716.416 716.468 716.406 716.406 716.384 716.333 716.304 716.214 716.302 716.242 715.872 
717.292 716.763 716.815 716.794 716.818 716.83 716.824 716.784 716.766 716.843 716.805 716.819 716.802 716.745 716.756 716.762 716.761 716.768 716.778 716.777 716.724 716.705 716.759 716.695 716.697 716.674 716.619 716.59 716.497 716.589 716.526 716.144 
717.599 717.054 717.104 717.086 717.11 717.122 717.116 717.074 717.057 717.136 717.096 717.109 717.091 717.034 717.046 717.053 717.051 717.059 717.068 717.069 717.014 716.995 717.051 716.985 716.989 716.964 716.906 716.876 716.781 716.877 716.811 716.417 
717.906 717.345 717.393 717.378 717.402 717.413 717.408 717.364 717.349 717.43 717.388 717.399 717.38 717.324 717.336 717.345 717.341 717.351 717.358 717.362 717.304 717.284 717.343 717.275 717.28 717.255 717.194 717.163 717.066 717.165 717.096 716.692 
718.214 717.638 717.682 717.67 717.695 717.703 717.7 717.654 717.64 717.724 717.68 717.69 717.67 717.614 717.626 717.636 717.631 717.643 717.648 717.655 717.596 717.574 717.633 717.565 717.573 717.547 717.482 717.45 717.352 717.452 717.381 716.967 
718.523 717.93 717.971 717.962 717.988 717.994 717.991 717.944 717.931 718.018 717.972 717.983 717.96 717.905 717.917 717.928 717.922 717.935 717.939 717.948 717.887 717.864 717.922 717.855 717.865 717.838 717.771 717.737 717.638 717.74 717.666 717.243 
718.83 718.223 718.26 718.253 718.281 718.285 718.283 718.234 718.222 718.313 718.264 718.276 718.25 718.196 718.208 718.219 718.213 718.226 718.23 718.239 718.179 718.154 718.211 718.145 718.158 718.129 718.06 718.024 717.924 718.026 717.951 717.519 
719.137 718.515 718.55 718.543 718.573 718.576 718.574 718.524 718.512 718.608 718.556 718.569 718.542 718.487 718.5 718.509 718.506 718.517 718.521 718.529 718.469 718.445 718.498 718.436 718.45 718.42 718.349 718.31 718.209 718.312 718.234 717.795 
719.443 718.806 718.84 718.833 718.865 718.868 718.866 718.815 718.803 718.901 718.848 718.863 718.833 718.779 718.792 718.798 718.799 718.807 718.812 718.818 718.759 718.735 718.785 718.726 718.741 718.71 718.638 718.596 718.494 718.597 718.518 718.071 
719.749 719.097 719.132 719.123 719.157 719.161 719.159 719.106 719.094 719.194 719.141 719.156 719.125 719.07 719.085 719.088 719.093 719.097 719.103 719.108 719.048 719.027 719.073 719.017 719.03 718.999 718.926 718.882 718.778 718.883 718.802 718.347 
720.054 719.387 719.423 719.414 719.449 719.455 719.452 719.397 719.386 719.486 719.434 719.449 719.416 719.362 719.379 719.379 719.388 719.387 719.392 719.399 719.337 719.318 719.36 719.308 719.319 719.286 719.215 719.168 719.062 719.168 719.086 718.623 
720.36 719.677 719.715 719.706 719.741 719.749 719.744 719.688 719.678 719.778 719.727 719.741 719.707 719.652 719.673 719.67 719.682 719.677 719.681 719.69 719.624 719.611 719.649 719.599 719.607 719.573 719.503 719.455 719.346 719.454 719.37 718.899 
720.667 719.966 720.008 719.999 720.032 720.043 720.035 719.979 719.97 720.07 720.019 720.033 719.997 719.943 719.967 719.962 719.975 719.966 719.971 719.981 719.912 719.903 719.938 719.89 719.896 719.86 719.79 719.742 719.63 719.74 719.655 719.174 
720.975 720.256 720.301 720.291 720.324 720.337 720.326 720.269 720.262 720.362 720.311 720.324 720.288 720.233 720.259 720.255 720.267 720.255 720.26 720.271 720.2 720.195 720.228 720.179 720.185 720.147 720.077 720.03 719.914 720.026 719.94 719.449 
721.284 720.545 720.595 720.585 720.616 720.63 720.617 720.561 720.553 720.655 720.603 720.615 720.58 720.523 720.551 720.549 720.557 720.543 720.551 720.562 720.488 720.486 720.518 720.469 720.475 720.435 720.364 720.319 720.197 720.312 720.224 719.723 
721.593 720.835 720.889 720.877 720.909 720.923 720.908 720.852 720.844 720.948 720.895 720.906 720.872 720.812 720.842 720.842 720.847 720.831 720.843 720.851 720.776 720.776 720.807 720.758 720.765 720.724 720.651 720.608 720.481 720.599 720.508 719.996 
721.903 721.124 721.182 721.17 721.201 721.215 721.2 721.144 721.134 721.241 721.187 721.197 721.165 721.102 721.132 721.135 721.136 721.119 721.135 721.14 721.065 721.066 721.096 721.047 721.056 721.013 720.939 720.897 720.764 720.886 720.791 720.269 
722.211 721.412 721.474 721.461 721.493 721.506 721.491 721.435 721.424 721.533 721.48 721.489 721.457 721.39 721.422 721.427 721.426 721.406 721.428 721.428 721.354 721.355 721.384 721.337 721.346 721.303 721.228 721.185 721.046 721.174 721.074 720.542 
722.519 721.7 721.765 721.752 721.785 721.796 721.781 721.725 721.714 721.824 721.771 721.781 721.748 721.679 721.711 721.718 721.716 721.695 721.721 721.716 721.644 721.644 721.671 721.627 721.635 721.592 721.516 721.471 721.328 721.463 721.356 720.814 
722.825 721.987 722.054 722.041 722.076 722.087 722.07 722.014 722.003 722.115 722.062 722.073 722.038 721.967 721.999 722.008 722.006 721.984 722.012 722.004 721.933 721.932 721.958 721.916 721.924 721.881 721.803 721.757 721.608 721.751 721.637 721.087 
723.129 722.274 722.341 722.33 722.366 722.377 722.358 722.303 722.291 722.406 722.351 722.365 722.327 722.254 722.287 722.298 722.295 722.273 722.303 722.292 722.221 722.219 722.245 722.205 722.211 722.169 722.09 722.041 721.888 722.038 721.918 721.358 
723.433 722.56 722.628 722.618 722.655 722.667 722.645 722.591 722.58 722.695 722.639 722.655 722.616 722.541 722.574 722.587 722.582 722.562 722.591 722.579 722.509 722.505 722.531 722.492 722.498 722.456 722.375 722.325 722.168 722.323 722.2 721.629 
723.735 722.847 722.914 722.905 722.943 722.957 722.932 722.879 722.87 722.984 722.924 722.943 722.904 722.827 722.86 722.875 722.868 722.851 722.879 722.865 722.796 722.791 722.816 722.778 722.783 722.742 722.66 722.608 722.447 722.608 722.48 721.9 
724.036 723.133 723.2 723.191 723.231 723.247 723.219 723.166 723.159 723.273 723.209 723.229 723.191 723.112 723.145 723.162 723.154 723.139 723.164 723.151 723.082 723.076 723.101 723.062 723.069 723.027 722.944 722.89 722.727 722.891 722.76 722.17 
724.336 723.42 723.485 723.476 723.519 723.535 723.506 723.452 723.446 723.56 723.493 723.514 723.478 723.396 723.43 723.447 723.439 723.426 723.449 723.436 723.368 723.359 723.385 723.345 723.353 723.311 723.227 723.171 723.006 723.174 723.039 722.439 
724.636 723.705 723.77 723.761 723.805 723.822 723.792 723.738 723.733 723.846 723.778 723.798 723.764 723.679 723.714 723.73 723.724 723.711 723.731 723.718 723.652 723.641 723.669 723.627 723.637 723.594 723.509 723.451 723.285 723.455 723.316 722.707 
724.935 723.989 724.053 724.044 724.091 724.106 724.077 724.022 724.017 724.131 724.063 724.082 724.049 723.96 723.997 724.013 724.009 723.994 724.012 723.999 723.934 723.921 723.952 723.908 723.919 723.877 723.79 723.729 723.562 723.735 723.592 722.973 
725.233 724.272 724.337 724.326 724.375 724.389 724.36 724.305 724.3 724.415 724.349 724.364 724.332 724.241 724.278 724.294 724.293 724.275 724.293 724.277 724.214 724.199 724.234 724.188 724.2 724.158 724.07 724.005 723.837 724.013 723.866 723.237 
725.53 724.553 724.62 724.607 724.657 724.67 724.641 724.586 724.582 724.697 724.633 724.645 724.613 724.52 724.558 724.574 724.574 724.555 724.572 724.554 724.493 724.476 724.514 724.466 724.478 724.439 724.349 724.281 724.11 724.29 724.138 723.5 
725.826 724.833 724.902 724.887 724.937 724.95 724.92 724.865 724.863 724.979 724.916 724.925 724.893 724.798 724.837 724.854 724.854 724.834 724.851 724.83 724.769 724.753 724.793 724.743 724.755 724.718 724.627 724.554 724.38 724.564 724.408 723.761 
726.12 725.112 725.183 725.167 725.216 725.228 725.197 725.143 725.144 725.258 725.197 725.203 725.172 725.075 725.116 725.132 725.131 725.111 725.129 725.104 725.044 725.029 725.071 725.019 725.03 724.995 724.903 724.826 724.648 724.838 724.677 724.021 
726.412 725.389 725.461 725.445 725.494 725.507 725.473 725.419 725.423 725.536 725.476 725.48 725.449 725.351 725.393 725.409 725.407 725.387 725.406 725.379 725.317 725.303 725.347 725.294 725.304 725.271 725.177 725.096 724.914 725.11 724.944 724.28 
726.703 725.664 725.738 725.722 725.77 725.784 725.747 725.693 725.7 725.813 725.752 725.754 725.725 725.626 725.668 725.683 725.681 725.661 725.681 725.652 725.588 725.576 725.621 725.567 725.577 725.544 725.449 725.364 725.179 725.38 725.21 724.537 
726.992 725.937 726.012 725.997 726.044 726.059 726.019 725.966 725.975 726.088 726.026 726.026 725.998 725.899 725.941 725.954 725.953 725.933 725.954 725.925 725.858 725.848 725.893 725.838 725.847 725.814 725.718 725.631 725.442 725.649 725.475 724.793 
727.278 726.208 726.283 726.27 726.317 726.333 726.289 726.237 726.247 726.361 726.297 726.296 726.268 726.17 726.211 726.223 726.223 726.203 726.225 726.197 726.126 726.118 726.162 726.108 726.116 726.083 725.984 725.896 725.703 725.916 725.738 725.048 
727.562 726.477 726.552 726.54 726.587 726.604 726.557 726.507 726.516 726.631 726.567 726.564 726.537 726.44 726.478 726.488 726.49 726.469 726.492 726.466 726.393 726.387 726.429 726.375 726.382 726.348 726.248 726.158 725.963 726.18 725.999 725.3 
727.843 726.743 726.818 726.806 726.855 726.872 726.823 726.774 726.782 726.898 726.835 726.83 726.802 726.708 726.742 726.751 726.755 726.734 726.757 726.733 726.657 726.654 726.694 726.639 726.646 726.611 726.51 726.418 726.222 726.442 726.259 725.55 
728.121 727.006 727.082 727.069 727.121 727.138 727.087 727.039 727.045 727.162 727.101 727.094 727.065 726.973 727.002 727.012 727.017 726.995 727.019 726.996 726.92 726.918 726.957 726.901 726.908 726.872 726.77 726.675 726.478 726.701 726.515 725.797 
728.395 727.266 727.342 727.329 727.382 727.401 727.349 727.301 727.305 727.424 727.364 727.355 727.324 727.235 727.26 727.271 727.276 727.255 727.277 727.256 727.18 727.179 727.217 727.159 727.167 727.131 727.028 726.93 726.731 726.956 726.769 726.041 
728.665 727.522 727.599 727.586 727.641 727.662 727.609 727.56 727.563 727.681 727.624 727.614 727.581 727.492 727.516 727.527 727.533 727.513 727.532 727.511 727.438 727.436 727.474 727.415 727.423 727.388 727.284 727.181 726.982 727.207 727.019 726.283 
728.932 727.774 727.852 727.84 727.895 727.918 727.865 727.816 727.819 727.936 727.88 727.869 727.834 727.747 727.77 727.781 727.786 727.767 727.784 727.763 727.693 727.688 727.727 727.667 727.676 727.641 727.535 727.43 727.23 727.455 727.265 726.521 
729.195 728.022 728.102 728.092 728.147 728.171 728.117 728.068 728.071 728.187 728.133 728.119 728.083 727.997 728.021 728.032 728.038 728.017 728.033 728.012 727.945 727.937 727.976 727.916 727.925 727.89 727.783 727.677 727.474 727.7 727.507 726.756 
729.454 728.266 728.347 728.339 728.394 728.419 728.366 728.316 728.32 728.433 728.383 728.366 728.33 728.245 728.27 728.279 728.287 728.262 728.279 728.257 728.195 728.182 728.22 728.162 728.17 728.136 728.026 727.92 727.716 727.941 727.744 726.988 
729.709 728.507 728.589 728.582 728.638 728.664 728.61 728.56 728.565 728.676 728.627 728.608 728.572 728.488 728.514 728.522 728.532 728.504 728.521 728.498 728.441 728.423 728.461 728.404 728.41 728.377 728.265 728.16 727.953 728.178 727.977 727.215 
729.959 728.743 728.826 728.82 728.877 728.904 728.85 728.799 728.806 728.914 728.867 728.846 728.81 728.726 728.754 728.76 728.774 728.74 728.759 728.735 728.682 728.66 728.697 728.642 728.647 728.615 728.5 728.395 728.187 728.411 728.206 727.438 
730.205 728.975 729.059 729.054 729.112 729.14 729.086 729.033 729.043 729.148 729.102 729.078 729.043 728.96 728.99 728.994 729.01 728.973 728.992 728.968 728.919 728.892 728.929 728.876 728.879 728.847 728.731 728.627 728.417 728.64 728.43 727.656 
730.447 729.203 729.287 729.284 729.342 729.372 729.317 729.262 729.274 729.378 729.331 729.306 729.271 729.189 729.22 729.222 729.242 729.202 729.22 729.197 729.151 729.119 729.158 729.105 729.107 729.076 728.959 728.854 728.642 728.864 728.651 727.87 
730.685 729.426 729.511 729.509 729.567 729.599 729.543 729.486 729.501 729.602 729.555 729.53 729.496 729.414 729.444 729.445 729.468 729.426 729.443 729.421 729.378 729.341 729.382 729.329 729.33 729.3 729.182 729.076 728.862 729.084 728.867 728.079 
730.918 729.643 729.729 729.731 729.788 729.821 729.764 729.706 729.723 729.821 729.774 729.748 729.716 729.633 729.663 729.664 729.689 729.646 729.661 729.641 729.599 729.559 729.602 729.549 729.548 729.52 729.401 729.294 729.077 729.3 729.078 728.283 
731.146 729.855 729.942 729.947 730.004 730.037 729.98 729.92 729.938 730.035 729.989 729.962 729.932 729.848 729.875 729.878 729.904 729.861 729.875 729.856 729.814 729.771 729.818 729.762 729.762 729.735 729.614 729.507 729.286 729.512 729.285 728.482 
731.368 730.061 730.15 730.158 730.214 730.249 730.191 730.13 730.148 730.245 730.199 730.172 730.142 730.058 730.083 730.086 730.113 730.07 730.084 730.066 730.024 729.979 730.027 729.97 729.97 729.945 729.822 729.715 729.489 729.718 729.487 728.677 
731.584 730.262 730.352 730.364 730.419 730.454 730.396 730.334 730.35 730.449 730.403 730.376 730.346 730.262 730.285 730.29 730.315 730.275 730.287 730.27 730.228 730.181 730.231 730.173 730.174 730.149 730.024 729.917 729.686 729.919 729.683 728.866 
731.792 730.458 730.548 730.564 730.617 730.653 730.595 730.532 730.546 730.648 730.603 730.574 730.544 730.461 730.482 730.487 730.512 730.473 730.485 730.468 730.425 730.377 730.429 730.369 730.371 730.347 730.22 730.112 729.877 730.113 729.874 729.05 
731.993 730.648 730.738 730.759 730.808 730.845 730.788 730.723 730.735 730.84 730.796 730.767 730.736 730.654 730.673 730.678 730.703 730.665 730.677 730.659 730.617 730.567 730.621 730.559 730.563 730.538 730.41 730.302 730.062 730.301 730.06 729.228 
732.186 730.832 730.921 730.946 730.993 731.03 730.973 730.908 730.918 731.025 730.983 730.952 730.922 730.841 730.859 730.862 730.888 730.85 730.863 730.843 730.802 730.751 730.807 730.744 730.748 730.722 730.594 730.485 730.241 730.483 730.241 729.399 
732.374 731.01 731.098 731.127 731.171 731.208 731.151 731.086 731.095 731.203 731.163 731.131 731.101 731.021 731.038 731.04 731.066 731.029 731.043 731.021 730.98 730.928 730.986 730.921 730.926 730.9 730.77 730.661 730.414 730.659 730.415 729.564 
732.555 731.181 731.269 731.3 731.344 731.379 731.322 731.257 731.267 731.374 731.336 731.304 731.273 731.194 731.212 731.212 731.239 731.201 731.218 731.192 731.153 731.1 731.159 731.094 731.099 731.071 730.941 730.832 730.582 730.829 730.583 729.723 
732.731 731.346 731.434 731.468 731.51 731.544 731.487 731.423 731.432 731.539 731.502 731.472 731.44 731.36 731.379 731.378 731.405 731.368 731.387 731.357 731.319 731.266 731.326 731.26 731.266 731.236 731.105 730.996 730.746 730.994 730.746 729.876 
732.902 731.506 731.594 731.63 731.671 731.703 731.647 731.584 731.593 731.699 731.663 731.635 731.6 731.52 731.541 731.54 731.566 731.53 731.552 731.517 731.48 731.428 731.486 731.422 731.427 731.396 731.264 731.156 730.907 731.154 730.903 730.024 
733.069 731.66 731.748 731.788 731.828 731.858 731.802 731.74 731.75 731.855 731.819 731.793 731.756 731.676 731.698 731.698 731.723 731.687 731.712 731.672 731.635 731.587 731.641 731.58 731.584 731.55 731.418 731.311 731.064 731.31 731.056 730.168 
