707.175 707.175 707.175 707.175 707.175 707.175 707.175 707.175 707.175 707.175 707.175 707.175 707.175 707.175 707.175 707.175 707.175 707.175 707.175 707.175 707.175 707.175 707.175 707.175 707.175 707.175 707.175 707.175 707.175 707.175 707.175 707.175 
707.3 707.299 707.3 707.299 707.298 707.299 707.298 707.298 707.297 707.296 707.299 707.296 707.294 707.296 707.295 707.294 707.295 707.296 707.295 707.294 707.291 707.294 707.296 707.293 707.292 707.294 707.291 707.292 707.291 707.291 707.29 707.284 
707.43 707.427 707.428 707.428 707.426 707.426 707.425 707.424 707.422 707.422 707.427 707.42 707.417 707.421 707.419 707.417 707.42 707.421 707.419 707.417 707.411 707.417 707.421 707.415 707.412 707.417 707.411 707.413 707.41 707.41 707.408 707.397 
707.565 707.56 707.561 707.561 707.559 707.558 707.556 707.556 707.552 707.552 707.559 707.548 707.546 707.552 707.547 707.545 707.549 707.551 707.547 707.544 707.536 707.546 707.551 707.541 707.537 707.545 707.535 707.538 707.534 707.534 707.532 707.513 
707.705 707.698 707.699 707.699 707.697 707.696 707.692 707.693 707.687 707.689 707.695 707.682 707.681 707.688 707.683 707.679 707.684 707.688 707.682 707.677 707.668 707.68 707.686 707.672 707.667 707.677 707.666 707.669 707.664 707.664 707.661 707.636 
707.853 707.843 707.844 707.844 707.843 707.841 707.834 707.838 707.828 707.832 707.838 707.823 707.822 707.831 707.825 707.82 707.826 707.832 707.822 707.816 707.806 707.821 707.827 707.81 707.805 707.816 707.803 707.806 707.8 707.8 707.797 707.764 
708.009 707.996 707.997 707.995 707.996 707.992 707.984 707.989 707.977 707.982 707.987 707.972 707.971 707.98 707.974 707.968 707.974 707.982 707.97 707.962 707.952 707.969 707.975 707.955 707.95 707.96 707.947 707.951 707.944 707.942 707.94 707.899 
708.173 708.155 708.156 708.152 708.155 708.151 708.141 708.148 708.134 708.14 708.143 708.129 708.127 708.137 708.13 708.124 708.129 708.14 708.125 708.116 708.107 708.123 708.129 708.107 708.104 708.112 708.099 708.103 708.096 708.092 708.091 708.04 
708.345 708.321 708.323 708.317 708.322 708.316 708.305 708.314 708.299 708.305 708.307 708.294 708.29 708.301 708.294 708.287 708.291 708.304 708.288 708.277 708.269 708.284 708.29 708.268 708.265 708.27 708.258 708.262 708.255 708.249 708.248 708.189 
708.525 708.494 708.497 708.489 708.495 708.487 708.478 708.487 708.471 708.477 708.477 708.467 708.461 708.471 708.464 708.459 708.46 708.474 708.459 708.446 708.439 708.451 708.458 708.436 708.434 708.437 708.425 708.429 708.422 708.413 708.412 708.345 
708.713 708.672 708.678 708.668 708.674 708.666 708.658 708.667 708.65 708.657 708.655 708.647 708.639 708.648 708.642 708.638 708.636 708.652 708.637 708.622 708.617 708.626 708.632 708.611 708.61 708.611 708.599 708.602 708.596 708.584 708.583 708.507 
708.909 708.857 708.866 708.853 708.861 708.851 708.845 708.853 708.835 708.844 708.839 708.835 708.825 708.832 708.828 708.823 708.819 708.837 708.822 708.805 708.802 708.807 708.814 708.794 708.794 708.793 708.78 708.782 708.776 708.763 708.763 708.677 
709.113 709.047 709.06 709.046 709.054 709.044 709.038 709.045 709.027 709.039 709.03 709.031 709.017 709.022 709.02 709.015 709.009 709.029 709.015 708.995 708.994 708.997 709.003 708.983 708.985 708.983 708.967 708.97 708.963 708.949 708.95 708.853 
709.323 709.244 709.26 709.245 709.253 709.243 709.238 709.244 709.226 709.241 709.227 709.233 709.216 709.218 709.219 709.213 709.205 709.228 709.214 709.193 709.192 709.194 709.199 709.18 709.183 709.18 709.16 709.164 709.158 709.142 709.144 709.037 
709.539 709.447 709.466 709.45 709.458 709.45 709.444 709.449 709.431 709.45 709.431 709.441 709.421 709.419 709.425 709.418 709.409 709.434 709.419 709.398 709.396 709.398 709.402 709.383 709.387 709.384 709.36 709.365 709.358 709.343 709.345 709.226 
709.761 709.656 709.678 709.66 709.669 709.662 709.655 709.66 709.643 709.665 709.642 709.656 709.632 709.627 709.636 709.629 709.618 709.646 709.63 709.609 709.607 709.607 709.612 709.594 709.596 709.593 709.568 709.573 709.564 709.55 709.553 709.422 
709.989 709.872 709.896 709.877 709.887 709.88 709.871 709.877 709.861 709.886 709.859 709.875 709.848 709.841 709.853 709.846 709.834 709.864 709.847 709.826 709.823 709.823 709.829 709.811 709.81 709.807 709.782 709.787 709.776 709.764 709.765 709.623 
710.224 710.094 710.119 710.098 710.111 710.103 710.093 710.098 710.085 710.111 710.084 710.1 710.069 710.061 710.074 710.07 710.056 710.088 710.07 710.048 710.044 710.044 710.052 710.034 710.03 710.026 710.002 710.006 709.994 709.984 709.983 709.829 
710.465 710.322 710.347 710.326 710.34 710.332 710.319 710.325 710.313 710.341 710.314 710.328 710.295 710.286 710.301 710.299 710.283 710.317 710.297 710.276 710.27 710.271 710.281 710.262 710.254 710.251 710.229 710.231 710.217 710.21 710.205 710.041 
710.712 710.556 710.579 710.559 710.573 710.566 710.55 710.556 710.545 710.576 710.55 710.561 710.527 710.517 710.532 710.533 710.516 710.551 710.529 710.508 710.501 710.501 710.514 710.496 710.484 710.481 710.46 710.46 710.446 710.44 710.431 710.258 
710.965 710.795 710.817 710.797 710.811 710.805 710.786 710.792 710.782 710.816 710.792 710.799 710.764 710.753 710.767 710.772 710.754 710.79 710.767 710.746 710.738 710.736 710.752 710.733 710.718 710.717 710.695 710.695 710.681 710.675 710.662 710.481 
711.222 711.039 711.059 711.041 711.054 711.049 711.027 711.033 711.023 711.061 711.038 711.041 711.007 710.995 711.008 711.014 710.997 711.034 711.009 710.99 710.979 710.975 710.994 710.974 710.958 710.957 710.934 710.935 710.92 710.914 710.897 710.709 
711.484 711.286 711.305 711.288 711.301 711.297 711.273 711.28 711.268 711.311 711.288 711.288 711.254 711.241 711.253 711.26 711.244 711.281 711.256 711.238 711.226 711.219 711.241 711.22 711.203 711.202 711.178 711.179 711.163 711.158 711.137 710.942 
711.749 711.537 711.557 711.539 711.553 711.551 711.523 711.53 711.517 711.565 711.541 711.539 711.507 711.492 711.504 711.511 711.495 711.533 711.508 711.492 711.477 711.466 711.491 711.469 711.453 711.452 711.426 711.427 711.411 711.406 711.381 711.179 
712.018 711.792 711.812 711.795 711.809 711.809 711.779 711.786 711.771 711.822 711.799 711.795 711.763 711.747 711.758 711.766 711.751 711.789 711.764 711.75 711.731 711.718 711.746 711.723 711.707 711.705 711.679 711.679 711.662 711.657 711.629 711.421 
712.291 712.05 712.072 712.053 712.07 712.07 712.038 712.045 712.029 712.083 712.059 712.055 712.024 712.005 712.016 712.026 712.011 712.048 712.024 712.012 711.989 711.974 712.005 711.98 711.965 711.962 711.936 711.935 711.918 711.912 711.881 711.666 
712.567 712.311 712.335 712.315 712.333 712.334 712.302 712.308 712.291 712.346 712.323 712.317 712.288 712.267 712.276 712.289 712.274 712.309 712.287 712.277 712.25 712.234 712.268 712.24 712.226 712.223 712.197 712.194 712.179 712.169 712.137 711.915 
712.847 712.575 712.601 712.581 712.598 712.6 712.568 712.574 712.556 712.612 712.589 712.583 712.555 712.532 712.539 712.554 712.54 712.573 712.553 712.544 712.513 712.497 712.534 712.502 712.49 712.487 712.461 712.456 712.442 712.43 712.396 712.167 
713.13 712.841 712.87 712.849 712.865 712.868 712.837 712.842 712.824 712.881 712.858 712.851 712.824 712.8 712.804 712.822 712.808 712.84 712.822 712.815 712.778 712.763 712.804 712.768 712.756 712.754 712.727 712.722 712.71 712.692 712.658 712.421 
713.415 713.11 713.142 713.12 713.135 713.139 713.109 713.113 713.094 713.151 713.128 713.121 713.096 713.07 713.072 713.091 713.077 713.11 713.092 713.089 713.047 713.033 713.076 713.036 713.025 713.022 712.994 712.992 712.98 712.957 712.924 712.677 
713.702 713.38 713.416 713.392 713.408 713.412 713.384 713.385 713.366 713.424 713.401 713.395 713.37 713.342 713.343 713.362 713.349 713.382 713.365 713.365 713.319 713.305 713.35 713.306 713.296 713.292 713.262 713.264 713.253 713.225 713.191 712.935 
713.992 713.652 713.691 713.666 713.683 713.686 713.661 713.66 713.64 713.699 713.677 713.671 713.647 713.616 713.617 713.636 713.623 713.657 713.639 713.643 713.594 713.58 713.625 713.579 713.569 713.564 713.532 713.538 713.528 713.495 713.461 713.196 
714.283 713.927 713.969 713.942 713.961 713.962 713.942 713.937 713.917 713.977 713.954 713.95 713.926 713.893 713.895 713.912 713.899 713.933 713.915 713.921 713.871 713.857 713.902 713.854 713.844 713.838 713.804 713.815 713.805 713.769 713.733 713.458 
714.577 714.203 714.248 714.219 714.241 714.24 714.224 714.216 714.196 714.256 714.233 714.233 714.207 714.171 714.175 714.19 714.177 714.212 714.194 714.201 714.15 714.137 714.181 714.131 714.121 714.113 714.079 714.094 714.084 714.046 714.006 713.721 
714.872 714.482 714.528 714.498 714.523 714.52 714.508 714.497 714.478 714.537 714.514 714.517 714.49 714.452 714.456 714.47 714.457 714.491 714.475 714.481 714.43 714.418 714.461 714.411 714.4 714.39 714.355 714.374 714.364 714.325 714.282 713.986 
715.17 714.762 714.809 714.778 714.806 714.803 714.794 714.779 714.761 714.82 714.796 714.802 714.775 714.734 714.738 714.752 714.739 714.772 714.759 714.762 714.713 714.7 714.744 714.693 714.681 714.67 714.633 714.655 714.646 714.605 714.559 714.251 
715.47 715.044 715.092 715.061 715.09 715.089 715.082 715.062 715.045 715.104 715.08 715.088 715.061 715.018 715.021 715.036 715.024 715.053 715.045 715.045 714.997 714.983 715.028 714.977 714.964 714.951 714.913 714.937 714.929 714.886 714.837 714.519 
715.771 715.328 715.376 715.346 715.375 715.376 715.37 715.346 715.329 715.39 715.364 715.374 715.349 715.303 715.307 715.322 715.31 715.336 715.333 715.33 715.282 715.266 715.314 715.262 715.25 715.235 715.194 715.22 715.213 715.167 715.117 714.788 
716.074 715.612 715.662 715.633 715.661 715.665 715.66 715.631 715.614 715.678 715.65 715.661 715.639 715.589 715.595 715.608 715.599 715.619 715.621 715.616 715.569 715.552 715.6 715.547 715.537 715.519 715.477 715.505 715.497 715.449 715.398 715.058 
716.378 715.898 715.949 715.922 715.948 715.956 715.95 715.918 715.9 715.968 715.937 715.95 715.93 715.877 715.885 715.895 715.888 715.904 715.91 715.905 715.857 715.839 715.888 715.833 715.825 715.806 715.762 715.791 715.781 715.732 715.679 715.329 
716.682 716.185 716.237 716.212 716.237 716.247 716.24 716.205 716.187 716.259 716.225 716.239 716.221 716.166 716.176 716.183 716.179 716.19 716.199 716.194 716.146 716.127 716.177 716.119 716.115 716.094 716.047 716.078 716.065 716.017 715.96 715.601 
716.987 716.473 716.526 716.503 716.527 716.538 716.532 716.494 716.475 716.551 716.514 716.528 716.511 716.456 716.466 716.472 716.47 716.478 716.488 716.485 716.435 716.416 716.467 716.406 716.406 716.383 716.334 716.365 716.351 716.302 716.243 715.872 
717.293 716.763 716.815 716.794 716.818 716.83 716.824 716.784 716.766 716.843 716.805 716.818 716.801 716.746 716.756 716.762 716.761 716.768 716.778 716.777 716.725 716.705 716.759 716.695 716.697 716.673 716.62 716.653 716.638 716.589 716.527 716.145 
717.6 717.054 717.104 717.086 717.11 717.121 717.116 717.074 717.057 717.136 717.096 717.108 717.091 717.035 717.046 717.052 717.052 717.059 717.069 717.069 717.015 716.995 717.05 716.985 716.989 716.964 716.907 716.942 716.926 716.877 716.811 716.418 
717.907 717.345 717.393 717.378 717.402 717.412 717.408 717.364 717.349 717.43 717.388 717.398 717.38 717.325 717.336 717.344 717.342 717.351 717.359 717.362 717.305 717.284 717.342 717.275 717.28 717.255 717.195 717.231 717.215 717.165 717.097 716.693 
718.215 717.638 717.682 717.67 717.695 717.703 717.7 717.654 717.64 717.724 717.68 717.69 717.669 717.615 717.626 717.636 717.632 717.643 717.649 717.655 717.596 717.574 717.632 717.565 717.573 717.546 717.483 717.52 717.506 717.452 717.382 716.968 
718.524 717.93 717.971 717.962 717.988 717.993 717.991 717.944 717.931 718.018 717.972 717.982 717.959 717.906 717.917 717.927 717.923 717.935 717.939 717.948 717.888 717.864 717.921 717.855 717.865 717.837 717.772 717.809 717.796 717.74 717.667 717.244 
718.831 718.223 718.26 718.253 718.281 718.284 718.283 718.234 718.222 718.313 718.264 718.275 718.25 718.197 718.208 718.218 718.214 718.226 718.23 718.239 718.179 718.154 718.21 718.145 718.158 718.129 718.061 718.097 718.086 718.026 717.951 717.52 
719.138 718.515 718.55 718.543 718.573 718.575 718.574 718.524 718.512 718.608 718.556 718.569 718.541 718.488 718.5 718.508 718.507 718.517 718.522 718.529 718.47 718.445 718.497 718.436 718.45 718.419 718.35 718.386 718.375 718.312 718.235 717.796 
719.444 718.806 718.84 718.833 718.865 718.867 718.866 718.815 718.803 718.901 718.848 718.862 718.832 718.779 718.792 718.797 718.8 718.807 718.813 718.818 718.76 718.735 718.785 718.726 718.741 718.709 718.639 718.673 718.665 718.597 718.519 718.072 
719.75 719.097 719.132 719.123 719.157 719.16 719.159 719.106 719.094 719.194 719.141 719.155 719.124 719.071 719.085 719.087 719.094 719.097 719.103 719.108 719.049 719.027 719.072 719.017 719.03 718.998 718.927 718.961 718.953 718.883 718.803 718.348 
720.055 719.387 719.423 719.414 719.449 719.454 719.452 719.397 719.386 719.486 719.434 719.448 719.415 719.362 719.379 719.378 719.389 719.387 719.393 719.399 719.338 719.318 719.359 719.308 719.319 719.285 719.216 719.249 719.242 719.168 719.087 718.624 
720.361 719.677 719.715 719.706 719.741 719.748 719.744 719.688 719.678 719.778 719.727 719.741 719.706 719.653 719.673 719.669 719.683 719.677 719.682 719.69 719.625 719.611 719.648 719.599 719.607 719.572 719.504 719.538 719.53 719.454 719.371 718.9 
720.668 719.966 720.008 719.999 720.032 720.042 720.035 719.979 719.97 720.07 720.019 720.032 719.997 719.944 719.967 719.962 719.976 719.966 719.971 719.981 719.913 719.903 719.937 719.89 719.896 719.859 719.791 719.827 719.818 719.74 719.656 719.175 
720.976 720.256 720.301 720.291 720.324 720.336 720.326 720.269 720.262 720.362 720.311 720.323 720.287 720.234 720.259 720.254 720.268 720.255 720.261 720.271 720.201 720.195 720.227 720.179 720.185 720.146 720.078 720.117 720.106 720.026 719.941 719.45 
721.285 720.545 720.595 720.585 720.616 720.629 720.617 720.561 720.553 720.655 720.603 720.614 720.579 720.524 720.551 720.548 720.558 720.543 720.552 720.562 720.489 720.486 720.517 720.469 720.475 720.434 720.365 720.408 720.394 720.312 720.225 719.724 
721.595 720.835 720.889 720.877 720.909 720.922 720.908 720.852 720.844 720.948 720.895 720.905 720.871 720.813 720.842 720.841 720.848 720.831 720.844 720.851 720.777 720.776 720.806 720.758 720.765 720.723 720.652 720.699 720.682 720.599 720.509 719.997 
721.904 721.124 721.182 721.17 721.201 721.214 721.2 721.144 721.134 721.241 721.187 721.197 721.164 721.103 721.132 721.134 721.137 721.119 721.136 721.14 721.066 721.066 721.095 721.047 721.056 721.012 720.94 720.99 720.969 720.886 720.792 720.27 
722.213 721.412 721.474 721.461 721.493 721.505 721.491 721.435 721.424 721.533 721.48 721.488 721.456 721.391 721.422 721.426 721.427 721.406 721.429 721.428 721.355 721.355 721.383 721.337 721.346 721.302 721.229 721.28 721.255 721.174 721.075 720.543 
722.52 721.7 721.765 721.752 721.785 721.795 721.781 721.725 721.714 721.824 721.771 721.78 721.747 721.68 721.711 721.717 721.717 721.695 721.722 721.716 721.645 721.644 721.67 721.627 721.635 721.591 721.517 721.568 721.541 721.463 721.357 720.816 
722.826 721.987 722.054 722.041 722.076 722.086 722.07 722.014 722.003 722.115 722.062 722.072 722.037 721.968 721.999 722.007 722.007 721.984 722.013 722.004 721.934 721.932 721.957 721.916 721.924 721.88 721.804 721.855 721.826 721.751 721.638 721.088 
723.131 722.274 722.341 722.33 722.366 722.376 722.358 722.303 722.291 722.406 722.351 722.364 722.326 722.255 722.287 722.297 722.296 722.273 722.304 722.292 722.222 722.219 722.244 722.205 722.211 722.168 722.091 722.142 722.11 722.038 721.919 721.36 
723.434 722.56 722.628 722.618 722.655 722.666 722.645 722.591 722.58 722.695 722.639 722.654 722.615 722.542 722.574 722.586 722.583 722.562 722.592 722.579 722.51 722.505 722.53 722.492 722.498 722.455 722.376 722.427 722.394 722.323 722.201 721.631 
723.736 722.847 722.914 722.905 722.943 722.956 722.932 722.879 722.87 722.984 722.924 722.942 722.903 722.829 722.86 722.874 722.869 722.851 722.88 722.865 722.797 722.791 722.815 722.778 722.783 722.741 722.661 722.712 722.678 722.608 722.481 721.901 
724.037 723.133 723.2 723.191 723.231 723.246 723.219 723.166 723.159 723.273 723.209 723.228 723.19 723.114 723.145 723.161 723.155 723.139 723.166 723.151 723.083 723.076 723.1 723.062 723.069 723.026 722.945 722.997 722.962 722.891 722.762 722.171 
724.338 723.42 723.485 723.476 723.519 723.534 723.506 723.452 723.446 723.56 723.493 723.513 723.477 723.397 723.43 723.446 723.44 723.426 723.45 723.436 723.369 723.359 723.384 723.345 723.353 723.31 723.228 723.279 723.245 723.174 723.04 722.441 
724.638 723.705 723.77 723.761 723.805 723.821 723.792 723.738 723.733 723.846 723.778 723.797 723.763 723.68 723.714 723.729 723.725 723.711 723.732 723.718 723.653 723.641 723.668 723.627 723.637 723.593 723.51 723.561 723.528 723.455 723.317 722.708 
724.937 723.989 724.053 724.044 724.091 724.105 724.077 724.022 724.017 724.131 724.063 724.08 724.047 723.961 723.997 724.011 724.01 723.994 724.014 723.999 723.935 723.921 723.951 723.908 723.919 723.876 723.791 723.841 723.809 723.735 723.593 722.974 
725.235 724.272 724.337 724.326 724.375 724.388 724.36 724.305 724.3 724.415 724.349 724.363 724.331 724.242 724.278 724.292 724.294 724.275 724.294 724.277 724.216 724.199 724.232 724.188 724.2 724.157 724.071 724.119 724.089 724.013 723.867 723.238 
725.532 724.553 724.62 724.607 724.657 724.669 724.641 724.586 724.582 724.697 724.633 724.644 724.612 724.521 724.558 724.573 724.575 724.555 724.573 724.554 724.494 724.476 724.513 724.466 724.478 724.438 724.35 724.396 724.366 724.29 724.139 723.501 
725.827 724.833 724.902 724.887 724.937 724.948 724.92 724.865 724.863 724.979 724.916 724.924 724.892 724.8 724.837 724.852 724.855 724.834 724.852 724.83 724.771 724.753 724.792 724.743 724.755 724.717 724.628 724.672 724.64 724.564 724.409 723.762 
726.121 725.112 725.183 725.167 725.216 725.227 725.197 725.143 725.144 725.258 725.197 725.202 725.171 725.077 725.116 725.131 725.132 725.111 725.13 725.104 725.045 725.029 725.07 725.019 725.03 724.994 724.904 724.945 724.912 724.838 724.678 724.023 
726.414 725.389 725.461 725.445 725.494 725.505 725.473 725.419 725.423 725.536 725.476 725.478 725.448 725.352 725.393 725.408 725.408 725.387 725.407 725.379 725.318 725.303 725.346 725.294 725.304 725.269 725.178 725.217 725.182 725.11 724.945 724.282 
726.704 725.664 725.738 725.722 725.77 725.783 725.747 725.693 725.701 725.813 725.752 725.753 725.723 725.627 725.668 725.682 725.682 725.661 725.682 725.652 725.589 725.576 725.62 725.567 725.577 725.543 725.45 725.488 725.451 725.38 725.211 724.539 
726.993 725.937 726.012 725.997 726.044 726.058 726.019 725.966 725.975 726.088 726.026 726.025 725.997 725.9 725.941 725.953 725.954 725.933 725.955 725.925 725.859 725.848 725.892 725.838 725.847 725.813 725.719 725.756 725.718 725.649 725.476 724.795 
727.28 726.208 726.283 726.27 726.317 726.331 726.289 726.237 726.247 726.361 726.297 726.295 726.267 726.172 726.211 726.221 726.224 726.203 726.226 726.197 726.127 726.118 726.161 726.108 726.116 726.081 725.985 726.023 725.983 725.916 725.739 725.049 
727.564 726.477 726.552 726.54 726.587 726.602 726.557 726.507 726.516 726.631 726.567 726.563 726.535 726.442 726.478 726.487 726.492 726.469 726.494 726.466 726.394 726.387 726.428 726.375 726.382 726.347 726.249 726.288 726.247 726.18 726.001 725.301 
727.845 726.743 726.818 726.806 726.855 726.871 726.823 726.774 726.782 726.898 726.835 726.829 726.801 726.71 726.742 726.75 726.757 726.734 726.759 726.733 726.659 726.654 726.693 726.639 726.646 726.61 726.511 726.55 726.51 726.442 726.26 725.551 
728.122 727.006 727.082 727.069 727.121 727.137 727.087 727.039 727.045 727.162 727.101 727.093 727.063 726.975 727.002 727.011 727.019 726.995 727.02 726.996 726.921 726.918 726.956 726.901 726.908 726.871 726.772 726.809 726.77 726.701 726.517 725.798 
728.397 727.266 727.342 727.329 727.382 727.4 727.349 727.301 727.305 727.424 727.364 727.354 727.323 727.236 727.26 727.27 727.278 727.255 727.278 727.256 727.181 727.179 727.216 727.16 727.167 727.13 727.03 727.065 727.027 726.956 726.77 726.043 
728.667 727.522 727.599 727.586 727.641 727.66 727.609 727.56 727.563 727.681 727.624 727.612 727.579 727.494 727.516 727.526 727.534 727.513 727.533 727.511 727.439 727.436 727.473 727.415 727.423 727.386 727.285 727.318 727.282 727.207 727.021 726.284 
728.934 727.774 727.853 727.84 727.895 727.917 727.865 727.816 727.819 727.936 727.88 727.867 727.832 727.748 727.77 727.78 727.788 727.767 727.785 727.763 727.694 727.688 727.726 727.667 727.676 727.639 727.537 727.569 727.534 727.455 727.267 726.523 
729.197 728.022 728.102 728.092 728.147 728.169 728.117 728.068 728.071 728.187 728.133 728.118 728.082 727.999 728.021 728.031 728.039 728.017 728.034 728.012 727.947 727.937 727.975 727.916 727.925 727.889 727.784 727.817 727.782 727.7 727.508 726.758 
729.456 728.266 728.347 728.339 728.394 728.418 728.366 728.316 728.32 728.433 728.383 728.364 728.328 728.246 728.27 728.278 728.288 728.263 728.28 728.257 728.196 728.182 728.219 728.162 728.17 728.135 728.027 728.062 728.027 727.941 727.746 726.99 
729.71 728.507 728.589 728.582 728.638 728.662 728.61 728.56 728.565 728.676 728.627 728.606 728.571 728.489 728.514 728.521 728.534 728.504 728.523 728.498 728.442 728.423 728.459 728.404 728.41 728.376 728.266 728.304 728.268 728.178 727.979 727.217 
729.961 728.743 728.826 728.82 728.877 728.903 728.85 728.799 728.806 728.914 728.867 728.844 728.808 728.728 728.754 728.759 728.775 728.74 728.76 728.735 728.684 728.66 728.696 728.642 728.647 728.613 728.501 728.541 728.506 728.411 728.207 727.44 
730.207 728.975 729.059 729.054 729.112 729.139 729.086 729.033 729.043 729.148 729.102 729.077 729.041 728.962 728.99 728.992 729.012 728.973 728.994 728.968 728.921 728.892 728.928 728.876 728.879 728.846 728.733 728.774 728.739 728.64 728.432 727.658 
730.449 729.203 729.287 729.284 729.342 729.37 729.317 729.262 729.274 729.378 729.331 729.305 729.27 729.191 729.22 729.22 729.243 729.202 729.221 729.197 729.153 729.119 729.157 729.105 729.107 729.075 728.96 729.003 728.967 728.864 728.652 727.872 
730.687 729.426 729.511 729.509 729.567 729.597 729.543 729.486 729.501 729.602 729.555 729.528 729.494 729.415 729.444 729.444 729.47 729.426 729.444 729.421 729.379 729.341 729.381 729.329 729.33 729.299 729.184 729.227 729.191 729.084 728.868 728.081 
730.92 729.643 729.729 729.731 729.788 729.819 729.764 729.706 729.723 729.821 729.774 729.747 729.715 729.635 729.663 729.663 729.69 729.646 729.662 729.641 729.601 729.559 729.601 729.549 729.548 729.519 729.403 729.446 729.409 729.3 729.08 728.285 
731.148 729.855 729.942 729.947 730.004 730.036 729.98 729.92 729.938 730.035 729.989 729.961 729.93 729.85 729.875 729.876 729.905 729.861 729.876 729.856 729.816 729.771 729.816 729.762 729.762 729.734 729.616 729.661 729.621 729.512 729.286 728.484 
731.37 730.061 730.15 730.158 730.214 730.247 730.191 730.13 730.148 730.245 730.199 730.17 730.14 730.059 730.083 730.085 730.114 730.07 730.085 730.066 730.026 729.979 730.026 729.97 729.97 729.944 729.824 729.87 729.827 729.718 729.488 728.679 
731.586 730.262 730.352 730.364 730.419 730.453 730.396 730.334 730.35 730.449 730.403 730.374 730.345 730.264 730.285 730.288 730.317 730.275 730.289 730.27 730.229 730.181 730.23 730.173 730.174 730.148 730.026 730.073 730.027 729.919 729.685 728.868 
731.794 730.458 730.548 730.564 730.617 730.652 730.595 730.532 730.546 730.648 730.603 730.573 730.543 730.463 730.482 730.485 730.514 730.473 730.487 730.468 730.427 730.377 730.428 730.369 730.371 730.345 730.222 730.271 730.221 730.113 729.876 729.052 
731.995 730.648 730.738 730.759 730.808 730.844 730.788 730.723 730.735 730.84 730.796 730.765 730.734 730.656 730.674 730.676 730.705 730.665 730.679 730.659 730.618 730.567 730.619 730.559 730.563 730.536 730.412 730.461 730.409 730.301 730.062 729.23 
732.189 730.832 730.921 730.946 730.993 731.028 730.973 730.908 730.918 731.025 730.983 730.95 730.92 730.842 730.859 730.861 730.89 730.85 730.864 730.843 730.803 730.751 730.805 730.744 730.748 730.721 730.595 730.645 730.591 730.483 730.242 729.401 
732.376 731.01 731.098 731.127 731.171 731.206 731.151 731.086 731.095 731.203 731.163 731.13 731.099 731.022 731.038 731.038 731.068 731.029 731.045 731.021 730.982 730.928 730.984 730.921 730.926 730.898 730.772 730.823 730.767 730.659 730.417 729.566 
732.557 731.181 731.269 731.3 731.344 731.377 731.322 731.257 731.267 731.374 731.336 731.303 731.272 731.195 731.212 731.21 731.24 731.201 731.219 731.192 731.155 731.1 731.157 731.094 731.099 731.069 730.942 730.995 730.937 730.829 730.585 729.725 
732.733 731.346 731.434 731.468 731.51 731.542 731.487 731.423 731.432 731.539 731.502 731.47 731.438 731.362 731.379 731.377 731.407 731.368 731.389 731.357 731.321 731.266 731.324 731.26 731.266 731.234 731.107 731.161 731.104 730.994 730.748 729.878 
732.904 731.506 731.594 731.63 731.671 731.702 731.647 731.584 731.593 731.699 731.663 731.633 731.599 731.522 731.541 731.539 731.568 731.53 731.553 731.517 731.481 731.428 731.484 731.422 731.427 731.394 731.265 731.322 731.266 731.154 730.905 730.026 
733.071 731.66 731.748 731.788 731.828 731.856 731.802 731.74 731.75 731.855 731.819 731.792 731.755 731.677 731.698 731.696 731.725 731.687 731.713 731.672 731.637 731.587 731.64 731.58 731.584 731.549 731.419 731.478 731.426 731.31 731.058 730.17 
