707.175 707.175 707.175 707.175 707.175 707.175 707.175 707.175 707.175 707.175 707.175 707.175 707.175 707.175 707.175 707.175 707.175 707.175 707.175 707.175 707.175 707.175 707.175 707.175 707.175 707.175 707.175 707.175 707.175 707.175 707.175 707.175 
707.297 707.291 707.291 707.291 707.29 707.29 707.29 707.289 707.288 707.288 707.291 707.287 707.286 707.288 707.286 707.286 707.287 707.287 707.287 707.286 707.283 707.286 707.288 707.285 707.283 707.286 707.283 707.284 707.282 707.282 707.276 707.274 
707.423 707.411 707.412 707.412 707.41 707.41 707.409 707.408 707.406 707.406 707.411 707.404 707.401 707.405 707.402 707.401 707.404 707.405 707.403 707.401 707.395 707.401 707.405 707.399 707.396 707.401 707.395 707.397 707.394 707.394 707.381 707.376 
707.554 707.536 707.537 707.537 707.535 707.534 707.532 707.532 707.528 707.528 707.535 707.524 707.522 707.528 707.524 707.522 707.525 707.527 707.524 707.52 707.513 707.522 707.527 707.517 707.513 707.521 707.511 707.514 707.51 707.51 707.49 707.483 
707.692 707.666 707.668 707.667 707.666 707.665 707.661 707.662 707.655 707.657 707.663 707.651 707.649 707.656 707.651 707.648 707.653 707.656 707.65 707.645 707.636 707.648 707.654 707.641 707.636 707.646 707.634 707.637 707.632 707.632 707.606 707.595 
707.837 707.804 707.805 707.804 707.804 707.801 707.795 707.798 707.789 707.792 707.798 707.784 707.783 707.791 707.785 707.781 707.786 707.792 707.783 707.777 707.767 707.781 707.787 707.771 707.766 707.776 707.763 707.767 707.761 707.76 707.728 707.712 
707.989 707.948 707.949 707.947 707.948 707.945 707.937 707.942 707.93 707.935 707.94 707.925 707.924 707.933 707.927 707.921 707.927 707.935 707.922 707.915 707.905 707.921 707.927 707.908 707.903 707.913 707.9 707.903 707.897 707.895 707.857 707.837 
708.149 708.1 708.101 708.097 708.1 708.096 708.086 708.093 708.079 708.085 708.088 708.074 708.072 708.082 708.075 708.069 708.074 708.084 708.07 708.061 708.052 708.068 708.074 708.052 708.049 708.057 708.044 708.048 708.041 708.037 707.993 707.968 
708.318 708.258 708.26 708.254 708.259 708.253 708.243 708.251 708.236 708.242 708.244 708.231 708.228 708.238 708.231 708.225 708.228 708.241 708.225 708.215 708.206 708.221 708.227 708.205 708.202 708.208 708.195 708.199 708.192 708.186 708.136 708.106 
708.495 708.423 708.427 708.418 708.424 708.417 708.407 708.416 708.4 708.407 708.407 708.396 708.391 708.401 708.394 708.388 708.389 708.404 708.388 708.375 708.369 708.38 708.387 708.365 708.363 708.366 708.354 708.358 708.351 708.342 708.286 708.251 
708.68 708.594 708.6 708.589 708.596 708.587 708.579 708.588 708.571 708.578 708.576 708.569 708.561 708.57 708.564 708.559 708.557 708.574 708.558 708.543 708.539 708.547 708.554 708.533 708.532 708.532 708.52 708.524 708.517 708.506 708.443 708.402 
708.873 708.771 708.78 708.767 708.775 708.765 708.759 708.766 708.749 708.758 708.752 708.749 708.739 708.746 708.741 708.737 708.733 708.751 708.736 708.718 708.716 708.721 708.727 708.707 708.708 708.707 708.693 708.696 708.69 708.677 708.608 708.561 
709.073 708.953 708.966 708.952 708.96 708.95 708.944 708.951 708.933 708.945 708.935 708.937 708.923 708.928 708.926 708.922 708.915 708.935 708.92 708.901 708.9 708.903 708.908 708.889 708.891 708.889 708.872 708.876 708.869 708.855 708.781 708.726 
709.28 709.142 709.158 709.143 709.151 709.142 709.137 709.142 709.124 709.139 709.125 709.131 709.114 709.116 709.118 709.112 709.104 709.127 709.111 709.091 709.09 709.092 709.097 709.078 709.081 709.079 709.058 709.062 709.055 709.04 708.961 708.898 
709.492 709.337 709.357 709.34 709.348 709.34 709.335 709.339 709.322 709.341 709.321 709.332 709.312 709.309 709.315 709.308 709.299 709.325 709.309 709.288 709.287 709.288 709.293 709.274 709.277 709.274 709.251 709.256 709.248 709.233 709.148 709.077 
709.711 709.539 709.561 709.543 709.552 709.545 709.538 709.542 709.526 709.548 709.524 709.538 709.515 709.509 709.519 709.511 709.501 709.529 709.512 709.491 709.489 709.49 709.495 709.476 709.479 709.476 709.45 709.456 709.447 709.433 709.34 709.261 
709.936 709.747 709.771 709.751 709.762 709.755 709.746 709.751 709.736 709.76 709.734 709.75 709.723 709.715 709.728 709.721 709.709 709.739 709.722 709.701 709.697 709.697 709.704 709.686 709.685 709.682 709.656 709.662 709.651 709.639 709.538 709.451 
710.167 709.961 709.986 709.965 709.978 709.97 709.96 709.965 709.952 709.978 709.95 709.967 709.936 709.927 709.941 709.937 709.923 709.955 709.936 709.915 709.911 709.911 709.919 709.901 709.897 709.893 709.869 709.873 709.861 709.851 709.741 709.645 
710.405 710.182 710.206 710.185 710.199 710.191 710.178 710.184 710.172 710.2 710.173 710.188 710.155 710.145 710.16 710.158 710.142 710.176 710.156 710.135 710.129 710.13 710.14 710.122 710.114 710.11 710.087 710.09 710.076 710.069 709.949 709.845 
710.649 710.408 710.431 710.41 710.425 710.417 710.402 710.407 710.397 710.428 710.402 710.413 710.379 710.368 710.383 710.385 710.368 710.403 710.38 710.36 710.352 710.353 710.365 710.347 710.335 710.333 710.311 710.312 710.297 710.291 710.161 710.051 
710.898 710.639 710.66 710.641 710.655 710.648 710.63 710.635 710.625 710.66 710.635 710.643 710.608 710.597 710.611 710.615 710.598 710.634 710.61 710.59 710.581 710.58 710.596 710.577 710.562 710.56 710.538 710.539 710.524 710.519 710.377 710.262 
711.152 710.874 710.895 710.876 710.89 710.884 710.863 710.869 710.858 710.897 710.873 710.877 710.843 710.83 710.844 710.85 710.833 710.869 710.844 710.825 710.815 710.811 710.83 710.81 710.794 710.793 710.77 710.771 710.755 710.75 710.597 710.478 
711.411 711.114 711.133 711.116 711.129 711.125 711.101 711.107 711.096 711.139 711.115 711.116 711.083 711.069 711.081 711.089 711.072 711.109 711.084 711.066 711.054 711.046 711.069 711.048 711.031 711.031 711.005 711.007 710.991 710.986 710.822 710.699 
711.673 711.357 711.377 711.359 711.373 711.371 711.344 711.35 711.337 711.385 711.361 711.36 711.327 711.312 711.324 711.332 711.315 711.353 711.328 711.312 711.297 711.286 711.312 711.29 711.273 711.272 711.246 711.248 711.23 711.226 711.051 710.924 
711.939 711.604 711.625 711.606 711.622 711.621 711.591 711.598 711.583 711.635 711.611 711.608 711.576 711.559 711.57 711.579 711.563 711.601 711.576 711.562 711.544 711.53 711.559 711.536 711.519 711.518 711.491 711.492 711.474 711.469 711.285 711.154 
712.208 711.854 711.877 711.857 711.874 711.874 711.843 711.849 711.834 711.887 711.863 711.859 711.829 711.809 711.82 711.831 711.815 711.852 711.828 711.816 711.794 711.778 711.81 711.785 711.769 711.767 711.74 711.74 711.723 711.716 711.522 711.387 
712.481 712.108 712.132 712.112 712.129 712.13 712.099 712.104 712.088 712.143 712.119 712.114 712.085 712.063 712.073 712.086 712.071 712.106 712.083 712.073 712.046 712.03 712.065 712.037 712.022 712.02 711.994 711.991 711.975 711.966 711.763 711.624 
712.758 712.364 712.391 712.369 712.387 712.389 712.357 712.362 712.345 712.401 712.377 712.372 712.344 712.32 712.328 712.343 712.329 712.362 712.341 712.333 712.302 712.285 712.323 712.292 712.278 712.277 712.25 712.246 712.231 712.218 712.007 711.864 
713.037 712.622 712.652 712.63 712.646 712.649 712.619 712.623 712.605 712.662 712.638 712.632 712.606 712.58 712.585 712.603 712.589 712.621 712.602 712.596 712.559 712.544 712.585 712.549 712.537 712.535 712.508 712.504 712.49 712.473 712.255 712.105 
713.319 712.883 712.916 712.893 712.909 712.912 712.883 712.886 712.867 712.925 712.901 712.895 712.87 712.842 712.845 712.865 712.851 712.883 712.865 712.862 712.82 712.805 712.849 712.81 712.798 712.796 712.767 712.765 712.753 712.731 712.505 712.349 
713.603 713.145 713.182 713.157 713.173 713.177 713.15 713.15 713.131 713.19 713.166 713.161 713.136 713.107 713.108 713.128 713.115 713.147 713.13 713.131 713.084 713.07 713.115 713.072 713.061 713.058 713.027 713.03 713.018 712.99 712.758 712.595 
713.889 713.41 713.449 713.423 713.441 713.444 713.42 713.417 713.398 713.457 713.434 713.429 713.405 713.373 713.375 713.394 713.381 713.414 713.396 713.4 713.351 713.337 713.383 713.337 713.327 713.322 713.289 713.297 713.285 713.253 713.013 712.844 
714.177 713.677 713.719 713.691 713.711 713.712 713.692 713.686 713.667 713.727 713.703 713.701 713.676 713.642 713.645 713.662 713.649 713.683 713.665 713.671 713.621 713.607 713.652 713.604 713.594 713.588 713.554 713.566 713.554 713.519 713.269 713.093 
714.468 713.945 713.99 713.96 713.983 713.982 713.967 713.957 713.938 713.998 713.975 713.975 713.95 713.913 713.917 713.933 713.919 713.954 713.935 713.943 713.892 713.879 713.923 713.873 713.863 713.856 713.82 713.836 713.825 713.788 713.528 713.344 
714.76 714.216 714.262 714.231 714.257 714.255 714.243 714.23 714.212 714.271 714.248 714.251 714.225 714.185 714.19 714.205 714.191 714.225 714.209 714.215 714.165 714.152 714.196 714.146 714.134 714.125 714.089 714.108 714.098 714.059 713.788 713.596 
715.054 714.488 714.536 714.504 714.532 714.53 714.521 714.505 714.487 714.546 714.522 714.529 714.502 714.46 714.464 714.479 714.466 714.498 714.485 714.489 714.439 714.426 714.47 714.42 714.408 714.397 714.359 714.382 714.372 714.331 714.05 713.85 
715.351 714.763 714.811 714.779 714.808 714.807 714.801 714.78 714.764 714.822 714.798 714.807 714.78 714.736 714.74 714.756 714.742 714.772 714.763 714.764 714.715 714.701 714.747 714.696 714.683 714.67 714.631 714.656 714.647 714.604 714.314 714.105 
715.649 715.038 715.088 715.057 715.085 715.087 715.082 715.056 715.04 715.1 715.074 715.085 715.061 715.013 715.018 715.033 715.021 715.046 715.043 715.041 714.993 714.976 715.024 714.973 714.96 714.946 714.905 714.932 714.923 714.878 714.579 714.361 
715.948 715.315 715.366 715.336 715.364 715.368 715.363 715.334 715.317 715.381 715.352 715.365 715.342 715.291 715.298 715.312 715.302 715.322 715.323 715.319 715.272 715.254 715.303 715.251 715.24 715.223 715.18 715.209 715.199 715.152 714.844 714.619 
716.249 715.593 715.645 715.617 715.643 715.651 715.645 715.612 715.595 715.663 715.631 715.646 715.625 715.572 715.58 715.591 715.584 715.599 715.604 715.6 715.552 715.533 715.583 715.529 715.52 715.502 715.456 715.487 715.475 715.427 715.11 714.878 
716.55 715.872 715.925 715.899 715.924 715.934 715.928 715.892 715.874 715.946 715.912 715.927 715.909 715.853 715.863 715.871 715.866 715.877 715.886 715.882 715.833 715.814 715.864 715.807 715.803 715.782 715.734 715.766 715.752 715.704 715.377 715.137 
716.851 716.153 716.206 716.182 716.206 716.218 716.212 716.173 716.155 716.23 716.193 716.208 716.191 716.135 716.146 716.152 716.15 716.158 716.167 716.165 716.114 716.095 716.147 716.087 716.085 716.063 716.012 716.046 716.03 715.982 715.645 715.396 
717.154 716.435 716.487 716.465 716.49 716.501 716.496 716.455 716.438 716.515 716.476 716.49 716.474 716.417 716.428 716.434 716.433 716.439 716.449 716.449 716.396 716.376 716.43 716.368 716.369 716.346 716.291 716.326 716.309 716.261 715.913 715.656 
717.457 716.717 716.768 716.749 716.774 716.785 716.781 716.737 716.721 716.8 716.759 716.773 716.755 716.698 716.71 716.717 716.716 716.723 716.732 716.733 716.679 716.658 716.714 716.649 716.653 716.628 716.57 716.606 716.589 716.541 716.183 715.917 
717.762 717.001 717.05 717.033 717.058 717.068 717.065 717.019 717.005 717.086 717.043 717.055 717.036 716.98 716.992 717.001 716.998 717.007 717.014 717.019 716.961 716.939 716.998 716.932 716.937 716.911 716.85 716.887 716.871 716.821 716.453 716.179 
718.066 717.286 717.331 717.318 717.343 717.351 717.349 717.301 717.288 717.372 717.327 717.339 717.318 717.263 717.275 717.285 717.28 717.291 717.296 717.304 717.245 717.221 717.281 717.214 717.221 717.195 717.13 717.169 717.153 717.101 716.724 716.442 
718.371 717.571 717.612 717.602 717.628 717.634 717.632 717.583 717.571 717.659 717.611 717.623 717.6 717.545 717.558 717.568 717.563 717.576 717.579 717.588 717.528 717.504 717.562 717.497 717.506 717.479 717.411 717.45 717.436 717.38 716.994 716.705 
718.676 717.855 717.894 717.885 717.913 717.917 717.916 717.865 717.854 717.946 717.896 717.908 717.883 717.829 717.841 717.851 717.847 717.859 717.862 717.871 717.812 717.786 717.842 717.779 717.79 717.762 717.693 717.731 717.718 717.659 717.263 716.969 
718.979 718.139 718.176 718.167 718.198 718.2 718.2 718.148 718.137 718.232 718.18 718.194 718.167 718.112 718.125 718.133 718.131 718.142 718.146 718.154 718.095 718.069 718.122 718.061 718.075 718.045 717.974 718.011 718 717.937 717.531 717.232 
719.282 718.423 718.458 718.449 718.482 718.484 718.484 718.431 718.42 718.519 718.465 718.48 718.45 718.396 718.409 718.415 718.417 718.424 718.429 718.436 718.377 718.352 718.402 718.344 718.358 718.327 718.255 718.291 718.281 718.214 717.8 717.496 
719.584 718.706 718.742 718.732 718.766 718.769 718.769 718.714 718.703 718.804 718.749 718.765 718.734 718.679 718.695 718.697 718.703 718.707 718.712 718.718 718.658 718.635 718.681 718.627 718.64 718.608 718.536 718.571 718.562 718.492 718.069 717.759 
719.886 718.988 719.025 719.015 719.05 719.055 719.054 718.998 718.987 719.088 719.034 719.051 719.017 718.963 718.98 718.98 718.99 718.989 718.994 719 718.939 718.919 718.961 718.911 718.92 718.887 718.816 718.852 718.842 718.77 718.338 718.023 
720.189 719.27 719.31 719.299 719.334 719.341 719.338 719.281 719.272 719.372 719.319 719.335 719.3 719.246 719.267 719.264 719.276 719.271 719.275 719.283 719.219 719.203 719.241 719.194 719.201 719.166 719.096 719.132 719.122 719.048 718.608 718.286 
720.492 719.552 719.594 719.583 719.618 719.628 719.622 719.563 719.556 719.656 719.604 719.619 719.583 719.529 719.552 719.548 719.562 719.552 719.556 719.566 719.499 719.488 719.523 719.476 719.481 719.445 719.376 719.414 719.402 719.326 718.877 718.549 
720.797 719.834 719.88 719.868 719.902 719.914 719.905 719.846 719.84 719.94 719.888 719.902 719.866 719.811 719.837 719.833 719.846 719.833 719.838 719.849 719.779 719.772 719.805 719.758 719.763 719.725 719.655 719.696 719.683 719.604 719.147 718.811 
721.103 720.115 720.166 720.154 720.187 720.199 720.188 720.13 720.123 720.225 720.172 720.185 720.15 720.093 720.121 720.119 720.128 720.114 720.121 720.132 720.059 720.055 720.087 720.04 720.045 720.005 719.934 719.979 719.963 719.883 719.416 719.073 
721.409 720.397 720.452 720.439 720.471 720.484 720.471 720.414 720.406 720.51 720.457 720.468 720.434 720.375 720.404 720.404 720.41 720.393 720.405 720.414 720.34 720.337 720.368 720.321 720.327 720.286 720.214 720.262 720.243 720.161 719.684 719.333 
721.715 720.678 720.738 720.723 720.755 720.768 720.755 720.697 720.689 720.795 720.741 720.752 720.719 720.656 720.687 720.689 720.692 720.673 720.69 720.695 720.621 720.619 720.649 720.603 720.61 720.567 720.494 720.545 720.522 720.441 719.953 719.594 
722.021 720.959 721.022 721.007 721.04 721.051 721.038 720.981 720.971 721.08 721.025 721.036 721.003 720.937 720.969 720.973 720.974 720.953 720.975 720.975 720.902 720.901 720.929 720.885 720.892 720.849 720.774 720.827 720.801 720.721 720.22 719.854 
722.325 721.239 721.305 721.289 721.324 721.334 721.321 721.263 721.253 721.363 721.309 721.32 721.287 721.218 721.25 721.257 721.256 721.234 721.259 721.255 721.184 721.181 721.209 721.166 721.174 721.131 721.054 721.108 721.079 721.002 720.488 720.115 
722.627 721.518 721.586 721.571 721.607 721.617 721.602 721.544 721.534 721.646 721.592 721.604 721.569 721.498 721.53 721.539 721.538 721.515 721.543 721.535 721.465 721.462 721.488 721.448 721.455 721.412 721.334 721.387 721.356 721.282 720.754 720.374 
722.929 721.797 721.866 721.852 721.889 721.899 721.882 721.825 721.815 721.929 721.873 721.888 721.85 721.778 721.81 721.821 721.819 721.796 721.826 721.815 721.745 721.741 721.767 721.729 721.734 721.692 721.613 721.666 721.632 721.561 721.02 720.634 
723.229 722.075 722.145 722.133 722.17 722.182 722.161 722.105 722.096 722.211 722.153 722.17 722.131 722.057 722.089 722.102 722.098 722.078 722.107 722.094 722.025 722.02 722.045 722.008 722.013 721.971 721.891 721.944 721.908 721.839 721.286 720.892 
723.527 722.354 722.423 722.412 722.451 722.464 722.441 722.385 722.377 722.492 722.431 722.451 722.411 722.335 722.367 722.383 722.377 722.359 722.386 722.373 722.305 722.298 722.322 722.286 722.291 722.25 722.168 722.221 722.184 722.115 721.552 721.151 
723.825 722.633 722.701 722.69 722.731 722.745 722.72 722.665 722.658 722.772 722.708 722.729 722.691 722.612 722.645 722.662 722.655 722.639 722.664 722.651 722.583 722.575 722.599 722.563 722.568 722.527 722.444 722.497 722.46 722.391 721.817 721.408 
724.123 722.912 722.978 722.967 723.01 723.026 722.999 722.943 722.938 723.052 722.984 723.006 722.97 722.888 722.922 722.939 722.932 722.918 722.941 722.928 722.861 722.85 722.876 722.838 722.845 722.803 722.719 722.772 722.736 722.665 722.081 721.665 
724.419 723.189 723.255 723.243 723.289 723.305 723.277 723.221 723.217 723.33 723.261 723.282 723.248 723.163 723.198 723.215 723.209 723.196 723.215 723.202 723.137 723.124 723.152 723.112 723.121 723.078 722.993 723.046 723.011 722.939 722.343 721.92 
724.715 723.465 723.531 723.519 723.567 723.581 723.554 723.497 723.493 723.608 723.538 723.558 723.525 723.437 723.473 723.489 723.486 723.471 723.489 723.475 723.411 723.396 723.427 723.386 723.396 723.353 723.266 723.318 723.285 723.212 722.604 722.174 
725.01 723.74 723.806 723.793 723.843 723.856 723.829 723.772 723.768 723.884 723.816 723.832 723.8 723.709 723.746 723.762 723.762 723.744 723.761 723.746 723.684 723.666 723.701 723.657 723.668 723.627 723.539 723.589 723.556 723.482 722.862 722.426 
725.303 724.013 724.081 724.066 724.118 724.129 724.103 724.045 724.043 724.158 724.093 724.106 724.074 723.981 724.019 724.034 724.036 724.016 724.033 724.015 723.955 723.936 723.973 723.928 723.939 723.899 723.81 723.858 723.825 723.75 723.12 722.676 
725.595 724.286 724.356 724.339 724.39 724.401 724.374 724.317 724.316 724.431 724.368 724.378 724.346 724.251 724.29 724.306 724.308 724.286 724.304 724.282 724.223 724.204 724.245 724.197 724.207 724.171 724.08 724.126 724.092 724.017 723.375 722.925 
725.886 724.557 724.629 724.611 724.661 724.672 724.644 724.586 724.589 724.703 724.641 724.648 724.617 724.52 724.561 724.577 724.577 724.556 724.574 724.549 724.49 724.472 724.515 724.465 724.475 724.44 724.348 724.391 724.356 724.283 723.629 723.173 
726.175 724.826 724.9 724.881 724.931 724.943 724.911 724.854 724.86 724.974 724.912 724.917 724.886 724.788 724.83 724.846 724.845 724.824 724.843 724.816 724.755 724.739 724.783 724.732 724.741 724.708 724.614 724.656 724.618 724.547 723.881 723.419 
726.463 725.093 725.168 725.15 725.199 725.212 725.177 725.121 725.13 725.242 725.18 725.183 725.154 725.055 725.098 725.112 725.111 725.091 725.11 725.082 725.018 725.005 725.049 724.997 725.006 724.973 724.878 724.918 724.879 724.809 724.132 723.664 
726.748 725.358 725.435 725.418 725.466 725.48 725.441 725.386 725.397 725.509 725.446 725.448 725.419 725.32 725.363 725.376 725.375 725.355 725.375 725.347 725.28 725.268 725.313 725.261 725.269 725.236 725.139 725.179 725.138 725.07 724.382 723.908 
727.031 725.622 725.698 725.682 725.73 725.745 725.704 725.65 725.661 725.774 725.71 725.71 725.682 725.584 725.625 725.636 725.637 725.616 725.638 725.61 725.541 725.531 725.574 725.523 725.529 725.496 725.397 725.438 725.396 725.329 724.63 724.15 
727.312 725.883 725.959 725.944 725.993 726.008 725.964 725.911 725.922 726.037 725.972 725.97 725.942 725.846 725.884 725.894 725.897 725.875 725.898 725.872 725.8 725.792 725.834 725.782 725.788 725.754 725.653 725.695 725.652 725.586 724.877 724.39 
727.59 726.141 726.217 726.203 726.253 726.269 726.222 726.171 726.18 726.296 726.232 726.228 726.2 726.106 726.14 726.149 726.155 726.132 726.155 726.131 726.057 726.051 726.091 726.039 726.044 726.009 725.908 725.949 725.906 725.84 725.121 724.628 
727.864 726.396 726.473 726.458 726.511 726.527 726.478 726.428 726.435 726.553 726.49 726.484 726.455 726.363 726.392 726.402 726.409 726.386 726.409 726.386 726.311 726.307 726.346 726.292 726.298 726.262 726.16 726.2 726.159 726.091 725.363 724.863 
728.135 726.648 726.726 726.71 726.765 726.782 726.733 726.682 726.688 726.806 726.745 726.738 726.706 726.617 726.643 726.653 726.66 726.638 726.659 726.638 726.564 726.56 726.598 726.543 726.549 726.513 726.411 726.449 726.408 726.338 725.602 725.095 
728.402 726.896 726.975 726.959 727.015 727.035 726.984 726.933 726.938 727.056 726.997 726.988 726.955 726.867 726.891 726.902 726.908 726.887 726.906 726.886 726.814 726.809 726.848 726.791 726.798 726.762 726.658 726.694 726.655 726.582 725.837 725.325 
728.666 727.14 727.22 727.206 727.262 727.283 727.233 727.181 727.185 727.303 727.246 727.235 727.2 727.113 727.137 727.148 727.154 727.133 727.15 727.13 727.061 727.054 727.093 727.035 727.042 727.007 726.902 726.937 726.899 726.822 726.069 725.551 
728.925 727.38 727.462 727.449 727.505 727.528 727.477 727.425 727.43 727.545 727.491 727.478 727.442 727.356 727.38 727.391 727.398 727.376 727.392 727.371 727.305 727.295 727.334 727.276 727.283 727.249 727.141 727.178 727.139 727.059 726.296 725.775 
729.181 727.617 727.7 727.689 727.745 727.769 727.718 727.665 727.671 727.784 727.732 727.717 727.681 727.596 727.621 727.63 727.639 727.614 727.63 727.608 727.547 727.532 727.57 727.514 727.521 727.487 727.377 727.415 727.377 727.292 726.518 725.995 
729.432 727.85 727.933 727.924 727.981 728.005 727.955 727.901 727.909 728.019 727.969 727.951 727.915 727.831 727.857 727.865 727.877 727.847 727.864 727.841 727.785 727.765 727.802 727.748 727.754 727.721 727.608 727.648 727.61 727.521 726.737 726.211 
729.679 728.078 728.163 728.154 728.213 728.238 728.187 728.133 728.142 728.25 728.201 728.181 728.145 728.062 728.09 728.095 728.11 728.076 728.094 728.07 728.019 727.994 728.031 727.979 727.982 727.95 727.835 727.878 727.84 727.746 726.954 726.325 
729.922 728.303 728.388 728.38 728.44 728.466 728.415 728.359 728.37 728.476 728.428 728.406 728.37 728.288 728.317 728.321 728.339 728.3 728.32 728.296 728.248 728.218 728.256 728.205 728.207 728.175 728.059 728.103 728.065 727.967 727.071 726.435 
730.161 728.523 728.608 728.602 728.662 728.69 728.638 728.58 728.594 728.697 728.649 728.626 728.591 728.509 728.539 728.542 728.563 728.521 728.54 728.517 728.472 728.437 728.476 728.426 728.426 728.396 728.279 728.324 728.286 728.184 727.185 726.543 
730.395 728.737 728.824 728.82 728.879 728.909 728.856 728.797 728.813 728.914 728.865 728.841 728.808 728.726 728.756 728.757 728.781 728.738 728.755 728.733 728.691 728.652 728.693 728.643 728.641 728.612 728.494 728.54 728.501 728.396 727.298 726.648 
730.625 728.947 729.035 729.033 729.092 729.123 729.07 729.008 729.027 729.125 729.077 729.052 729.02 728.937 728.967 728.968 728.994 728.95 728.965 728.945 728.905 728.861 728.905 728.854 728.852 728.824 728.705 728.752 728.711 728.604 727.409 726.75 
730.85 729.151 729.24 729.242 729.3 729.332 729.278 729.215 729.235 729.331 729.283 729.259 729.228 729.144 729.172 729.174 729.201 729.157 729.171 729.152 729.112 729.066 729.112 729.06 729.058 729.031 728.911 728.959 728.916 728.808 727.517 726.851 
731.069 729.349 729.44 729.445 729.502 729.536 729.481 729.417 729.436 729.533 729.485 729.46 729.43 729.346 729.371 729.375 729.402 729.359 729.372 729.354 729.314 729.266 729.314 729.26 729.259 729.233 729.11 729.16 729.114 729.007 727.623 726.949 
731.281 729.543 729.634 729.643 729.699 729.733 729.678 729.613 729.631 729.73 729.682 729.656 729.627 729.543 729.566 729.57 729.598 729.555 729.568 729.551 729.51 729.46 729.51 729.455 729.454 729.43 729.305 729.355 729.306 729.199 727.727 727.044 
731.486 729.731 729.822 729.836 729.889 729.924 729.869 729.803 729.819 729.921 729.874 729.847 729.817 729.734 729.755 729.76 729.787 729.746 729.758 729.741 729.699 729.648 729.7 729.643 729.644 729.619 729.493 729.545 729.492 729.386 727.828 727.137 
731.683 729.913 730.004 730.022 730.073 730.108 730.054 729.987 730 730.105 730.059 730.031 730.001 729.919 729.938 729.943 729.97 729.93 729.942 729.924 729.883 729.83 729.884 729.826 729.828 729.803 729.675 729.728 729.672 729.566 727.926 727.225 
731.874 730.089 730.18 730.201 730.25 730.286 730.231 730.163 730.175 730.282 730.238 730.209 730.179 730.098 730.116 730.119 730.147 730.107 730.12 730.1 730.06 730.006 730.062 730.002 730.005 729.979 729.851 729.904 729.846 729.74 728.021 727.31 
732.057 730.259 730.349 730.374 730.421 730.456 730.402 730.333 730.345 730.452 730.41 730.38 730.35 730.27 730.288 730.289 730.317 730.278 730.292 730.27 730.231 730.176 730.234 730.172 730.176 730.149 730.02 730.074 730.014 729.908 728.114 727.392 
732.235 730.422 730.512 730.54 730.585 730.619 730.565 730.497 730.508 730.616 730.575 730.546 730.515 730.435 730.453 730.453 730.482 730.443 730.459 730.433 730.396 730.339 730.399 730.337 730.34 730.312 730.182 730.238 730.177 730.071 728.203 727.47 
732.408 730.58 730.67 730.7 730.744 730.776 730.722 730.655 730.666 730.773 730.734 730.706 730.673 730.594 730.612 730.612 730.64 730.602 730.621 730.59 730.554 730.498 730.557 730.496 730.499 730.47 730.339 730.396 730.336 730.228 728.288 727.545 
732.576 730.731 730.821 730.854 730.897 730.928 730.874 730.808 730.819 730.925 730.887 730.86 730.826 730.746 730.766 730.766 730.794 730.756 730.777 730.742 730.707 730.652 730.71 730.65 730.653 730.621 730.49 730.549 730.49 730.38 728.371 727.617 
732.739 730.878 730.967 731.004 731.045 731.074 731.021 730.956 730.967 731.072 731.035 731.011 730.974 730.893 730.915 730.915 730.942 730.905 730.929 730.89 730.854 730.803 730.857 730.799 730.802 730.768 730.635 730.697 730.642 730.528 728.451 727.686 
