0 0 0 0 0 0 0 0 0 0 0 0 0 0 0 0 0 0 0 0 0 0 0 0 0 0 0 0 0 0 0 0 
1.52301e-05 3.04739e-08 6.09493e-08 3.0474e-08 6.09481e-08 3.04746e-08 6.09487e-08 6.09487e-08 3.04746e-08 6.09488e-08 6.09485e-08 1.57794e-05 6.09485e-08 3.04743e-08 6.09489e-08 1.57794e-05 3.04746e-08 1.57794e-05 -1.5688e-05 6.09489e-08 -1.5688e-05 6.09485e-08 -1.5688e-05 1.57794e-05 6.09484e-08 1.57794e-05 -1.5688e-05 1.57794e-05 -1.5688e-05 6.09483e-08 6.09485e-08 1.48343e-05 
2.96939e-05 6.0949e-08 1.219e-07 6.09498e-08 1.21899e-07 6.09501e-08 1.21899e-07 1.21899e-07 6.09496e-08 1.21899e-07 1.21899e-07 3.15594e-05 1.21899e-07 6.095e-08 1.21899e-07 3.15594e-05 6.09498e-08 3.15594e-05 -3.13766e-05 1.219e-07 -3.13766e-05 1.21899e-07 -3.13766e-05 3.15594e-05 1.21899e-07 3.15594e-05 -3.13766e-05 3.15594e-05 -3.13765e-05 1.21899e-07 1.21899e-07 2.88569e-05 
4.41531e-05 9.14256e-08 1.82853e-07 9.1426e-08 1.82852e-07 9.14268e-08 1.82852e-07 1.82852e-07 9.14264e-08 1.82853e-07 1.82852e-07 4.734e-05 1.82852e-07 9.14266e-08 1.82852e-07 4.73399e-05 9.14263e-08 4.734e-05 -4.70657e-05 1.82853e-07 -4.70657e-05 1.82852e-07 -4.70657e-05 4.734e-05 1.82852e-07 4.73399e-05 -4.70657e-05 4.734e-05 -4.70656e-05 1.82852e-07 1.82852e-07 4.28851e-05 
5.86138e-05 1.21903e-07 2.43808e-07 1.21904e-07 2.43807e-07 1.21905e-07 2.43807e-07 2.43808e-07 1.21904e-07 2.43808e-07 2.43806e-07 6.31212e-05 2.43807e-07 1.21904e-07 2.43808e-07 6.31211e-05 1.21904e-07 6.31211e-05 -6.27554e-05 2.43808e-07 -6.27555e-05 2.43807e-07 -6.27554e-05 6.31211e-05 2.43807e-07 6.31211e-05 -6.27554e-05 6.31211e-05 -6.27553e-05 2.43806e-07 2.43807e-07 5.69102e-05 
7.30669e-05 1.52382e-07 3.04766e-07 1.52382e-07 3.04764e-07 1.52383e-07 3.04765e-07 3.04766e-07 1.52383e-07 3.04766e-07 3.04764e-07 7.8903e-05 3.04765e-07 1.52383e-07 3.04766e-07 7.89029e-05 1.52383e-07 7.8903e-05 -7.84458e-05 3.04765e-07 -7.84458e-05 3.04764e-07 -7.84458e-05 7.89029e-05 3.04764e-07 7.89029e-05 -7.84458e-05 7.89029e-05 -7.84456e-05 3.04764e-07 3.04764e-07 7.09293e-05 
8.75234e-05 1.82862e-07 3.65726e-07 1.82862e-07 3.65725e-07 1.82863e-07 3.65725e-07 3.65726e-07 1.82863e-07 3.65726e-07 3.65724e-07 9.46855e-05 3.65725e-07 1.82863e-07 3.65726e-07 9.46854e-05 1.82863e-07 9.46854e-05 -9.41368e-05 3.65726e-07 -9.41369e-05 3.65725e-07 -9.41368e-05 9.46853e-05 3.65724e-07 9.46853e-05 -9.41368e-05 9.46854e-05 -9.41366e-05 3.65724e-07 3.65724e-07 8.49558e-05 
0.000101981 2.13344e-07 4.26689e-07 2.13343e-07 4.26688e-07 2.13345e-07 4.26688e-07 4.26689e-07 2.13344e-07 4.26689e-07 4.26688e-07 0.000110469 4.26688e-07 2.13345e-07 4.26689e-07 0.000110469 2.13344e-07 0.000110469 -0.000109829 4.26688e-07 -0.000109829 4.26688e-07 -0.000109829 0.000110468 4.26688e-07 0.000110468 -0.000109829 0.000110469 -0.000109828 4.26688e-07 4.26686e-07 9.8985e-05 
0.000116442 2.43826e-07 4.87655e-07 2.43826e-07 4.87653e-07 2.43828e-07 4.87654e-07 4.87654e-07 2.43828e-07 4.87656e-07 4.87654e-07 0.000126253 4.87653e-07 2.43828e-07 4.87655e-07 0.000126252 2.43827e-07 0.000126253 -0.000125521 4.87654e-07 -0.000125521 4.87654e-07 -0.000125521 0.000126252 4.87654e-07 0.000126252 -0.000125521 0.000126252 -0.000125521 4.87653e-07 4.87652e-07 0.000113015 
0.000130905 2.74311e-07 5.48623e-07 2.7431e-07 5.48622e-07 2.74313e-07 5.48622e-07 5.48623e-07 2.74312e-07 5.48624e-07 5.48622e-07 0.000142037 5.48622e-07 2.74312e-07 5.48624e-07 0.000142037 2.74311e-07 0.000142037 -0.000141214 5.48622e-07 -0.000141214 5.48623e-07 -0.000141214 0.000142037 5.48623e-07 0.000142037 -0.000141214 0.000142037 -0.000141214 5.48621e-07 5.4862e-07 0.000127041 
0.000145364 3.04796e-07 6.09595e-07 3.04796e-07 6.09594e-07 3.04798e-07 6.09594e-07 6.09594e-07 3.04798e-07 6.09596e-07 6.09594e-07 0.000157823 6.09594e-07 3.04798e-07 6.09596e-07 0.000157823 3.04798e-07 0.000157823 -0.000156908 6.09594e-07 -0.000156908 6.09595e-07 -0.000156908 0.000157823 6.09595e-07 0.000157822 -0.000156908 0.000157823 -0.000156908 6.09593e-07 6.09591e-07 0.000141069 
0.000159822 3.35284e-07 6.7057e-07 3.35284e-07 6.70569e-07 3.35286e-07 6.70569e-07 6.7057e-07 3.35286e-07 6.70571e-07 6.70569e-07 0.000173609 6.70569e-07 3.35285e-07 6.70571e-07 0.000173609 3.35285e-07 0.000173609 -0.000172603 6.70569e-07 -0.000172603 6.7057e-07 -0.000172603 0.000173609 6.70569e-07 0.000173609 -0.000172603 0.000173609 -0.000172602 6.70567e-07 6.70566e-07 0.000155091 
0.00017428 3.65773e-07 7.31548e-07 3.65773e-07 7.31547e-07 3.65775e-07 7.31547e-07 7.31548e-07 3.65775e-07 7.3155e-07 7.31547e-07 0.000189396 7.31547e-07 3.65774e-07 7.31549e-07 0.000189396 3.65775e-07 0.000189396 -0.000188299 7.31547e-07 -0.000188299 7.31548e-07 -0.000188298 0.000189396 7.31548e-07 0.000189396 -0.000188299 0.000189396 -0.000188298 7.31545e-07 7.31544e-07 0.000169118 
0.000188743 3.96263e-07 7.92529e-07 3.96264e-07 7.92528e-07 3.96266e-07 7.92529e-07 7.9253e-07 3.96266e-07 7.92531e-07 7.92529e-07 0.000205184 7.92529e-07 3.96265e-07 7.9253e-07 0.000205184 3.96265e-07 0.000205184 -0.000203995 7.92529e-07 -0.000203995 7.92529e-07 -0.000203995 0.000205184 7.92528e-07 0.000205184 -0.000203995 0.000205184 -0.000203994 7.92526e-07 7.92524e-07 0.000183146 
0.00020321 4.26756e-07 8.53514e-07 4.26757e-07 8.53513e-07 4.26758e-07 8.53514e-07 8.53516e-07 4.26758e-07 8.53516e-07 8.53514e-07 0.000220973 8.53514e-07 4.26757e-07 8.53516e-07 0.000220973 4.26758e-07 0.000220973 -0.000219692 8.53513e-07 -0.000219693 8.53515e-07 -0.000219692 0.000220973 8.53513e-07 0.000220973 -0.000219692 0.000220972 -0.000219692 8.5351e-07 8.53508e-07 0.000197168 
0.000217674 4.5725e-07 9.14502e-07 4.57251e-07 9.14502e-07 4.57252e-07 9.14503e-07 9.14504e-07 4.57252e-07 9.14504e-07 9.14503e-07 0.000236763 9.14503e-07 4.57252e-07 9.14505e-07 0.000236762 4.57252e-07 0.000236763 -0.000235391 9.14501e-07 -0.000235391 9.14503e-07 -0.000235391 0.000236763 9.14501e-07 0.000236762 -0.00023539 0.000236762 -0.00023539 9.14497e-07 9.14495e-07 0.000211195 
0.000232132 4.87746e-07 9.75494e-07 4.87747e-07 9.75494e-07 4.87748e-07 9.75495e-07 9.75497e-07 4.87748e-07 9.75495e-07 9.75495e-07 0.000252554 9.75495e-07 4.87748e-07 9.75497e-07 0.000252553 4.87748e-07 0.000252553 -0.00025109 9.75493e-07 -0.00025109 9.75495e-07 -0.00025109 0.000252553 9.75493e-07 0.000252553 -0.000251089 0.000252553 -0.000251089 9.75489e-07 9.75486e-07 0.000225236 
0.0002466 5.18243e-07 1.03649e-06 5.18244e-07 1.03649e-06 5.18246e-07 1.03649e-06 1.03649e-06 5.18246e-07 1.03649e-06 1.03649e-06 0.000268345 1.03649e-06 5.18245e-07 1.03649e-06 0.000268344 5.18246e-07 0.000268345 -0.00026679 1.03649e-06 -0.00026679 1.03649e-06 -0.00026679 0.000268345 1.03649e-06 0.000268345 -0.000266789 0.000268344 -0.000266789 1.03648e-06 1.03648e-06 0.000239265 
0.000261065 5.48743e-07 1.09749e-06 5.48744e-07 1.09749e-06 5.48745e-07 1.09749e-06 1.09749e-06 5.48746e-07 1.09749e-06 1.09749e-06 0.000284138 1.09749e-06 5.48746e-07 1.09749e-06 0.000284137 5.48746e-07 0.000284138 -0.000282491 1.09749e-06 -0.000282491 1.09749e-06 -0.000282491 0.000284137 1.09749e-06 0.000284137 -0.00028249 0.000284136 -0.00028249 1.09748e-06 1.09748e-06 0.000253296 
0.000275539 5.79244e-07 1.15849e-06 5.79245e-07 1.15849e-06 5.79246e-07 1.15849e-06 1.15849e-06 5.79247e-07 1.15849e-06 1.15849e-06 0.000299931 1.15849e-06 5.79248e-07 1.1585e-06 0.00029993 5.79247e-07 0.000299931 -0.000298193 1.15849e-06 -0.000298193 1.15849e-06 -0.000298193 0.000299931 1.15849e-06 0.00029993 -0.000298192 0.00029993 -0.000298192 1.15848e-06 1.15848e-06 0.000267327 
0.000290008 6.09747e-07 1.2195e-06 6.09748e-07 1.2195e-06 6.0975e-07 1.2195e-06 1.2195e-06 6.09751e-07 1.2195e-06 1.2195e-06 0.000315726 1.2195e-06 6.09751e-07 1.2195e-06 0.000315725 6.0975e-07 0.000315726 -0.000313896 1.2195e-06 -0.000313896 1.2195e-06 -0.000313896 0.000315725 1.2195e-06 0.000315725 -0.000313895 0.000315724 -0.000313894 1.21949e-06 1.21948e-06 0.00028136 
0.000304479 6.40252e-07 1.28051e-06 6.40253e-07 1.28051e-06 6.40255e-07 1.28051e-06 1.28051e-06 6.40256e-07 1.28051e-06 1.28051e-06 0.000331521 1.28051e-06 6.40256e-07 1.28051e-06 0.00033152 6.40255e-07 0.000331521 -0.0003296 1.28051e-06 -0.0003296 1.28051e-06 -0.0003296 0.000331521 1.28051e-06 0.00033152 -0.000329599 0.000331519 -0.000329598 1.2805e-06 1.28049e-06 0.000295398 
0.000318943 6.70759e-07 1.34152e-06 6.7076e-07 1.34153e-06 6.70763e-07 1.34153e-06 1.34153e-06 6.70763e-07 1.34152e-06 1.34152e-06 0.000347318 1.34153e-06 6.70764e-07 1.34153e-06 0.000347317 6.70762e-07 0.000347317 -0.000345305 1.34152e-06 -0.000345305 1.34152e-06 -0.000345304 0.000347317 1.34152e-06 0.000347316 -0.000345304 0.000347315 -0.000345303 1.34151e-06 1.34151e-06 0.000309439 
0.000333418 7.01268e-07 1.40254e-06 7.01269e-07 1.40254e-06 7.01272e-07 1.40254e-06 1.40254e-06 7.01272e-07 1.40254e-06 1.40254e-06 0.000363115 1.40254e-06 7.01273e-07 1.40254e-06 0.000363114 7.01272e-07 0.000363115 -0.000361011 1.40254e-06 -0.000361011 1.40254e-06 -0.00036101 0.000363114 1.40254e-06 0.000363114 -0.000361009 0.000363113 -0.000361008 1.40253e-06 1.40252e-06 0.000323481 
0.00034789 7.31779e-07 1.46356e-06 7.3178e-07 1.46357e-06 7.31784e-07 1.46357e-06 1.46357e-06 7.31783e-07 1.46356e-06 1.46357e-06 0.000378914 1.46357e-06 7.31784e-07 1.46357e-06 0.000378912 7.31783e-07 0.000378913 -0.000376718 1.46356e-06 -0.000376717 1.46356e-06 -0.000376717 0.000378913 1.46356e-06 0.000378912 -0.000376716 0.000378911 -0.000376715 1.46355e-06 1.46354e-06 0.000337522 
0.000362364 7.62291e-07 1.52459e-06 7.62293e-07 1.52459e-06 7.62297e-07 1.52459e-06 1.52459e-06 7.62295e-07 1.52459e-06 1.52459e-06 0.000394713 1.52459e-06 7.62297e-07 1.52459e-06 0.000394712 7.62296e-07 0.000394712 -0.000392425 1.52458e-06 -0.000392425 1.52459e-06 -0.000392425 0.000394712 1.52458e-06 0.000394711 -0.000392424 0.00039471 -0.000392423 1.52457e-06 1.52456e-06 0.000351556 
0.000376841 7.92806e-07 1.58562e-06 7.92808e-07 1.58562e-06 7.92811e-07 1.58562e-06 1.58562e-06 7.9281e-07 1.58562e-06 1.58562e-06 0.000410514 1.58562e-06 7.92812e-07 1.58562e-06 0.000410512 7.9281e-07 0.000410513 -0.000408134 1.58561e-06 -0.000408134 1.58562e-06 -0.000408134 0.000410512 1.58561e-06 0.000410511 -0.000408132 0.00041051 -0.000408131 1.5856e-06 1.58559e-06 0.000365599 
0.00039132 8.23323e-07 1.64665e-06 8.23325e-07 1.64665e-06 8.23328e-07 1.64666e-06 1.64666e-06 8.23327e-07 1.64665e-06 1.64666e-06 0.000426315 1.64665e-06 8.23329e-07 1.64666e-06 0.000426314 8.23327e-07 0.000426314 -0.000423844 1.64665e-06 -0.000423844 1.64665e-06 -0.000423844 0.000426314 1.64665e-06 0.000426312 -0.000423842 0.000426311 -0.000423841 1.64663e-06 1.64662e-06 0.000379646 
0.000405804 8.53841e-07 1.70769e-06 8.53843e-07 1.70769e-06 8.53847e-07 1.7077e-06 1.7077e-06 8.53846e-07 1.70769e-06 1.70769e-06 0.000442117 1.70769e-06 8.53848e-07 1.70769e-06 0.000442116 8.53846e-07 0.000442116 -0.000439555 1.70768e-06 -0.000439555 1.70769e-06 -0.000439554 0.000442116 1.70768e-06 0.000442115 -0.000439553 0.000442114 -0.000439551 1.70767e-06 1.70766e-06 0.000393691 
0.000420287 8.84362e-07 1.76873e-06 8.84364e-07 1.76873e-06 8.84368e-07 1.76874e-06 1.76874e-06 8.84367e-07 1.76873e-06 1.76873e-06 0.000457921 1.76873e-06 8.8437e-07 1.76874e-06 0.00045792 8.84367e-07 0.00045792 -0.000455267 1.76873e-06 -0.000455267 1.76873e-06 -0.000455266 0.000457919 1.76872e-06 0.000457918 -0.000455265 0.000457917 -0.000455263 1.76871e-06 1.7687e-06 0.000407733 
0.000434763 9.14884e-07 1.82977e-06 9.14887e-07 1.82978e-06 9.14891e-07 1.82978e-06 1.82978e-06 9.1489e-07 1.82977e-06 1.82978e-06 0.000473726 1.82978e-06 9.14892e-07 1.82978e-06 0.000473724 9.14889e-07 0.000473724 -0.00047098 1.82977e-06 -0.00047098 1.82977e-06 -0.000470979 0.000473724 1.82977e-06 0.000473723 -0.000470977 0.000473721 -0.000470976 1.82975e-06 1.82974e-06 0.000421776 
0.000449245 9.45408e-07 1.89082e-06 9.45411e-07 1.89083e-06 9.45417e-07 1.89083e-06 1.89084e-06 9.45414e-07 1.89082e-06 1.89083e-06 0.000489531 1.89083e-06 9.45418e-07 1.89083e-06 0.00048953 9.45413e-07 0.00048953 -0.000486694 1.89082e-06 -0.000486694 1.89082e-06 -0.000486693 0.000489529 1.89082e-06 0.000489528 -0.000486691 0.000489527 -0.000486689 1.8908e-06 1.89079e-06 0.000435819 
0.000463738 9.75935e-07 1.95187e-06 9.75938e-07 1.95188e-06 9.75944e-07 1.95189e-06 1.95189e-06 9.75941e-07 1.95188e-06 1.95188e-06 0.000505338 1.95188e-06 9.75944e-07 1.95189e-06 0.000505336 9.7594e-07 0.000505337 -0.000502409 1.95187e-06 -0.000502409 1.95188e-06 -0.000502408 0.000505336 1.95187e-06 0.000505334 -0.000502406 0.000505333 -0.000502404 1.95186e-06 1.95184e-06 0.000449866 
0.000478218 1.00646e-06 2.01293e-06 1.00647e-06 2.01294e-06 1.00647e-06 2.01294e-06 2.01295e-06 1.00647e-06 2.01293e-06 2.01294e-06 0.000521145 2.01294e-06 1.00647e-06 2.01294e-06 0.000521144 1.00647e-06 0.000521144 -0.000518125 2.01293e-06 -0.000518125 2.01293e-06 -0.000518124 0.000521143 2.01293e-06 0.000521142 -0.000518121 0.00052114 -0.00051812 2.01291e-06 2.01289e-06 0.000463909 
0.000492705 1.03699e-06 2.07399e-06 1.037e-06 2.074e-06 1.037e-06 2.07401e-06 2.07401e-06 1.037e-06 2.07399e-06 2.074e-06 0.000536954 2.074e-06 1.037e-06 2.07401e-06 0.000536952 1.037e-06 0.000536953 -0.000533842 2.07399e-06 -0.000533842 2.07399e-06 -0.000533841 0.000536951 2.07399e-06 0.00053695 -0.000533838 0.000536948 -0.000533836 2.07397e-06 2.07395e-06 0.000477957 
0.000507188 1.06753e-06 2.13506e-06 1.06753e-06 2.13507e-06 1.06754e-06 2.13507e-06 2.13508e-06 1.06753e-06 2.13506e-06 2.13507e-06 0.000552764 2.13507e-06 1.06754e-06 2.13507e-06 0.000552762 1.06753e-06 0.000552762 -0.00054956 2.13505e-06 -0.00054956 2.13506e-06 -0.000549559 0.000552761 2.13505e-06 0.00055276 -0.000549556 0.000552758 -0.000549554 2.13503e-06 2.13501e-06 0.000492 
0.000521677 1.09806e-06 2.19613e-06 1.09806e-06 2.19614e-06 1.09807e-06 2.19614e-06 2.19615e-06 1.09807e-06 2.19613e-06 2.19613e-06 0.000568575 2.19614e-06 1.09807e-06 2.19614e-06 0.000568573 1.09807e-06 0.000568573 -0.000565279 2.19612e-06 -0.000565279 2.19613e-06 -0.000565278 0.000568571 2.19612e-06 0.00056857 -0.000565275 0.000568568 -0.000565272 2.1961e-06 2.19608e-06 0.000506045 
0.000536161 1.1286e-06 2.2572e-06 1.1286e-06 2.25721e-06 1.12861e-06 2.25721e-06 2.25722e-06 1.1286e-06 2.2572e-06 2.25721e-06 0.000584386 2.25721e-06 1.12861e-06 2.25721e-06 0.000584384 1.1286e-06 0.000584385 -0.000580999 2.2572e-06 -0.000580999 2.2572e-06 -0.000580998 0.000584382 2.25719e-06 0.000584382 -0.000580994 0.000584379 -0.000580992 2.25717e-06 2.25714e-06 0.000520093 
0.000550646 1.15913e-06 2.31827e-06 1.15914e-06 2.31829e-06 1.15915e-06 2.31829e-06 2.3183e-06 1.15914e-06 2.31828e-06 2.31828e-06 0.000600199 2.31829e-06 1.15915e-06 2.31829e-06 0.000600197 1.15914e-06 0.000600198 -0.00059672 2.31827e-06 -0.00059672 2.31828e-06 -0.000596719 0.000600195 2.31827e-06 0.000600194 -0.000596715 0.000600191 -0.000596712 2.31825e-06 2.31822e-06 0.000534147 
0.000565137 1.18967e-06 2.37935e-06 1.18968e-06 2.37937e-06 1.18969e-06 2.37937e-06 2.37938e-06 1.18968e-06 2.37936e-06 2.37936e-06 0.000616013 2.37937e-06 1.18969e-06 2.37937e-06 0.000616011 1.18968e-06 0.000616011 -0.000612442 2.37935e-06 -0.000612442 2.37936e-06 -0.000612441 0.000616008 2.37935e-06 0.000616007 -0.000612437 0.000616004 -0.000612434 2.37933e-06 2.37929e-06 0.000548199 
0.00057962 1.22022e-06 2.44044e-06 1.22022e-06 2.44046e-06 1.22023e-06 2.44045e-06 2.44047e-06 1.22023e-06 2.44045e-06 2.44045e-06 0.000631828 2.44045e-06 1.22023e-06 2.44046e-06 0.000631826 1.22023e-06 0.000631826 -0.000628165 2.44044e-06 -0.000628165 2.44044e-06 -0.000628164 0.000631823 2.44043e-06 0.000631822 -0.00062816 0.000631819 -0.000628157 2.44041e-06 2.44037e-06 0.000562253 
0.000594105 1.25076e-06 2.50153e-06 1.25076e-06 2.50155e-06 1.25078e-06 2.50154e-06 2.50156e-06 1.25077e-06 2.50153e-06 2.50154e-06 0.000647644 2.50154e-06 1.25077e-06 2.50155e-06 0.000647642 1.25077e-06 0.000647642 -0.000643889 2.50152e-06 -0.000643889 2.50153e-06 -0.000643888 0.000647638 2.50152e-06 0.000647637 -0.000643884 0.000647634 -0.000643881 2.5015e-06 2.50146e-06 0.000576302 
0.000608591 1.28131e-06 2.56262e-06 1.28131e-06 2.56264e-06 1.28132e-06 2.56263e-06 2.56265e-06 1.28132e-06 2.56263e-06 2.56263e-06 0.00066346 2.56263e-06 1.28132e-06 2.56264e-06 0.000663458 1.28132e-06 0.000663459 -0.000659614 2.56262e-06 -0.000659614 2.56262e-06 -0.000659613 0.000663455 2.56262e-06 0.000663454 -0.000659609 0.00066345 -0.000659605 2.56259e-06 2.56255e-06 0.000590356 
0.000623084 1.31185e-06 2.62371e-06 1.31186e-06 2.62374e-06 1.31187e-06 2.62373e-06 2.62374e-06 1.31186e-06 2.62372e-06 2.62373e-06 0.000679278 2.62373e-06 1.31187e-06 2.62374e-06 0.000679276 1.31187e-06 0.000679276 -0.00067534 2.62371e-06 -0.00067534 2.62372e-06 -0.000675338 0.000679272 2.62371e-06 0.000679271 -0.000675334 0.000679268 -0.000675331 2.62368e-06 2.62364e-06 0.000604408 
0.000637577 1.3424e-06 2.68481e-06 1.34241e-06 2.68484e-06 1.34242e-06 2.68483e-06 2.68484e-06 1.34242e-06 2.68482e-06 2.68483e-06 0.000695097 2.68483e-06 1.34242e-06 2.68484e-06 0.000695095 1.34242e-06 0.000695095 -0.000691067 2.68481e-06 -0.000691067 2.68482e-06 -0.000691065 0.000695091 2.68481e-06 0.000695089 -0.000691061 0.000695086 -0.000691058 2.68478e-06 2.68474e-06 0.000618459 
0.000652075 1.37296e-06 2.74592e-06 1.37296e-06 2.74594e-06 1.37298e-06 2.74594e-06 2.74595e-06 1.37297e-06 2.74593e-06 2.74593e-06 0.000710917 2.74594e-06 1.37297e-06 2.74594e-06 0.000710915 1.37297e-06 0.000710915 -0.000706796 2.74592e-06 -0.000706795 2.74592e-06 -0.000706793 0.000710911 2.74592e-06 0.000710909 -0.000706789 0.000710906 -0.000706786 2.74589e-06 2.74584e-06 0.000632512 
0.000666572 1.40351e-06 2.80703e-06 1.40351e-06 2.80705e-06 1.40353e-06 2.80704e-06 2.80706e-06 1.40352e-06 2.80704e-06 2.80704e-06 0.000726738 2.80704e-06 1.40352e-06 2.80705e-06 0.000726735 1.40352e-06 0.000726736 -0.000722525 2.80702e-06 -0.000722525 2.80703e-06 -0.000722522 0.000726731 2.80702e-06 0.000726729 -0.000722518 0.000726726 -0.000722514 2.80699e-06 2.80694e-06 0.000646565 
0.000681066 1.43407e-06 2.86814e-06 1.43407e-06 2.86817e-06 1.43409e-06 2.86816e-06 2.86817e-06 1.43408e-06 2.86815e-06 2.86815e-06 0.00074256 2.86816e-06 1.43408e-06 2.86817e-06 0.000742557 1.43408e-06 0.000742557 -0.000738255 2.86814e-06 -0.000738255 2.86814e-06 -0.000738252 0.000742553 2.86813e-06 0.000742551 -0.000738248 0.000742548 -0.000738244 2.8681e-06 2.86805e-06 0.000660621 
0.000695575 1.46462e-06 2.92925e-06 1.46463e-06 2.92928e-06 1.46464e-06 2.92927e-06 2.92929e-06 1.46464e-06 2.92926e-06 2.92927e-06 0.000758383 2.92927e-06 1.46464e-06 2.92928e-06 0.00075838 1.46464e-06 0.00075838 -0.000753986 2.92925e-06 -0.000753986 2.92926e-06 -0.000753983 0.000758376 2.92925e-06 0.000758373 -0.000753978 0.00075837 -0.000753975 2.92921e-06 2.92916e-06 0.000674674 
0.000710077 1.49518e-06 2.99037e-06 1.49519e-06 2.9904e-06 1.4952e-06 2.99039e-06 2.99041e-06 1.4952e-06 2.99038e-06 2.99039e-06 0.000774207 2.99039e-06 1.4952e-06 2.9904e-06 0.000774203 1.4952e-06 0.000774204 -0.000769718 2.99037e-06 -0.000769718 2.99038e-06 -0.000769715 0.0007742 2.99037e-06 0.000774197 -0.00076971 0.000774193 -0.000769706 2.99033e-06 2.99028e-06 0.000688734 
0.000724565 1.52575e-06 3.0515e-06 1.52575e-06 3.05153e-06 1.52577e-06 3.05152e-06 3.05153e-06 1.52576e-06 3.05151e-06 3.05151e-06 0.000790031 3.05152e-06 1.52576e-06 3.05153e-06 0.000790028 1.52576e-06 0.000790029 -0.000785451 3.05149e-06 -0.000785451 3.0515e-06 -0.000785448 0.000790024 3.05149e-06 0.000790021 -0.000785443 0.000790018 -0.000785439 3.05145e-06 3.05139e-06 0.00070279 
0.000739067 1.55631e-06 3.11262e-06 1.55631e-06 3.11265e-06 1.55633e-06 3.11265e-06 3.11266e-06 1.55632e-06 3.11263e-06 3.11264e-06 0.000805857 3.11264e-06 1.55632e-06 3.11266e-06 0.000805853 1.55632e-06 0.000805855 -0.000801185 3.11262e-06 -0.000801185 3.11263e-06 -0.000801182 0.00080585 3.11262e-06 0.000805847 -0.000801177 0.000805843 -0.000801172 3.11258e-06 3.11252e-06 0.00071685 
0.00075357 1.58687e-06 3.17376e-06 1.58688e-06 3.17378e-06 1.5869e-06 3.17378e-06 3.17379e-06 1.58689e-06 3.17377e-06 3.17377e-06 0.000821684 3.17378e-06 1.58689e-06 3.17379e-06 0.00082168 1.58689e-06 0.000821682 -0.00081692 3.17375e-06 -0.00081692 3.17376e-06 -0.000816917 0.000821677 3.17375e-06 0.000821673 -0.000816911 0.000821669 -0.000816907 3.17371e-06 3.17364e-06 0.000730907 
0.000768074 1.61744e-06 3.23489e-06 1.61745e-06 3.23492e-06 1.61746e-06 3.23491e-06 3.23493e-06 1.61745e-06 3.2349e-06 3.23491e-06 0.000837511 3.23491e-06 1.61746e-06 3.23492e-06 0.000837508 1.61746e-06 0.000837509 -0.000832656 3.23488e-06 -0.000832656 3.23489e-06 -0.000832653 0.000837505 3.23488e-06 0.0008375 -0.000832647 0.000837496 -0.000832642 3.23484e-06 3.23478e-06 0.000744975 
0.00078258 1.64801e-06 3.29603e-06 1.64802e-06 3.29606e-06 1.64803e-06 3.29605e-06 3.29606e-06 1.64802e-06 3.29604e-06 3.29605e-06 0.00085334 3.29605e-06 1.64803e-06 3.29606e-06 0.000853336 1.64803e-06 0.000853338 -0.000848393 3.29602e-06 -0.000848393 3.29603e-06 -0.00084839 0.000853333 3.29602e-06 0.000853328 -0.000848384 0.000853324 -0.000848379 3.29598e-06 3.29591e-06 0.000759041 
0.000797079 1.67858e-06 3.35717e-06 1.67859e-06 3.3572e-06 1.6786e-06 3.35719e-06 3.35721e-06 1.67859e-06 3.35718e-06 3.35719e-06 0.000869169 3.35719e-06 1.6786e-06 3.3572e-06 0.000869165 1.6786e-06 0.000869167 -0.000864131 3.35716e-06 -0.000864131 3.35718e-06 -0.000864127 0.000869163 3.35716e-06 0.000869158 -0.000864121 0.000869153 -0.000864116 3.35712e-06 3.35705e-06 0.000773102 
0.000811581 1.70915e-06 3.41832e-06 1.70916e-06 3.41834e-06 1.70918e-06 3.41834e-06 3.41835e-06 1.70917e-06 3.41833e-06 3.41834e-06 0.000885 3.41834e-06 1.70917e-06 3.41835e-06 0.000884996 1.70917e-06 0.000884998 -0.00087987 3.41831e-06 -0.00087987 3.41832e-06 -0.000879866 0.000884994 3.41831e-06 0.000884988 -0.00087986 0.000884983 -0.000879854 3.41826e-06 3.41819e-06 0.00078717 
0.000826085 1.73973e-06 3.47947e-06 1.73973e-06 3.47949e-06 1.73975e-06 3.47949e-06 3.4795e-06 1.73974e-06 3.47948e-06 3.47949e-06 0.000900831 3.47949e-06 1.73975e-06 3.4795e-06 0.000900827 1.73974e-06 0.000900829 -0.000895609 3.47946e-06 -0.00089561 3.47947e-06 -0.000895605 0.000900825 3.47945e-06 0.000900819 -0.0008956 0.000900814 -0.000895593 3.47941e-06 3.47933e-06 0.000801241 
0.000840593 1.7703e-06 3.54062e-06 1.77031e-06 3.54064e-06 1.77033e-06 3.54064e-06 3.54065e-06 1.77032e-06 3.54063e-06 3.54064e-06 0.000916663 3.54064e-06 1.77032e-06 3.54065e-06 0.000916659 1.77032e-06 0.000916661 -0.00091135 3.54061e-06 -0.000911351 3.54063e-06 -0.000911346 0.000916658 3.54061e-06 0.000916651 -0.00091134 0.000916646 -0.000911333 3.54056e-06 3.54048e-06 0.000815313 
0.000855102 1.80088e-06 3.60178e-06 1.80089e-06 3.6018e-06 1.80091e-06 3.6018e-06 3.60181e-06 1.80089e-06 3.60179e-06 3.6018e-06 0.000932497 3.6018e-06 1.8009e-06 3.60181e-06 0.000932493 1.8009e-06 0.000932495 -0.000927092 3.60177e-06 -0.000927093 3.60178e-06 -0.000927087 0.000932491 3.60176e-06 0.000932484 -0.000927081 0.000932479 -0.000927074 3.60171e-06 3.60164e-06 0.00082938 
0.000869609 1.83146e-06 3.66294e-06 1.83147e-06 3.66296e-06 1.83149e-06 3.66296e-06 3.66297e-06 1.83147e-06 3.66295e-06 3.66296e-06 0.000948331 3.66296e-06 1.83148e-06 3.66297e-06 0.000948327 1.83148e-06 0.000948329 -0.000942834 3.66293e-06 -0.000942836 3.66295e-06 -0.00094283 0.000948326 3.66292e-06 0.000948318 -0.000942824 0.000948313 -0.000942816 3.66287e-06 3.66279e-06 0.000843451 
0.000884113 1.86204e-06 3.7241e-06 1.86205e-06 3.72412e-06 1.86207e-06 3.72413e-06 3.72414e-06 1.86206e-06 3.72411e-06 3.72412e-06 0.000964166 3.72413e-06 1.86207e-06 3.72414e-06 0.000964162 1.86206e-06 0.000964164 -0.000958577 3.72409e-06 -0.000958579 3.72411e-06 -0.000958573 0.000964161 3.72408e-06 0.000964153 -0.000958567 0.000964148 -0.000958559 3.72403e-06 3.72395e-06 0.000857514 
0.000898618 1.89262e-06 3.78527e-06 1.89263e-06 3.78529e-06 1.89265e-06 3.78529e-06 3.7853e-06 1.89264e-06 3.78528e-06 3.78529e-06 0.000980002 3.78529e-06 1.89265e-06 3.7853e-06 0.000979998 1.89265e-06 0.00098 -0.000974322 3.78526e-06 -0.000974324 3.78528e-06 -0.000974317 0.000979997 3.78525e-06 0.000979989 -0.000974311 0.000979983 -0.000974303 3.7852e-06 3.78512e-06 0.000871583 
0.000913128 1.92321e-06 3.84644e-06 1.92322e-06 3.84646e-06 1.92324e-06 3.84646e-06 3.84647e-06 1.92322e-06 3.84645e-06 3.84646e-06 0.000995839 3.84646e-06 1.92324e-06 3.84648e-06 0.000995835 1.92323e-06 0.000995838 -0.000990067 3.84643e-06 -0.000990069 3.84645e-06 -0.000990061 0.000995834 3.84642e-06 0.000995826 -0.000990056 0.00099582 -0.000990048 3.84637e-06 3.84628e-06 0.000885654 
0.000927642 1.95379e-06 3.90761e-06 1.95381e-06 3.90763e-06 1.95382e-06 3.90764e-06 3.90765e-06 1.95381e-06 3.90763e-06 3.90764e-06 0.00101168 3.90764e-06 1.95382e-06 3.90765e-06 0.00101167 1.95382e-06 0.00101168 -0.00100581 3.9076e-06 -0.00100581 3.90763e-06 -0.00100581 0.00101167 3.90759e-06 0.00101166 -0.0010058 0.00101166 -0.00100579 3.90754e-06 3.90745e-06 0.000899718 
0.000942152 1.98438e-06 3.96878e-06 1.98439e-06 3.96881e-06 1.98441e-06 3.96882e-06 3.96883e-06 1.9844e-06 3.9688e-06 3.96881e-06 0.00102751 3.96882e-06 1.98441e-06 3.96883e-06 0.00102751 1.98441e-06 0.00102751 -0.00102156 3.96878e-06 -0.00102156 3.9688e-06 -0.00102155 0.00102751 3.96877e-06 0.0010275 -0.00102155 0.00102749 -0.00102154 3.96871e-06 3.96862e-06 0.000913786 
0.000956657 2.01497e-06 4.02996e-06 2.01498e-06 4.02999e-06 2.015e-06 4.03e-06 4.03001e-06 2.01499e-06 4.02998e-06 4.02999e-06 0.00104335 4.03e-06 2.015e-06 4.03001e-06 0.00104335 2.015e-06 0.00104335 -0.00103731 4.02996e-06 -0.00103731 4.02998e-06 -0.0010373 0.00104335 4.02995e-06 0.00104334 -0.00103729 0.00104333 -0.00103729 4.02989e-06 4.0298e-06 0.00092787 
0.000971171 2.04556e-06 4.09115e-06 2.04558e-06 4.09117e-06 2.04559e-06 4.09118e-06 4.09119e-06 2.04558e-06 4.09117e-06 4.09118e-06 0.00105919 4.09118e-06 2.04559e-06 4.09119e-06 0.00105919 2.04559e-06 0.00105919 -0.00105306 4.09115e-06 -0.00105306 4.09117e-06 -0.00105305 0.00105919 4.09113e-06 0.00105918 -0.00105304 0.00105917 -0.00105303 4.09107e-06 4.09097e-06 0.000941941 
0.000985682 2.07615e-06 4.15233e-06 2.07617e-06 4.15236e-06 2.07619e-06 4.15236e-06 4.15238e-06 2.07617e-06 4.15235e-06 4.15236e-06 0.00107503 4.15236e-06 2.07619e-06 4.15238e-06 0.00107503 2.07618e-06 0.00107503 -0.00106881 4.15233e-06 -0.00106881 4.15235e-06 -0.0010688 0.00107503 4.15231e-06 0.00107502 -0.00106879 0.00107501 -0.00106878 4.15226e-06 4.15216e-06 0.000956013 
0.0010002 2.10675e-06 4.21352e-06 2.10676e-06 4.21355e-06 2.10678e-06 4.21355e-06 4.21357e-06 2.10677e-06 4.21354e-06 4.21355e-06 0.00109088 4.21355e-06 2.10678e-06 4.21357e-06 0.00109087 2.10678e-06 0.00109088 -0.00108456 4.21352e-06 -0.00108456 4.21354e-06 -0.00108455 0.00109087 4.2135e-06 0.00109086 -0.00108454 0.00109086 -0.00108453 4.21344e-06 4.21334e-06 0.000970085 
0.00101472 2.13734e-06 4.27471e-06 2.13736e-06 4.27474e-06 2.13738e-06 4.27474e-06 4.27476e-06 2.13736e-06 4.27474e-06 4.27474e-06 0.00110672 4.27474e-06 2.13738e-06 4.27476e-06 0.00110672 2.13738e-06 0.00110672 -0.00110031 4.27471e-06 -0.00110031 4.27473e-06 -0.0011003 0.00110671 4.27469e-06 0.00110671 -0.00110029 0.0011067 -0.00110028 4.27463e-06 4.27453e-06 0.000984159 
0.00102923 2.16794e-06 4.3359e-06 2.16796e-06 4.33593e-06 2.16798e-06 4.33594e-06 4.33595e-06 2.16796e-06 4.33593e-06 4.33594e-06 0.00112256 4.33594e-06 2.16797e-06 4.33595e-06 0.00112256 2.16797e-06 0.00112256 -0.00111606 4.3359e-06 -0.00111606 4.33592e-06 -0.00111605 0.00112256 4.33588e-06 0.00112255 -0.00111604 0.00112254 -0.00111603 4.33582e-06 4.33572e-06 0.000998239 
0.00104374 2.19853e-06 4.3971e-06 2.19855e-06 4.39712e-06 2.19857e-06 4.39713e-06 4.39715e-06 2.19856e-06 4.39713e-06 4.39713e-06 0.0011384 4.39713e-06 2.19857e-06 4.39715e-06 0.0011384 2.19857e-06 0.0011384 -0.00113181 4.3971e-06 -0.00113181 4.39712e-06 -0.0011318 0.0011384 4.39708e-06 0.00113839 -0.00113179 0.00113838 -0.00113179 4.39702e-06 4.39691e-06 0.00101232 
0.00105826 2.22913e-06 4.45829e-06 2.22915e-06 4.45832e-06 2.22917e-06 4.45833e-06 4.45834e-06 2.22915e-06 4.45832e-06 4.45833e-06 0.00115425 4.45833e-06 2.22917e-06 4.45835e-06 0.00115425 2.22917e-06 0.00115425 -0.00114756 4.4583e-06 -0.00114756 4.45832e-06 -0.00114756 0.00115425 4.45827e-06 0.00115424 -0.00114754 0.00115423 -0.00114754 4.45822e-06 4.4581e-06 0.0010264 
0.00107278 2.25973e-06 4.51949e-06 2.25975e-06 4.51952e-06 2.25977e-06 4.51953e-06 4.51954e-06 2.25975e-06 4.51952e-06 4.51953e-06 0.00117009 4.51953e-06 2.25977e-06 4.51955e-06 0.00117009 2.25977e-06 0.00117009 -0.00116331 4.5195e-06 -0.00116331 4.51952e-06 -0.00116331 0.00117009 4.51947e-06 0.00117008 -0.0011633 0.00117007 -0.00116329 4.51942e-06 4.51929e-06 0.00104048 
0.0010873 2.29033e-06 4.58069e-06 2.29035e-06 4.58072e-06 2.29037e-06 4.58073e-06 4.58074e-06 2.29036e-06 4.58073e-06 4.58073e-06 0.00118594 4.58073e-06 2.29037e-06 4.58075e-06 0.00118594 2.29037e-06 0.00118594 -0.00117907 4.5807e-06 -0.00117907 4.58072e-06 -0.00117906 0.00118594 4.58068e-06 0.00118593 -0.00117905 0.00118592 -0.00117904 4.58062e-06 4.58049e-06 0.00105456 
0.00110182 2.32093e-06 4.6419e-06 2.32096e-06 4.64192e-06 2.32098e-06 4.64193e-06 4.64195e-06 2.32096e-06 4.64193e-06 4.64194e-06 0.00120178 4.64194e-06 2.32097e-06 4.64195e-06 0.00120178 2.32098e-06 0.00120179 -0.00119482 4.64191e-06 -0.00119482 4.64192e-06 -0.00119481 0.00120178 4.64188e-06 0.00120177 -0.0011948 0.00120176 -0.0011948 4.64182e-06 4.64169e-06 0.00106864 
0.00111634 2.35154e-06 4.7031e-06 2.35156e-06 4.70313e-06 2.35158e-06 4.70314e-06 4.70315e-06 2.35156e-06 4.70314e-06 4.70314e-06 0.00121763 4.70314e-06 2.35158e-06 4.70316e-06 0.00121763 2.35158e-06 0.00121763 -0.00121058 4.70311e-06 -0.00121058 4.70313e-06 -0.00121057 0.00121763 4.70309e-06 0.00121762 -0.00121056 0.00121761 -0.00121055 4.70303e-06 4.70289e-06 0.00108272 
0.00113086 2.38214e-06 4.76431e-06 2.38216e-06 4.76434e-06 2.38218e-06 4.76434e-06 -2.60322e-06 2.38217e-06 4.76435e-06 4.76435e-06 0.00123348 4.76435e-06 2.38218e-06 4.76437e-06 0.00123347 2.38218e-06 0.00123348 -0.00122633 4.76432e-06 -0.00122633 4.76433e-06 -0.00122632 0.00123348 4.76429e-06 0.00123346 -0.00122631 0.00123345 -0.00122631 4.76424e-06 4.76409e-06 0.00109681 
0.00114539 2.41274e-06 4.82552e-06 2.41277e-06 4.82555e-06 2.41279e-06 4.82555e-06 -1.83259e-05 2.41277e-06 4.82556e-06 4.82556e-06 0.00124932 4.82556e-06 2.41279e-06 4.82557e-06 0.00124932 2.41279e-06 0.00124933 -0.00124209 4.82553e-06 -0.00124209 4.82554e-06 -0.00124208 0.00124932 4.8255e-06 0.00124931 -0.00124207 0.0012493 -0.00124206 4.82544e-06 4.8253e-06 0.00111089 
0.00115991 2.44335e-06 4.88673e-06 2.44337e-06 4.88676e-06 2.44339e-06 4.88676e-06 -3.40494e-05 2.44338e-06 4.88677e-06 4.88677e-06 0.00126517 4.88677e-06 2.44339e-06 4.88678e-06 0.00126517 2.44339e-06 0.00126517 -0.00125784 4.88674e-06 -0.00125784 4.88675e-06 -0.00125783 0.00126517 4.88671e-06 0.00126516 -0.00125782 0.00126515 -0.00125782 4.88665e-06 4.8865e-06 0.00112497 
0.00117443 2.47395e-06 4.94794e-06 2.47398e-06 4.94797e-06 2.474e-06 4.94797e-06 -4.97737e-05 2.47398e-06 4.94798e-06 4.94798e-06 0.00128102 4.94798e-06 2.474e-06 4.948e-06 0.00128102 2.474e-06 0.00128102 -0.0012736 4.94795e-06 -0.0012736 4.94797e-06 -0.00127359 0.00128102 4.94792e-06 0.00128101 -0.00127358 0.00128099 -0.00127357 4.94786e-06 4.94771e-06 0.00113904 
0.00118896 2.50456e-06 5.00915e-06 2.50458e-06 5.00918e-06 2.5046e-06 5.00919e-06 -6.54988e-05 2.50459e-06 5.0092e-06 5.00919e-06 0.00129687 5.00919e-06 2.5046e-06 5.00921e-06 0.00129686 2.5046e-06 0.00129687 -0.00128935 5.00917e-06 -0.00128935 5.00918e-06 -0.00128934 0.00129687 5.00914e-06 0.00129685 -0.00128934 0.00129684 -0.00128933 5.00907e-06 5.00892e-06 0.00115313 
0.00120348 2.53516e-06 5.07036e-06 2.53519e-06 5.07039e-06 2.53521e-06 5.0704e-06 -8.12246e-05 2.53519e-06 5.07041e-06 5.07041e-06 0.00131271 5.07041e-06 2.53521e-06 5.07042e-06 0.00131271 2.53521e-06 0.00131271 -0.00130511 5.07038e-06 -0.00130511 5.07039e-06 -0.0013051 0.00131271 5.07035e-06 0.0013127 -0.00130509 0.00131269 -0.00130508 5.07028e-06 5.07012e-06 0.0011672 
0.001218 2.56576e-06 5.13158e-06 2.56579e-06 5.1316e-06 2.56581e-06 5.13161e-06 -9.69512e-05 2.5658e-06 5.13162e-06 5.13162e-06 0.00132856 5.13162e-06 2.56581e-06 5.13163e-06 0.00132856 2.56582e-06 0.00132856 -0.00132086 5.13159e-06 -0.00132086 5.1316e-06 -0.00132085 0.00132856 5.13156e-06 0.00132855 -0.00132085 0.00132853 -0.00132084 5.13148e-06 5.13133e-06 0.00118128 
0.00123252 2.59637e-06 5.19279e-06 2.5964e-06 5.19281e-06 2.59642e-06 5.19282e-06 -0.000112678 2.5964e-06 5.19283e-06 5.19283e-06 0.00134441 5.19283e-06 2.59642e-06 5.19284e-06 0.00134441 2.59642e-06 0.00134441 -0.00133662 5.1928e-06 -0.00133662 5.19281e-06 -0.00133661 0.00134441 5.19277e-06 0.00134439 -0.0013366 0.00134438 -0.00133659 5.19269e-06 5.19253e-06 0.00119536 
0.00124705 2.62697e-06 5.254e-06 2.62701e-06 5.25402e-06 2.62703e-06 5.25404e-06 -0.000128406 2.62701e-06 5.25404e-06 5.25404e-06 0.00136026 5.25404e-06 2.62702e-06 5.25405e-06 0.00136025 2.62703e-06 0.00136026 -0.00135237 5.25401e-06 -0.00135238 5.25402e-06 -0.00135237 0.00136026 5.25398e-06 0.00136024 -0.00135236 0.00136023 -0.00135235 5.2539e-06 5.25374e-06 0.00120944 
0.00126157 2.65758e-06 5.31521e-06 2.65761e-06 5.31523e-06 2.65763e-06 5.31525e-06 -0.000144135 2.65762e-06 5.31525e-06 5.31525e-06 0.0013761 5.31526e-06 2.65763e-06 5.31526e-06 0.0013761 2.65764e-06 0.0013761 -0.00136813 5.31522e-06 -0.00136813 5.31523e-06 -0.00136812 0.00137611 5.31519e-06 0.00137609 -0.00136811 0.00137608 -0.0013681 5.31511e-06 5.31494e-06 0.00122352 
0.00127608 2.68818e-06 5.37642e-06 2.68822e-06 5.37644e-06 2.68824e-06 5.37645e-06 -0.000159864 2.68822e-06 5.37646e-06 5.37647e-06 0.00139195 5.37647e-06 2.68823e-06 5.37648e-06 0.00139195 2.68824e-06 0.00139195 -0.00138389 5.37643e-06 -0.00138389 5.37644e-06 -0.00138388 0.00139195 5.3764e-06 0.00139194 -0.00138387 0.00139192 -0.00138386 5.37631e-06 5.37615e-06 0.0012376 
0.00129061 2.71879e-06 5.43763e-06 2.71882e-06 5.43765e-06 2.71884e-06 5.43766e-06 -0.000175594 2.71883e-06 5.43767e-06 5.43768e-06 0.0014078 5.43768e-06 2.71884e-06 5.43769e-06 0.00140779 2.71885e-06 0.0014078 -0.00139964 5.43764e-06 -0.00139964 5.43765e-06 -0.00139963 0.0014078 5.43761e-06 0.00140778 -0.00139962 0.00140777 -0.00139961 5.43752e-06 5.43735e-06 0.00125168 
0.00130512 2.74939e-06 5.49883e-06 2.74942e-06 5.49886e-06 2.74945e-06 5.49887e-06 -0.000191324 2.74943e-06 5.49888e-06 5.49889e-06 0.00142364 5.49888e-06 2.74944e-06 5.4989e-06 0.00142364 2.74945e-06 0.00142364 -0.00141539 5.49885e-06 -0.0014154 5.49886e-06 -0.00141539 0.00142365 5.49882e-06 0.00142363 -0.00141538 0.00142362 -0.00141537 5.49873e-06 5.49856e-06 0.00126576 
0.00131964 2.77999e-06 5.56004e-06 2.78003e-06 5.56006e-06 2.78005e-06 5.56008e-06 -0.000207055 2.78003e-06 5.56009e-06 5.56009e-06 0.00143949 5.56009e-06 2.78004e-06 5.5601e-06 0.00143949 2.78005e-06 0.00143949 -0.00143115 5.56006e-06 -0.00143115 5.56007e-06 -0.00143114 0.00143949 5.56002e-06 0.00143947 -0.00143113 0.00143946 -0.00143112 5.55993e-06 5.55976e-06 0.00127984 
0.00133415 2.81059e-06 5.62124e-06 2.81063e-06 5.62127e-06 2.81066e-06 5.62128e-06 -0.000222786 2.81064e-06 5.6213e-06 5.6213e-06 0.00145534 5.6213e-06 2.81065e-06 5.62131e-06 0.00145533 2.81066e-06 0.00145534 -0.0014469 5.62126e-06 -0.00144691 5.62127e-06 -0.00144689 0.00145534 5.62122e-06 0.00145532 -0.00144689 0.00145531 -0.00144687 5.62113e-06 5.62096e-06 0.00129391 
0.00134867 2.8412e-06 5.68245e-06 2.84123e-06 5.68247e-06 2.84126e-06 5.68249e-06 -0.000238517 2.84124e-06 5.6825e-06 5.6825e-06 0.00147118 5.6825e-06 2.84125e-06 5.68251e-06 0.00147118 2.84126e-06 0.00147118 -0.00146266 5.68246e-06 -0.00146266 5.68247e-06 -0.00146265 0.00147118 5.68242e-06 0.00147116 -0.00146264 0.00147115 -0.00146263 5.68233e-06 5.68215e-06 0.00130799 
0.00136319 2.8718e-06 5.74365e-06 2.87183e-06 5.74367e-06 2.87186e-06 5.74369e-06 -0.000254249 2.87184e-06 5.74371e-06 5.7437e-06 0.00148703 5.7437e-06 2.87185e-06 5.74371e-06 0.00148702 2.87186e-06 0.00148703 -0.00147841 5.74366e-06 -0.00147841 5.74367e-06 -0.0014784 0.00148703 5.74362e-06 0.00148701 -0.00147839 0.00148699 -0.00147838 5.74353e-06 5.74335e-06 0.00132206 
0.00137771 2.9024e-06 5.80484e-06 2.90243e-06 5.80487e-06 2.90246e-06 5.80489e-06 -0.000269982 2.90244e-06 5.80491e-06 5.8049e-06 0.00150287 5.8049e-06 2.90245e-06 5.80491e-06 0.00150287 2.90246e-06 0.00150287 -0.00149416 5.80486e-06 -0.00149416 5.80487e-06 -0.00149415 0.00150287 5.80482e-06 0.00150285 -0.00149414 0.00150284 -0.00149413 5.80472e-06 5.80454e-06 0.00133614 
0.00139223 2.93299e-06 5.86604e-06 2.93303e-06 5.86607e-06 2.93306e-06 5.86608e-06 -0.000285714 2.93304e-06 5.86611e-06 5.8661e-06 0.00151871 5.8661e-06 2.93305e-06 5.86611e-06 0.00151871 2.93306e-06 0.00151871 -0.00150991 5.86606e-06 -0.00150992 5.86607e-06 -0.0015099 0.00151871 5.86601e-06 0.00151869 -0.00150989 0.00151868 -0.00150988 5.86591e-06 5.86573e-06 0.00135021 
0.00140674 2.96359e-06 5.92724e-06 2.96363e-06 5.92726e-06 2.96366e-06 5.92728e-06 -0.000301447 2.96363e-06 5.9273e-06 5.9273e-06 0.00153456 5.92729e-06 2.96365e-06 5.9273e-06 0.00153455 2.96366e-06 0.00153456 -0.00152566 5.92725e-06 -0.00152567 5.92726e-06 -0.00152565 0.00153456 5.92721e-06 0.00153454 -0.00152565 0.00153452 -0.00152563 5.9271e-06 5.92692e-06 0.00136428 
0.00142127 2.99419e-06 5.98843e-06 2.99423e-06 5.98846e-06 2.99425e-06 5.98847e-06 -0.00031718 2.99423e-06 5.98849e-06 5.98849e-06 0.0015504 5.98849e-06 2.99425e-06 5.9885e-06 0.0015504 2.99425e-06 0.0015504 -0.00154142 5.98844e-06 -0.00154142 5.98845e-06 -0.0015414 0.0015504 5.9884e-06 0.00155038 -0.0015414 0.00155036 -0.00154138 5.98829e-06 5.9881e-06 0.00137835 
0.0014358 3.02478e-06 6.04962e-06 3.02482e-06 6.04965e-06 3.02485e-06 6.04966e-06 -0.000332914 3.02483e-06 6.04969e-06 6.04968e-06 0.00156624 6.04968e-06 3.02484e-06 6.04969e-06 0.00156624 3.02485e-06 0.00156624 -0.00155717 6.04963e-06 -0.00155717 6.04964e-06 -0.00155715 0.00156624 6.04958e-06 0.00156622 -0.00155715 0.00156621 -0.00155713 6.04948e-06 6.04929e-06 0.00139243 
0.00145117 3.05538e-06 6.11082e-06 3.05542e-06 6.11084e-06 3.05545e-06 6.11085e-06 -0.000348647 3.05542e-06 6.11088e-06 6.11087e-06 0.00158208 6.11087e-06 3.05544e-06 6.11088e-06 0.00158208 3.05544e-06 0.00158208 -0.00157292 6.11082e-06 -0.00157292 6.11083e-06 -0.0015729 0.00158208 6.11077e-06 0.00158206 -0.0015729 0.00158205 -0.00157288 6.11067e-06 6.11047e-06 0.00140741 
