0 0 0 0 0 0 0 0 0 0 0 0 0 0 0 0 0 0 0 0 0 0 0 0 0 0 0 0 0 0 0 0 
-0.00293861 -0.00707968 -0.00704943 -0.00707968 -0.00706396 -0.00707968 -0.00704943 -0.00704943 -0.00707968 -0.00706396 -0.00706396 -0.00706515 -0.00706396 -0.00706515 -0.00706396 -0.00707968 -0.00706515 -0.00707968 -0.00706396 -0.00706396 -0.00706396 -0.00704943 -0.00706396 -0.00707968 -0.00706396 -0.00707968 -0.00704943 -0.00706515 -0.00704943 -0.00706396 -0.00706396 -0.00302482 
-0.00571477 -0.0137881 -0.0137276 -0.0137881 -0.0137567 -0.0137881 -0.0137276 -0.0137276 -0.0137881 -0.0137567 -0.0137567 -0.0137591 -0.0137567 -0.0137591 -0.0137567 -0.0137881 -0.0137591 -0.0137881 -0.0137567 -0.0137567 -0.0137567 -0.0137276 -0.0137567 -0.0137881 -0.0137567 -0.0137881 -0.0137276 -0.0137591 -0.0137276 -0.0137567 -0.0137567 -0.00589949 
-0.0084924 -0.0204967 -0.020406 -0.0204967 -0.0204496 -0.0204967 -0.020406 -0.020406 -0.0204967 -0.0204496 -0.0204496 -0.0204531 -0.0204496 -0.0204531 -0.0204496 -0.0204967 -0.0204531 -0.0204967 -0.0204496 -0.0204496 -0.0204496 -0.020406 -0.0204496 -0.0204967 -0.0204496 -0.0204967 -0.020406 -0.0204531 -0.020406 -0.0204496 -0.0204495 -0.00877284 
-0.0112693 -0.027205 -0.0270839 -0.0272049 -0.0271421 -0.027205 -0.027084 -0.027084 -0.027205 -0.0271421 -0.0271421 -0.0271469 -0.0271421 -0.0271469 -0.0271421 -0.027205 -0.0271469 -0.027205 -0.0271421 -0.0271421 -0.0271421 -0.027084 -0.0271421 -0.027205 -0.0271421 -0.027205 -0.027084 -0.0271469 -0.0270839 -0.0271421 -0.027142 -0.0116467 
-0.014045 -0.03391 -0.0337587 -0.03391 -0.0338314 -0.03391 -0.0337588 -0.0337588 -0.03391 -0.0338314 -0.0338314 -0.0338374 -0.0338314 -0.0338374 -0.0338315 -0.03391 -0.0338374 -0.03391 -0.0338314 -0.0338314 -0.0338315 -0.0337588 -0.0338314 -0.03391 -0.0338314 -0.03391 -0.0337588 -0.0338374 -0.0337587 -0.0338314 -0.0338314 -0.0145189 
-0.0168224 -0.0406176 -0.040436 -0.0406176 -0.0405233 -0.0406176 -0.0404361 -0.0404361 -0.0406176 -0.0405233 -0.0405233 -0.0405305 -0.0405233 -0.0405305 -0.0405233 -0.0406176 -0.0405304 -0.0406176 -0.0405233 -0.0405233 -0.0405233 -0.0404361 -0.0405233 -0.0406176 -0.0405232 -0.0406176 -0.0404361 -0.0405304 -0.040436 -0.0405232 -0.0405232 -0.0173916 
-0.0196004 -0.0473261 -0.0471143 -0.0473261 -0.0472161 -0.0473261 -0.0471144 -0.0471144 -0.0473262 -0.0472161 -0.0472161 -0.0472245 -0.0472161 -0.0472244 -0.0472161 -0.0473261 -0.0472244 -0.0473261 -0.0472161 -0.0472161 -0.0472161 -0.0471144 -0.0472161 -0.0473261 -0.047216 -0.0473261 -0.0471144 -0.0472244 -0.0471143 -0.047216 -0.0472159 -0.0202646 
-0.0223784 -0.0540356 -0.0537935 -0.0540356 -0.0539099 -0.0540357 -0.0537936 -0.0537936 -0.0540357 -0.0539099 -0.0539099 -0.0539195 -0.0539099 -0.0539194 -0.0539099 -0.0540357 -0.0539194 -0.0540357 -0.0539099 -0.0539099 -0.0539099 -0.0537937 -0.0539099 -0.0540356 -0.0539098 -0.0540356 -0.0537936 -0.0539194 -0.0537935 -0.0539098 -0.0539097 -0.0231383 
-0.0251555 -0.0607444 -0.0604721 -0.0607443 -0.0606029 -0.0607445 -0.0604722 -0.0604722 -0.0607445 -0.060603 -0.0606029 -0.0606138 -0.060603 -0.0606137 -0.060603 -0.0607444 -0.0606137 -0.0607445 -0.060603 -0.060603 -0.060603 -0.0604722 -0.0606029 -0.0607444 -0.0606029 -0.0607444 -0.0604722 -0.0606137 -0.060472 -0.0606028 -0.0606027 -0.0260124 
-0.0279332 -0.0674531 -0.0671504 -0.067453 -0.0672959 -0.0674532 -0.0671506 -0.0671506 -0.0674532 -0.0672959 -0.0672959 -0.0673079 -0.0672959 -0.0673078 -0.067296 -0.0674531 -0.0673078 -0.0674532 -0.0672959 -0.0672959 -0.0672959 -0.0671506 -0.0672959 -0.0674531 -0.0672958 -0.0674531 -0.0671506 -0.0673078 -0.0671504 -0.0672957 -0.0672956 -0.0288858 
-0.0307094 -0.0741598 -0.0738269 -0.0741597 -0.0739869 -0.0741599 -0.0738271 -0.0738271 -0.0741599 -0.0739869 -0.0739869 -0.0740001 -0.0739869 -0.0740001 -0.073987 -0.0741599 -0.074 -0.0741599 -0.0739869 -0.0739869 -0.073987 -0.0738271 -0.0739869 -0.0741599 -0.0739868 -0.0741598 -0.0738271 -0.074 -0.0738269 -0.0739867 -0.0739866 -0.0317589 
-0.0334869 -0.0808678 -0.0805046 -0.0808677 -0.0806791 -0.0808679 -0.0805048 -0.0805049 -0.0808679 -0.0806792 -0.0806792 -0.0806936 -0.0806792 -0.0806935 -0.0806793 -0.0808678 -0.0806934 -0.0808679 -0.0806792 -0.0806792 -0.0806792 -0.0805049 -0.0806792 -0.0808679 -0.0806791 -0.0808678 -0.0805048 -0.0806934 -0.0805046 -0.0806789 -0.0806787 -0.034632 
-0.0362647 -0.0875773 -0.0871839 -0.0875772 -0.0873729 -0.0875775 -0.0871841 -0.0871842 -0.0875775 -0.087373 -0.087373 -0.0873886 -0.087373 -0.0873885 -0.0873731 -0.0875774 -0.0873884 -0.0875775 -0.087373 -0.087373 -0.0873731 -0.0871842 -0.087373 -0.0875775 -0.0873729 -0.0875773 -0.087184 -0.0873884 -0.0871838 -0.0873727 -0.0873725 -0.037506 
-0.0390407 -0.0942863 -0.0938626 -0.0942862 -0.0940662 -0.0942865 -0.0938629 -0.093863 -0.0942865 -0.0940663 -0.0940663 -0.0940831 -0.0940663 -0.094083 -0.0940664 -0.0942864 -0.0940829 -0.0942865 -0.0940663 -0.0940663 -0.0940664 -0.0938629 -0.0940662 -0.0942865 -0.0940661 -0.0942864 -0.0938628 -0.0940829 -0.0938625 -0.0940659 -0.0940657 -0.0403814 
-0.041818 -0.100996 -0.100542 -0.100995 -0.10076 -0.100996 -0.100542 -0.100542 -0.100996 -0.10076 -0.10076 -0.100778 -0.10076 -0.100778 -0.10076 -0.100996 -0.100778 -0.100996 -0.10076 -0.10076 -0.10076 -0.100542 -0.10076 -0.100996 -0.10076 -0.100996 -0.100542 -0.100778 -0.100541 -0.100759 -0.100759 -0.0432556 
-0.0445989 -0.107707 -0.107223 -0.107707 -0.107455 -0.107707 -0.107223 -0.107223 -0.107707 -0.107455 -0.107456 -0.107475 -0.107456 -0.107475 -0.107456 -0.107707 -0.107474 -0.107707 -0.107456 -0.107455 -0.107456 -0.107223 -0.107455 -0.107707 -0.107455 -0.107707 -0.107223 -0.107474 -0.107223 -0.107455 -0.107455 -0.0461281 
-0.0473767 -0.114418 -0.113903 -0.114418 -0.114151 -0.114418 -0.113904 -0.113904 -0.114418 -0.11415 -0.114151 -0.114171 -0.114151 -0.114171 -0.114151 -0.114418 -0.114171 -0.114418 -0.114151 -0.11415 -0.114151 -0.113904 -0.11415 -0.114418 -0.11415 -0.114418 -0.113903 -0.11417 -0.113903 -0.11415 -0.11415 -0.0490031 
-0.050155 -0.121128 -0.120583 -0.121128 -0.120845 -0.121128 -0.120584 -0.120584 -0.121129 -0.120845 -0.120845 -0.120867 -0.120845 -0.120867 -0.120846 -0.121128 -0.120867 -0.121128 -0.120845 -0.120845 -0.120845 -0.120584 -0.120845 -0.121128 -0.120845 -0.121128 -0.120583 -0.120866 -0.120583 -0.120845 -0.120844 -0.0518774 
-0.052933 -0.127841 -0.127266 -0.127841 -0.127542 -0.127841 -0.127266 -0.127266 -0.127841 -0.127542 -0.127542 -0.127565 -0.127542 -0.127565 -0.127542 -0.127841 -0.127565 -0.127841 -0.127542 -0.127542 -0.127542 -0.127266 -0.127542 -0.127841 -0.127542 -0.127841 -0.127266 -0.127564 -0.127265 -0.127541 -0.127541 -0.0547539 
-0.0557115 -0.134553 -0.133948 -0.134553 -0.134239 -0.134553 -0.133948 -0.133948 -0.134553 -0.134238 -0.134239 -0.134263 -0.134239 -0.134263 -0.134239 -0.134553 -0.134262 -0.134553 -0.134239 -0.134238 -0.134239 -0.133948 -0.134238 -0.134553 -0.134238 -0.134553 -0.133947 -0.134262 -0.133947 -0.134238 -0.134237 -0.0576293 
-0.0584914 -0.141266 -0.140631 -0.141266 -0.140936 -0.141267 -0.140631 -0.140631 -0.141267 -0.140936 -0.140936 -0.140962 -0.140936 -0.140962 -0.140937 -0.141266 -0.140961 -0.141267 -0.140936 -0.140936 -0.140936 -0.140631 -0.140936 -0.141266 -0.140936 -0.141266 -0.140631 -0.140961 -0.14063 -0.140935 -0.140935 -0.0605046 
-0.061272 -0.147978 -0.147313 -0.147979 -0.147633 -0.147979 -0.147314 -0.147314 -0.147979 -0.147633 -0.147633 -0.14766 -0.147633 -0.14766 -0.147633 -0.147979 -0.147659 -0.147979 -0.147633 -0.147633 -0.147633 -0.147313 -0.147633 -0.147979 -0.147633 -0.147979 -0.147313 -0.147659 -0.147312 -0.147632 -0.147631 -0.0633783 
-0.0640527 -0.154694 -0.153998 -0.154694 -0.154333 -0.154695 -0.153999 -0.153999 -0.154695 -0.154333 -0.154333 -0.154361 -0.154333 -0.154361 -0.154333 -0.154694 -0.15436 -0.154695 -0.154333 -0.154333 -0.154333 -0.153999 -0.154333 -0.154695 -0.154332 -0.154694 -0.153998 -0.15436 -0.153998 -0.154332 -0.154331 -0.0662546 
-0.0668332 -0.161409 -0.160683 -0.161409 -0.161032 -0.16141 -0.160683 -0.160683 -0.16141 -0.161032 -0.161032 -0.161061 -0.161032 -0.161061 -0.161032 -0.161409 -0.16106 -0.161409 -0.161032 -0.161031 -0.161032 -0.160683 -0.161032 -0.161409 -0.161031 -0.161409 -0.160682 -0.161059 -0.160682 -0.16103 -0.161029 -0.0691302 
-0.069612 -0.168122 -0.167366 -0.168122 -0.16773 -0.168123 -0.167366 -0.167367 -0.168123 -0.167729 -0.16773 -0.16776 -0.16773 -0.16776 -0.16773 -0.168122 -0.167759 -0.168123 -0.167729 -0.167729 -0.167729 -0.167366 -0.167729 -0.168122 -0.167729 -0.168122 -0.167365 -0.167758 -0.167365 -0.167728 -0.167727 -0.0720065 
-0.0723928 -0.174838 -0.174052 -0.174838 -0.17443 -0.174839 -0.174052 -0.174053 -0.174839 -0.17443 -0.17443 -0.174461 -0.17443 -0.174461 -0.17443 -0.174839 -0.174461 -0.174839 -0.17443 -0.174429 -0.17443 -0.174052 -0.17443 -0.174839 -0.174429 -0.174838 -0.174051 -0.17446 -0.174051 -0.174428 -0.174427 -0.0748831 
-0.0751743 -0.181555 -0.180738 -0.181556 -0.181131 -0.181557 -0.180739 -0.18074 -0.181556 -0.181131 -0.181132 -0.181164 -0.181132 -0.181164 -0.181132 -0.181556 -0.181163 -0.181556 -0.181131 -0.181131 -0.181131 -0.180739 -0.181131 -0.181556 -0.181131 -0.181555 -0.180738 -0.181162 -0.180737 -0.181129 -0.181128 -0.07776 
-0.0779554 -0.188273 -0.187426 -0.188274 -0.187834 -0.188275 -0.187428 -0.187428 -0.188275 -0.187834 -0.187834 -0.187868 -0.187834 -0.187868 -0.187834 -0.188274 -0.187867 -0.188274 -0.187834 -0.187833 -0.187834 -0.187427 -0.187834 -0.188274 -0.187833 -0.188274 -0.187426 -0.187866 -0.187425 -0.187832 -0.18783 -0.0806381 
-0.0807358 -0.194991 -0.194114 -0.194991 -0.194536 -0.194992 -0.194115 -0.194115 -0.194992 -0.194535 -0.194536 -0.19457 -0.194536 -0.194571 -0.194536 -0.194991 -0.19457 -0.194992 -0.194536 -0.194535 -0.194535 -0.194114 -0.194535 -0.194991 -0.194535 -0.194991 -0.194113 -0.194569 -0.194112 -0.194533 -0.194532 -0.0835162 
-0.0835168 -0.201707 -0.200799 -0.201707 -0.201236 -0.201708 -0.2008 -0.200801 -0.201708 -0.201235 -0.201236 -0.201272 -0.201236 -0.201272 -0.201236 -0.201707 -0.201271 -0.201708 -0.201236 -0.201235 -0.201236 -0.200799 -0.201236 -0.201707 -0.201235 -0.201707 -0.200799 -0.20127 -0.200798 -0.201233 -0.201232 -0.0863925 
-0.0862973 -0.208424 -0.207486 -0.208424 -0.207937 -0.208426 -0.207487 -0.207487 -0.208425 -0.207937 -0.207938 -0.207975 -0.207938 -0.207975 -0.207938 -0.208425 -0.207974 -0.208425 -0.207937 -0.207937 -0.207937 -0.207486 -0.207937 -0.208424 -0.207936 -0.208424 -0.207485 -0.207973 -0.207485 -0.207935 -0.207933 -0.0892703 
-0.0890786 -0.215144 -0.214177 -0.215145 -0.214643 -0.215146 -0.214178 -0.214178 -0.215146 -0.214642 -0.214643 -0.214681 -0.214643 -0.214681 -0.214643 -0.215145 -0.21468 -0.215146 -0.214642 -0.214642 -0.214642 -0.214177 -0.214642 -0.215145 -0.214641 -0.215145 -0.214176 -0.214679 -0.214175 -0.21464 -0.214637 -0.0921504 
-0.0918594 -0.221861 -0.220863 -0.221862 -0.221344 -0.221864 -0.220865 -0.220865 -0.221863 -0.221343 -0.221344 -0.221383 -0.221344 -0.221383 -0.221344 -0.221862 -0.221383 -0.221863 -0.221344 -0.221343 -0.221344 -0.220863 -0.221343 -0.221862 -0.221342 -0.221862 -0.220862 -0.221381 -0.220862 -0.221341 -0.221338 -0.0950278 
-0.0946412 -0.228581 -0.227552 -0.228582 -0.228048 -0.228583 -0.227554 -0.227554 -0.228582 -0.228047 -0.228048 -0.228088 -0.228048 -0.228088 -0.228048 -0.228582 -0.228088 -0.228582 -0.228047 -0.228046 -0.228047 -0.227552 -0.228047 -0.228581 -0.228046 -0.228581 -0.227551 -0.228086 -0.227551 -0.228044 -0.228042 -0.0979062 
-0.0974221 -0.235298 -0.23424 -0.235299 -0.23475 -0.235301 -0.234241 -0.234242 -0.2353 -0.234749 -0.23475 -0.234792 -0.23475 -0.234791 -0.23475 -0.2353 -0.234791 -0.2353 -0.234749 -0.234748 -0.234749 -0.23424 -0.234749 -0.235299 -0.234748 -0.235299 -0.234239 -0.234789 -0.234238 -0.234746 -0.234743 -0.100784 
-0.100203 -0.242017 -0.240928 -0.242018 -0.241453 -0.24202 -0.24093 -0.240931 -0.242019 -0.241452 -0.241453 -0.241496 -0.241453 -0.241496 -0.241454 -0.242019 -0.241495 -0.242019 -0.241453 -0.241452 -0.241453 -0.240929 -0.241452 -0.242018 -0.241451 -0.242018 -0.240927 -0.241493 -0.240926 -0.241449 -0.241446 -0.103663 
-0.102985 -0.248737 -0.247617 -0.248738 -0.248157 -0.248739 -0.247619 -0.24762 -0.248738 -0.248156 -0.248156 -0.248201 -0.248157 -0.248201 -0.248157 -0.248738 -0.2482 -0.248738 -0.248156 -0.248155 -0.248156 -0.247618 -0.248156 -0.248737 -0.248155 -0.248737 -0.247616 -0.248198 -0.247615 -0.248153 -0.248149 -0.106541 
-0.105768 -0.255457 -0.254307 -0.255458 -0.254862 -0.25546 -0.254309 -0.25431 -0.255459 -0.25486 -0.254861 -0.254907 -0.254861 -0.254907 -0.254862 -0.255459 -0.254906 -0.255459 -0.254861 -0.25486 -0.254861 -0.254308 -0.254861 -0.255458 -0.254859 -0.255457 -0.254306 -0.254903 -0.254305 -0.254857 -0.254854 -0.109419 
-0.108551 -0.262178 -0.260998 -0.262179 -0.261567 -0.262181 -0.261 -0.261001 -0.26218 -0.261566 -0.261567 -0.261614 -0.261567 -0.261613 -0.261568 -0.26218 -0.261613 -0.26218 -0.261567 -0.261565 -0.261567 -0.260999 -0.261566 -0.262179 -0.261565 -0.262179 -0.260997 -0.26161 -0.260996 -0.261563 -0.261559 -0.112298 
-0.111334 -0.268898 -0.267688 -0.2689 -0.268272 -0.268901 -0.26769 -0.267691 -0.2689 -0.268271 -0.268271 -0.268319 -0.268271 -0.268319 -0.268272 -0.2689 -0.268318 -0.2689 -0.268271 -0.26827 -0.268271 -0.267688 -0.26827 -0.268899 -0.268269 -0.268899 -0.267687 -0.268315 -0.267686 -0.268267 -0.268263 -0.115176 
-0.114117 -0.275618 -0.274377 -0.275619 -0.274975 -0.275621 -0.274379 -0.27438 -0.27562 -0.274974 -0.274975 -0.275024 -0.274975 -0.275024 -0.274976 -0.27562 -0.275023 -0.27562 -0.274974 -0.274973 -0.274974 -0.274377 -0.274974 -0.275618 -0.274973 -0.275618 -0.274376 -0.27502 -0.274374 -0.27497 -0.274966 -0.118053 
-0.1169 -0.282338 -0.281067 -0.282339 -0.28168 -0.282341 -0.281069 -0.28107 -0.28234 -0.281679 -0.28168 -0.28173 -0.28168 -0.28173 -0.281681 -0.28234 -0.281729 -0.28234 -0.281679 -0.281678 -0.281679 -0.281068 -0.281679 -0.282339 -0.281678 -0.282338 -0.281066 -0.281726 -0.281065 -0.281675 -0.28167 -0.120931 
-0.119683 -0.28906 -0.287759 -0.289061 -0.288387 -0.289064 -0.287761 -0.287762 -0.289062 -0.288385 -0.288386 -0.288438 -0.288386 -0.288437 -0.288387 -0.289062 -0.288437 -0.289062 -0.288386 -0.288384 -0.288385 -0.287759 -0.288385 -0.289061 -0.288384 -0.28906 -0.287758 -0.288433 -0.287756 -0.288381 -0.288376 -0.123811 
-0.122465 -0.295782 -0.29445 -0.295783 -0.295093 -0.295785 -0.294452 -0.294453 -0.295784 -0.295091 -0.295092 -0.295145 -0.295092 -0.295144 -0.295093 -0.295784 -0.295144 -0.295784 -0.295092 -0.29509 -0.295091 -0.294451 -0.295091 -0.295782 -0.29509 -0.295782 -0.294449 -0.29514 -0.294447 -0.295087 -0.295082 -0.126691 
-0.125248 -0.302505 -0.301143 -0.302506 -0.3018 -0.302509 -0.301145 -0.301146 -0.302508 -0.301799 -0.301799 -0.301854 -0.301799 -0.301853 -0.301801 -0.302507 -0.301853 -0.302507 -0.301799 -0.301798 -0.301799 -0.301144 -0.301798 -0.302506 -0.301797 -0.302505 -0.301142 -0.301849 -0.30114 -0.301794 -0.301789 -0.129572 
-0.128031 -0.309228 -0.307836 -0.309229 -0.308508 -0.309232 -0.307838 -0.307839 -0.309231 -0.308506 -0.308507 -0.308562 -0.308507 -0.308561 -0.308508 -0.30923 -0.308561 -0.30923 -0.308506 -0.308505 -0.308506 -0.307836 -0.308505 -0.309229 -0.308504 -0.309228 -0.307834 -0.308557 -0.307833 -0.308501 -0.308496 -0.132452 
-0.130814 -0.315951 -0.314529 -0.315952 -0.315215 -0.315955 -0.31453 -0.314532 -0.315954 -0.315213 -0.315214 -0.315271 -0.315214 -0.31527 -0.315215 -0.315953 -0.31527 -0.315953 -0.315214 -0.315212 -0.315213 -0.314529 -0.315212 -0.315952 -0.315211 -0.315951 -0.314527 -0.315266 -0.314525 -0.315208 -0.315202 -0.135332 
-0.133597 -0.322677 -0.321224 -0.322678 -0.321925 -0.322681 -0.321226 -0.321227 -0.32268 -0.321923 -0.321924 -0.321982 -0.321924 -0.321981 -0.321926 -0.322679 -0.321981 -0.322679 -0.321924 -0.321922 -0.321924 -0.321225 -0.321923 -0.322678 -0.321921 -0.322676 -0.321222 -0.321977 -0.321221 -0.321918 -0.321912 -0.138216 
-0.136381 -0.329403 -0.327919 -0.329404 -0.328635 -0.329407 -0.327921 -0.327923 -0.329405 -0.328633 -0.328634 -0.328693 -0.328634 -0.328692 -0.328636 -0.329405 -0.328692 -0.329405 -0.328634 -0.328632 -0.328634 -0.32792 -0.328632 -0.329403 -0.328631 -0.329402 -0.327918 -0.328688 -0.327916 -0.328628 -0.328621 -0.141097 
-0.139165 -0.336124 -0.334611 -0.336126 -0.335341 -0.336129 -0.334613 -0.334614 -0.336127 -0.335339 -0.33534 -0.335401 -0.33534 -0.3354 -0.335342 -0.336126 -0.3354 -0.336127 -0.33534 -0.335338 -0.33534 -0.334611 -0.335338 -0.336125 -0.335337 -0.336124 -0.334609 -0.335395 -0.334607 -0.335333 -0.335327 -0.143975 
-0.141949 -0.34285 -0.341306 -0.342852 -0.342051 -0.342854 -0.341308 -0.34131 -0.342853 -0.342049 -0.34205 -0.342112 -0.34205 -0.342111 -0.342052 -0.342852 -0.342111 -0.342853 -0.34205 -0.342048 -0.34205 -0.341307 -0.342048 -0.342851 -0.342047 -0.342849 -0.341304 -0.342106 -0.341302 -0.342043 -0.342036 -0.146857 
-0.144732 -0.349575 -0.348001 -0.349562 -0.348761 -0.34958 -0.348003 -0.348005 -0.349578 -0.348759 -0.34876 -0.348822 -0.34876 -0.348821 -0.348761 -0.349577 -0.348822 -0.349578 -0.348759 -0.348757 -0.348759 -0.348002 -0.348758 -0.349576 -0.348756 -0.349574 -0.347999 -0.348816 -0.347997 -0.348752 -0.348745 -0.149738 
-0.147519 -0.356303 -0.354699 -0.356276 -0.355473 -0.356308 -0.354702 -0.354703 -0.356306 -0.355471 -0.355472 -0.355536 -0.355472 -0.355535 -0.355474 -0.356306 -0.355535 -0.356306 -0.355472 -0.35547 -0.355472 -0.3547 -0.35547 -0.356304 -0.355469 -0.356303 -0.354697 -0.35553 -0.354695 -0.355465 -0.355457 -0.15262 
-0.150304 -0.363031 -0.361397 -0.36299 -0.362186 -0.363036 -0.361399 -0.361401 -0.363034 -0.362184 -0.362185 -0.36225 -0.362185 -0.362249 -0.362186 -0.363034 -0.362249 -0.363034 -0.362184 -0.362182 -0.362184 -0.361397 -0.362183 -0.363033 -0.362181 -0.363031 -0.361395 -0.362243 -0.361392 -0.362177 -0.362169 -0.155502 
-0.153089 -0.369756 -0.368092 -0.3697 -0.368895 -0.369761 -0.368094 -0.368095 -0.369759 -0.368893 -0.368894 -0.36896 -0.368894 -0.368959 -0.368896 -0.369759 -0.368959 -0.36976 -0.368894 -0.368891 -0.368894 -0.368092 -0.368892 -0.369758 -0.368891 -0.369756 -0.368089 -0.368954 -0.368087 -0.368886 -0.368878 -0.158383 
-0.155875 -0.376484 -0.374789 -0.376414 -0.375607 -0.376489 -0.374792 -0.374793 -0.376487 -0.375605 -0.375606 -0.375673 -0.375606 -0.375673 -0.375608 -0.376487 -0.375673 -0.376487 -0.375606 -0.375603 -0.375606 -0.37479 -0.375604 -0.376486 -0.375602 -0.376483 -0.374787 -0.375666 -0.374784 -0.375598 -0.37559 -0.161264 
-0.158662 -0.383213 -0.381488 -0.383128 -0.38232 -0.383218 -0.38149 -0.381491 -0.383216 -0.382318 -0.382319 -0.382388 -0.382319 -0.382387 -0.382321 -0.383215 -0.382387 -0.383216 -0.382319 -0.382317 -0.382319 -0.381488 -0.382317 -0.383215 -0.382315 -0.383212 -0.381485 -0.382381 -0.381482 -0.38231 -0.382303 -0.164145 
-0.161449 -0.389942 -0.388187 -0.389843 -0.389034 -0.389948 -0.38819 -0.388191 -0.389946 -0.389032 -0.389034 -0.389103 -0.389034 -0.389102 -0.389035 -0.389945 -0.389102 -0.389946 -0.389033 -0.389031 -0.389033 -0.388188 -0.389031 -0.389945 -0.38903 -0.389942 -0.388185 -0.389096 -0.388182 -0.389024 -0.389016 -0.167028 
-0.164235 -0.396672 -0.394886 -0.396558 -0.395747 -0.396677 -0.394889 -0.39489 -0.396675 -0.395746 -0.395747 -0.395818 -0.395747 -0.395817 -0.395748 -0.396674 -0.395817 -0.396675 -0.395746 -0.395744 -0.395747 -0.394887 -0.395744 -0.396674 -0.395743 -0.396671 -0.394883 -0.39581 -0.39488 -0.395738 -0.395729 -0.16991 
-0.167021 -0.403401 -0.401585 -0.403272 -0.402461 -0.403406 -0.401588 -0.401589 -0.403404 -0.402459 -0.402461 -0.402532 -0.402461 -0.402532 -0.402462 -0.403404 -0.402532 -0.403404 -0.40246 -0.402458 -0.40246 -0.401586 -0.402458 -0.403403 -0.402456 -0.4034 -0.401582 -0.402525 -0.401579 -0.402451 -0.402442 -0.172792 
-0.169807 -0.410128 -0.408282 -0.409985 -0.409172 -0.410133 -0.408285 -0.408286 -0.410131 -0.409171 -0.409172 -0.409245 -0.409172 -0.409245 -0.409174 -0.410131 -0.409244 -0.410132 -0.409171 -0.409169 -0.409172 -0.408283 -0.409169 -0.41013 -0.409168 -0.410127 -0.408279 -0.409237 -0.408276 -0.409162 -0.409153 -0.175674 
-0.172593 -0.416856 -0.41498 -0.416699 -0.415885 -0.416862 -0.414983 -0.414984 -0.41686 -0.415884 -0.415885 -0.415959 -0.415885 -0.415959 -0.415887 -0.41686 -0.415958 -0.41686 -0.415884 -0.415882 -0.415885 -0.414982 -0.415882 -0.416859 -0.41588 -0.416856 -0.414977 -0.415951 -0.414974 -0.415875 -0.415866 -0.178555 
-0.17538 -0.423586 -0.42168 -0.423414 -0.422599 -0.423592 -0.421683 -0.421684 -0.42359 -0.422598 -0.422599 -0.422674 -0.422599 -0.422675 -0.422601 -0.42359 -0.422674 -0.423591 -0.422598 -0.422596 -0.422599 -0.421681 -0.422596 -0.423589 -0.422594 -0.423586 -0.421677 -0.422666 -0.421673 -0.422589 -0.422579 -0.181438 
-0.178165 -0.430315 -0.428379 -0.430129 -0.429313 -0.430322 -0.428382 -0.428383 -0.430319 -0.429312 -0.429313 -0.429389 -0.429313 -0.42939 -0.429315 -0.430319 -0.429389 -0.43032 -0.429312 -0.42931 -0.429313 -0.428381 -0.42931 -0.430319 -0.429308 -0.430315 -0.428376 -0.429381 -0.428372 -0.429302 -0.429293 -0.184322 
-0.180951 -0.437045 -0.435078 -0.436845 -0.436027 -0.437051 -0.435081 -0.435083 -0.437049 -0.436026 -0.436027 -0.436104 -0.436027 -0.436105 -0.436029 -0.437049 -0.436104 -0.43705 -0.436026 -0.436024 -0.436027 -0.43508 -0.436024 -0.437048 -0.436022 -0.437045 -0.435075 -0.436096 -0.435072 -0.436016 -0.436006 -0.187205 
-0.183741 -0.443777 -0.44178 -0.443562 -0.442743 -0.443783 -0.441783 -0.441784 -0.443781 -0.442742 -0.442743 -0.442822 -0.442743 -0.442822 -0.442745 -0.443781 -0.442822 -0.443782 -0.442742 -0.44274 -0.442743 -0.441782 -0.44274 -0.44378 -0.442738 -0.443777 -0.441776 -0.442813 -0.441773 -0.442732 -0.442722 -0.190086 
-0.186527 -0.450507 -0.44848 -0.450278 -0.449458 -0.450514 -0.448484 -0.448485 -0.450512 -0.449458 -0.449459 -0.449538 -0.449459 -0.449539 -0.449461 -0.450512 -0.449539 -0.450513 -0.449458 -0.449456 -0.449458 -0.448482 -0.449455 -0.450511 -0.449453 -0.450508 -0.448477 -0.449529 -0.448474 -0.449447 -0.449436 -0.192969 
-0.189314 -0.457238 -0.455181 -0.456995 -0.456173 -0.457245 -0.455184 -0.455185 -0.457242 -0.456173 -0.456174 -0.456254 -0.456174 -0.456255 -0.456176 -0.457243 -0.456255 -0.457244 -0.456173 -0.456171 -0.456173 -0.455183 -0.45617 -0.457242 -0.456168 -0.457239 -0.455177 -0.456245 -0.455174 -0.456162 -0.456151 -0.195852 
-0.192101 -0.463971 -0.461883 -0.463713 -0.46289 -0.463978 -0.461886 -0.461888 -0.463975 -0.46289 -0.462891 -0.462972 -0.462891 -0.462973 -0.462893 -0.463976 -0.462973 -0.463977 -0.46289 -0.462888 -0.46289 -0.461885 -0.462887 -0.463975 -0.462885 -0.463971 -0.461879 -0.462964 -0.461876 -0.462879 -0.462867 -0.198737 
-0.194888 -0.470703 -0.468584 -0.470431 -0.469607 -0.47071 -0.468588 -0.46859 -0.470707 -0.469606 -0.469608 -0.46969 -0.469607 -0.469691 -0.469609 -0.470708 -0.469691 -0.470709 -0.469606 -0.469604 -0.469606 -0.468587 -0.469604 -0.470707 -0.469601 -0.470704 -0.468581 -0.469681 -0.468578 -0.469595 -0.469583 -0.201621 
-0.197677 -0.477436 -0.475287 -0.477149 -0.476324 -0.477444 -0.475291 -0.475293 -0.47744 -0.476324 -0.476325 -0.476409 -0.476325 -0.476409 -0.476327 -0.477442 -0.47641 -0.477442 -0.476324 -0.476322 -0.476324 -0.47529 -0.476321 -0.477441 -0.476318 -0.477437 -0.475284 -0.4764 -0.475281 -0.476313 -0.4763 -0.204505 
-0.200466 -0.484168 -0.481989 -0.483867 -0.483041 -0.484176 -0.481993 -0.481995 -0.484173 -0.483041 -0.483042 -0.483127 -0.483041 -0.483127 -0.483043 -0.484174 -0.483128 -0.484175 -0.483041 -0.483038 -0.483041 -0.481992 -0.483038 -0.484174 -0.483035 -0.484169 -0.481986 -0.483117 -0.481983 -0.483029 -0.483016 -0.207386 
-0.203255 -0.490903 -0.488694 -0.490588 -0.48976 -0.490911 -0.488698 -0.488699 -0.490908 -0.48976 -0.489761 -0.489847 -0.489761 -0.489848 -0.489763 -0.490909 -0.489849 -0.49091 -0.48976 -0.489758 -0.48976 -0.488697 -0.489758 -0.490909 -0.489754 -0.490905 -0.48869 -0.489838 -0.488688 -0.489748 -0.489735 -0.210271 
-0.206044 -0.497637 -0.495397 -0.497307 -0.496478 -0.497645 -0.495401 -0.495403 -0.497642 -0.496478 -0.496479 -0.496567 -0.496479 -0.496567 -0.496481 -0.497643 -0.496568 -0.497644 -0.496478 -0.496476 -0.496478 -0.4954 -0.496476 -0.497643 -0.496472 -0.497639 -0.495394 -0.496557 -0.495391 -0.496467 -0.496453 -0.213155 
-0.208831 -0.504369 -0.5021 -0.504025 -0.503195 -0.504378 -0.502103 -0.502105 -0.504375 -0.503195 -0.503196 -0.503285 -0.503196 -0.503285 -0.503198 -0.504376 -0.503286 -0.504377 -0.503195 -0.503193 -0.503195 -0.502102 -0.503192 -0.504376 -0.503189 -0.504371 -0.502096 -0.503275 -0.502094 -0.503183 -0.503169 -0.216039 
-0.211621 -0.511104 -0.508804 -0.510746 -0.509914 -0.511113 -0.508808 -0.50881 -0.51111 -0.509915 -0.509915 -0.510005 -0.509915 -0.510006 -0.509917 -0.511111 -0.510007 -0.511112 -0.509915 -0.509912 -0.509914 -0.508807 -0.509912 -0.511111 -0.509908 -0.511106 -0.508801 -0.509996 -0.508798 -0.509903 -0.509888 -0.218924 
-0.21441 -0.51784 -0.51551 -0.517467 -0.516634 -0.517849 -0.515514 -0.515515 -0.517846 -0.516635 -0.516636 -0.516727 -0.516635 -0.516727 -0.516637 -0.517847 -0.516728 -0.517848 -0.516635 -0.516632 -0.516635 -0.515513 -0.516632 -0.517847 -0.516629 -0.517843 -0.515507 -0.516717 -0.515504 -0.516623 -0.516608 -0.221808 
-0.217199 -0.524576 -0.522216 -0.524189 -0.523355 -0.524586 -0.52222 -0.522222 -0.524583 -0.523356 -0.523357 -0.523449 -0.523356 -0.523449 -0.523358 -0.524584 -0.523451 -0.524585 -0.523356 -0.523353 -0.523356 -0.522219 -0.523353 -0.524584 -0.52335 -0.524579 -0.522213 -0.523439 -0.52221 -0.523344 -0.523328 -0.224694 
-0.219988 -0.531312 -0.528922 -0.53091 -0.530075 -0.531321 -0.528925 -0.528927 -0.531318 -0.530076 -0.530077 -0.53017 -0.530076 -0.53017 -0.530078 -0.531319 -0.530172 -0.531321 -0.530075 -0.530073 -0.530076 -0.528924 -0.530073 -0.53132 -0.530069 -0.531315 -0.528918 -0.530159 -0.528915 -0.530063 -0.530047 -0.22758 
-0.222777 -0.538045 -0.535625 -0.537629 -0.536793 -0.538055 -0.535628 -0.53563 -0.538052 -0.536794 -0.536795 -0.536889 -0.536794 -0.53689 -0.536796 -0.538053 -0.536891 -0.538055 -0.536794 -0.536791 -0.536794 -0.535628 -0.53679 -0.538054 -0.536788 -0.538049 -0.535622 -0.536879 -0.535619 -0.536781 -0.536765 -0.230464 
-0.225565 -0.54478 -0.542329 -0.54435 -0.543512 -0.54479 -0.542333 -0.542334 -0.544787 -0.543513 -0.543514 -0.543609 -0.543513 -0.54361 -0.543515 -0.544788 -0.543611 -0.544789 -0.543512 -0.54351 -0.543513 -0.542332 -0.543509 -0.544789 -0.543507 -0.544783 -0.542326 -0.543598 -0.542323 -0.5435 -0.543483 -0.233349 
-0.228354 -0.551518 -0.549037 -0.551073 -0.550234 -0.551528 -0.54904 -0.549042 -0.551525 -0.550236 -0.550236 -0.550333 -0.550235 -0.550333 -0.550237 -0.551526 -0.550334 -0.551527 -0.550235 -0.550233 -0.550235 -0.54904 -0.550231 -0.551527 -0.550229 -0.551521 -0.549034 -0.550322 -0.549031 -0.550221 -0.550205 -0.236236 
-0.231142 -0.558251 -0.55574 -0.557792 -0.556952 -0.558262 -0.555744 -0.555745 -0.558259 -0.556954 -0.556954 -0.557052 -0.556953 -0.557052 -0.556955 -0.558259 -0.557054 -0.558261 -0.556953 -0.556951 -0.556953 -0.555743 -0.556949 -0.558261 -0.556947 -0.558255 -0.555737 -0.557041 -0.555734 -0.556939 -0.556922 -0.23912 
-0.233931 -0.564987 -0.562446 -0.564513 -0.563672 -0.564997 -0.562449 -0.562451 -0.564995 -0.563674 -0.563674 -0.563773 -0.563674 -0.563773 -0.563675 -0.564995 -0.563775 -0.564997 -0.563673 -0.563671 -0.563673 -0.562449 -0.563669 -0.564997 -0.563667 -0.56499 -0.562442 -0.563762 -0.562439 -0.563659 -0.563642 -0.242005 
-0.236719 -0.57172 -0.569149 -0.571232 -0.57039 -0.571731 -0.569153 -0.569154 -0.571728 -0.570392 -0.570392 -0.570492 -0.570392 -0.570492 -0.570393 -0.571729 -0.570494 -0.57173 -0.570391 -0.570389 -0.570391 -0.569152 -0.570387 -0.57173 -0.570385 -0.571724 -0.569146 -0.570481 -0.569142 -0.570376 -0.570359 -0.24489 
-0.239506 -0.578454 -0.575853 -0.577952 -0.577108 -0.578466 -0.575857 -0.575858 -0.578463 -0.57711 -0.577111 -0.577212 -0.57711 -0.577212 -0.577112 -0.578463 -0.577214 -0.578464 -0.577109 -0.577107 -0.57711 -0.575856 -0.577105 -0.578465 -0.577103 -0.578458 -0.57585 -0.5772 -0.575846 -0.577094 -0.577077 -0.247775 
-0.242295 -0.585188 -0.582557 -0.584672 -0.583827 -0.5852 -0.582561 -0.582562 -0.585197 -0.583829 -0.583829 -0.583931 -0.583829 -0.583931 -0.58383 -0.585197 -0.583934 -0.585199 -0.583828 -0.583826 -0.583829 -0.58256 -0.583823 -0.585199 -0.583822 -0.585192 -0.582553 -0.58392 -0.58255 -0.583812 -0.583795 -0.25066 
-0.245085 -0.591923 -0.589261 -0.591392 -0.590546 -0.591935 -0.589265 -0.589267 -0.591932 -0.590548 -0.590548 -0.590652 -0.590548 -0.590652 -0.590549 -0.591932 -0.590654 -0.591933 -0.590547 -0.590545 -0.590548 -0.589264 -0.590543 -0.591934 -0.590541 -0.591927 -0.589258 -0.59064 -0.589254 -0.590531 -0.590513 -0.253543 
-0.247873 -0.598658 -0.595966 -0.598113 -0.597265 -0.59867 -0.59597 -0.595972 -0.598667 -0.597268 -0.597268 -0.597372 -0.597268 -0.597373 -0.597269 -0.598668 -0.597375 -0.598669 -0.597266 -0.597264 -0.597267 -0.595969 -0.597262 -0.598669 -0.59726 -0.598662 -0.595963 -0.597361 -0.595959 -0.59725 -0.597232 -0.256428 
-0.250663 -0.605392 -0.602669 -0.604832 -0.603983 -0.605404 -0.602673 -0.602675 -0.605401 -0.603985 -0.603986 -0.604091 -0.603985 -0.604092 -0.603987 -0.605401 -0.604094 -0.605402 -0.603984 -0.603982 -0.603985 -0.602672 -0.60398 -0.605403 -0.603978 -0.605395 -0.602666 -0.604079 -0.602661 -0.603968 -0.603949 -0.259311 
-0.253451 -0.612124 -0.609371 -0.611549 -0.610699 -0.612136 -0.609375 -0.609376 -0.612133 -0.610702 -0.610702 -0.610809 -0.610702 -0.610809 -0.610703 -0.612133 -0.610811 -0.612134 -0.6107 -0.610698 -0.610701 -0.609374 -0.610696 -0.612135 -0.610694 -0.612127 -0.609367 -0.610796 -0.609363 -0.610684 -0.610665 -0.262195 
-0.256239 -0.618856 -0.616073 -0.618267 -0.617416 -0.618869 -0.616077 -0.616079 -0.618866 -0.617419 -0.617419 -0.617527 -0.617419 -0.617528 -0.61742 -0.618866 -0.61753 -0.618867 -0.617417 -0.617415 -0.617418 -0.616076 -0.617412 -0.618867 -0.61741 -0.61886 -0.61607 -0.617514 -0.616065 -0.6174 -0.617381 -0.265078 
-0.259027 -0.62559 -0.622776 -0.624986 -0.624134 -0.625603 -0.62278 -0.622782 -0.625599 -0.624137 -0.624137 -0.624246 -0.624136 -0.624247 -0.624138 -0.625599 -0.624249 -0.6256 -0.624134 -0.624133 -0.624135 -0.622779 -0.62413 -0.625601 -0.624128 -0.625593 -0.622772 -0.624233 -0.622768 -0.624118 -0.624098 -0.267962 
-0.261814 -0.632322 -0.629478 -0.631704 -0.63085 -0.632335 -0.629483 -0.629484 -0.632332 -0.630854 -0.630854 -0.630964 -0.630853 -0.630965 -0.630855 -0.632332 -0.630967 -0.632333 -0.630851 -0.63085 -0.630852 -0.629481 -0.630846 -0.632333 -0.630844 -0.632325 -0.629475 -0.630951 -0.62947 -0.630834 -0.630814 -0.270846 
-0.264601 -0.639056 -0.636181 -0.638423 -0.637568 -0.639069 -0.636186 -0.636188 -0.639065 -0.637572 -0.637572 -0.637683 -0.637571 -0.637684 -0.637573 -0.639066 -0.637686 -0.639066 -0.637569 -0.637567 -0.63757 -0.636184 -0.637564 -0.639067 -0.637562 -0.639058 -0.636177 -0.637669 -0.636173 -0.637551 -0.637531 -0.273731 
-0.267388 -0.645788 -0.642884 -0.645141 -0.644285 -0.645802 -0.642888 -0.64289 -0.645798 -0.644289 -0.644289 -0.644401 -0.644288 -0.644402 -0.644289 -0.645798 -0.644404 -0.645799 -0.644286 -0.644284 -0.644286 -0.642887 -0.64428 -0.645799 -0.644278 -0.645791 -0.642879 -0.644386 -0.642875 -0.644267 -0.644247 -0.276616 
-0.270176 -0.65252 -0.649585 -0.651859 -0.651001 -0.652534 -0.649589 -0.649591 -0.652529 -0.651005 -0.651005 -0.651118 -0.651004 -0.651119 -0.651005 -0.65253 -0.651121 -0.65253 -0.651002 -0.651 -0.651002 -0.649588 -0.650996 -0.652531 -0.650994 -0.652522 -0.649581 -0.651103 -0.649576 -0.650983 -0.650962 -0.279499 
-0.272962 -0.659254 -0.656289 -0.658578 -0.657719 -0.659268 -0.656293 -0.656295 -0.659264 -0.657723 -0.657723 -0.657838 -0.657722 -0.657839 -0.657724 -0.659264 -0.657841 -0.659264 -0.65772 -0.657718 -0.657721 -0.656292 -0.657714 -0.659265 -0.657712 -0.659256 -0.656284 -0.657822 -0.65628 -0.657701 -0.65768 -0.282386 
-0.275751 -0.665992 -0.662996 -0.665301 -0.664441 -0.666005 -0.663 -0.663002 -0.666001 -0.664445 -0.664445 -0.66456 -0.664444 -0.664562 -0.664445 -0.666001 -0.664563 -0.666002 -0.664441 -0.664439 -0.664442 -0.662999 -0.664436 -0.666002 -0.664433 -0.665993 -0.662991 -0.664545 -0.662986 -0.664422 -0.664401 -0.285272 
-0.27872 -0.67314 -0.670114 -0.672435 -0.671574 -0.673154 -0.670118 -0.67012 -0.67315 -0.671578 -0.671577 -0.671694 -0.671576 -0.671695 -0.671577 -0.673149 -0.671697 -0.67315 -0.671574 -0.671572 -0.671574 -0.670116 -0.671568 -0.67315 -0.671566 -0.673141 -0.670109 -0.671678 -0.670104 -0.671554 -0.671533 -0.288324 
