681.091 681.091 681.091 681.091 681.091 681.091 681.091 681.091 681.091 681.091 681.091 681.091 681.091 681.091 681.091 681.091 681.091 681.091 681.091 681.091 681.091 681.091 681.091 681.091 681.091 681.091 681.091 681.091 681.091 681.091 681.091 681.091 
681.264 681.259 681.256 681.256 681.258 681.259 681.259 681.26 681.259 681.259 681.258 681.26 681.26 681.26 681.261 681.258 681.259 681.259 681.26 681.26 681.262 681.257 681.259 681.259 681.257 681.258 681.259 681.261 681.255 681.257 681.254 681.25 
681.444 681.432 681.426 681.427 681.43 681.433 681.433 681.434 681.433 681.433 681.43 681.435 681.434 681.435 681.436 681.43 681.433 681.433 681.434 681.434 681.437 681.429 681.433 681.432 681.428 681.43 681.432 681.435 681.424 681.429 681.422 681.415 
681.63 681.611 681.602 681.604 681.609 681.613 681.612 681.613 681.612 681.612 681.607 681.616 681.613 681.615 681.616 681.609 681.612 681.613 681.613 681.613 681.618 681.607 681.611 681.61 681.605 681.608 681.61 681.613 681.598 681.605 681.596 681.585 
681.824 681.795 681.784 681.787 681.794 681.799 681.797 681.798 681.798 681.797 681.79 681.803 681.797 681.801 681.802 681.794 681.797 681.799 681.798 681.799 681.804 681.791 681.796 681.793 681.787 681.791 681.795 681.797 681.78 681.787 681.776 681.762 
682.025 681.986 681.973 681.977 681.984 681.991 681.988 681.988 681.99 681.988 681.981 681.996 681.988 681.993 681.994 681.987 681.988 681.991 681.989 681.99 681.996 681.983 681.987 681.983 681.977 681.98 681.986 681.988 681.968 681.976 681.962 681.944 
682.234 682.182 682.168 682.173 682.181 682.189 682.185 682.185 682.189 682.186 682.178 682.196 682.185 682.191 682.191 682.185 682.186 682.189 682.186 682.188 682.194 682.182 682.184 682.179 682.173 682.176 682.184 682.185 682.163 682.171 682.155 682.132 
682.449 682.385 682.371 682.375 682.385 682.394 682.389 682.389 682.395 682.389 682.382 682.402 682.389 682.395 682.395 682.39 682.389 682.394 682.39 682.392 682.397 682.388 682.388 682.383 682.377 682.38 682.387 682.389 682.365 682.372 682.355 682.327 
682.67 682.594 682.58 682.583 682.594 682.604 682.599 682.6 682.606 682.599 682.593 682.614 682.599 682.605 682.605 682.6 682.599 682.605 682.6 682.602 682.607 682.6 682.598 682.595 682.588 682.59 682.597 682.6 682.574 682.579 682.561 682.529 
682.898 682.809 682.795 682.797 682.81 682.822 682.815 682.817 682.823 682.815 682.81 682.831 682.816 682.821 682.823 682.815 682.815 682.823 682.816 682.818 682.823 682.819 682.814 682.813 682.805 682.807 682.813 682.816 682.79 682.793 682.774 682.736 
683.131 683.03 683.017 683.017 683.032 683.045 683.039 683.042 683.046 683.037 683.034 683.054 683.038 683.043 683.046 683.037 683.037 683.046 683.038 683.04 683.045 683.043 683.035 683.038 683.028 683.03 683.036 683.038 683.012 683.012 682.992 682.951 
683.371 683.257 683.245 683.244 683.26 683.275 683.269 683.274 683.275 683.265 683.263 683.282 683.267 683.271 683.276 683.264 683.264 683.276 683.267 683.268 683.273 683.272 683.263 683.269 683.255 683.259 683.264 683.265 683.24 683.237 683.216 683.172 
683.616 683.49 683.479 683.477 683.494 683.511 683.505 683.511 683.509 683.499 683.498 683.516 683.501 683.505 683.511 683.498 683.497 683.511 683.502 683.502 683.507 683.508 683.496 683.505 683.487 683.494 683.497 683.497 683.473 683.467 683.445 683.398 
683.868 683.729 683.719 683.716 683.734 683.752 683.747 683.754 683.75 683.738 683.739 683.756 683.742 683.746 683.753 683.737 683.736 683.752 683.742 683.74 683.747 683.748 683.735 683.747 683.725 683.735 683.735 683.734 683.71 683.703 683.68 683.63 
684.125 683.973 683.964 683.961 683.98 683.997 683.994 684.002 683.996 683.982 683.985 684.002 683.989 683.993 684.001 683.981 683.98 683.999 683.988 683.984 683.993 683.994 683.98 683.993 683.968 683.981 683.978 683.977 683.953 683.943 683.919 683.866 
684.387 684.222 684.215 684.212 684.231 684.246 684.245 684.255 684.248 684.232 684.236 684.252 684.241 684.246 684.254 684.231 684.23 684.25 684.239 684.232 684.245 684.244 684.23 684.244 684.216 684.232 684.225 684.223 684.2 684.188 684.164 684.106 
684.656 684.474 684.471 684.467 684.488 684.5 684.502 684.513 684.505 684.486 684.492 684.508 684.498 684.504 684.51 684.485 684.485 684.506 684.495 684.485 684.502 684.499 684.485 684.498 684.47 684.487 684.476 684.474 684.451 684.438 684.412 684.35 
684.929 684.731 684.732 684.726 684.75 684.759 684.762 684.774 684.767 684.745 684.753 684.768 684.76 684.766 684.771 684.743 684.744 684.766 684.755 684.742 684.762 684.757 684.744 684.757 684.728 684.746 684.732 684.728 684.708 684.692 684.665 684.599 
685.207 684.991 684.998 684.989 685.017 685.023 685.028 685.04 685.033 685.008 685.018 685.032 685.025 685.033 685.035 685.005 685.007 685.03 685.019 685.005 685.026 685.019 685.008 685.019 684.99 685.008 684.993 684.987 684.969 684.952 684.921 684.851 
685.489 685.254 685.267 685.256 685.288 685.292 685.297 685.309 685.302 685.274 685.287 685.299 685.294 685.303 685.303 685.272 685.275 685.296 685.286 685.271 685.293 685.284 685.275 685.285 685.256 685.274 685.258 685.249 685.235 685.215 685.181 685.108 
685.773 685.521 685.539 685.527 685.562 685.566 685.571 685.581 685.575 685.544 685.56 685.571 685.566 685.576 685.575 685.542 685.546 685.565 685.557 685.54 685.562 685.552 685.546 685.554 685.525 685.543 685.527 685.516 685.503 685.482 685.444 685.368 
686.061 685.793 685.813 685.802 685.838 685.844 685.849 685.856 685.85 685.818 685.837 685.847 685.841 685.852 685.85 685.815 685.82 685.837 685.832 685.813 685.834 685.825 685.82 685.827 685.797 685.814 685.8 685.786 685.774 685.752 685.71 685.632 
686.351 686.068 686.091 686.081 686.116 686.126 686.129 686.134 686.129 686.094 686.116 686.125 686.117 686.13 686.128 686.092 686.097 686.112 686.109 686.088 686.109 686.101 686.097 686.102 686.072 686.088 686.076 686.06 686.048 686.025 685.979 685.899 
686.644 686.347 686.371 686.363 686.396 686.412 686.411 686.416 686.409 686.373 686.398 686.406 686.397 686.41 686.409 686.372 686.377 686.389 686.39 686.366 686.388 686.38 686.377 686.38 686.35 686.364 686.354 686.337 686.324 686.3 686.251 686.171 
686.94 686.629 686.653 686.647 686.678 686.699 686.696 686.701 686.692 686.655 686.682 686.69 686.68 686.693 686.693 686.655 686.661 686.669 686.673 686.647 686.67 686.661 686.659 686.661 686.631 686.642 686.633 686.616 686.603 686.578 686.524 686.445 
687.239 686.915 686.938 686.934 686.964 686.988 686.983 686.989 686.976 686.939 686.969 686.976 686.966 686.979 686.979 686.941 686.947 686.953 686.959 686.931 686.954 686.945 686.944 686.946 686.913 686.923 686.915 686.897 686.884 686.859 686.799 686.723 
687.54 687.202 687.225 687.223 687.251 687.278 687.273 687.279 687.262 687.226 687.259 687.264 687.255 687.267 687.268 687.23 687.236 687.24 687.247 687.218 687.241 687.231 687.231 687.233 687.199 687.208 687.2 687.182 687.168 687.143 687.076 687.004 
687.843 687.492 687.515 687.515 687.541 687.569 687.567 687.572 687.551 687.515 687.55 687.555 687.546 687.559 687.56 687.522 687.527 687.531 687.538 687.507 687.531 687.519 687.521 687.523 687.487 687.496 687.488 687.47 687.455 687.429 687.355 687.287 
688.148 687.782 687.807 687.809 687.834 687.862 687.862 687.867 687.842 687.808 687.843 687.847 687.84 687.853 687.854 687.815 687.819 687.824 687.831 687.799 687.823 687.809 687.813 687.815 687.779 687.787 687.778 687.761 687.744 687.718 687.637 687.571 
688.455 688.074 688.101 688.105 688.129 688.156 688.159 688.163 688.135 688.103 688.138 688.142 688.136 688.149 688.15 688.111 688.113 688.119 688.126 688.093 688.118 688.102 688.108 688.108 688.072 688.08 688.07 688.054 688.036 688.009 687.923 687.858 
688.764 688.367 688.397 688.402 688.426 688.452 688.457 688.462 688.43 688.4 688.435 688.439 688.434 688.446 688.447 688.408 688.409 688.416 688.422 688.388 688.416 688.397 688.404 688.403 688.367 688.375 688.364 688.348 688.33 688.303 688.211 688.145 
689.075 688.662 688.694 688.701 688.727 688.751 688.756 688.764 688.727 688.698 688.733 688.738 688.733 688.744 688.747 688.706 688.706 688.714 688.72 688.685 688.716 688.695 688.703 688.698 688.664 688.672 688.659 688.643 688.625 688.598 688.501 688.433 
689.388 688.959 688.992 688.999 689.029 689.051 689.055 689.067 689.026 688.998 689.032 689.038 689.034 689.043 689.048 689.006 689.005 689.014 689.019 688.984 689.017 688.995 689.003 688.994 688.962 688.97 688.955 688.939 688.921 688.894 688.792 688.722 
689.703 689.258 689.292 689.299 689.334 689.354 689.356 689.371 689.326 689.299 689.332 689.34 689.336 689.342 689.35 689.307 689.306 689.315 689.32 689.283 689.319 689.296 689.305 689.29 689.261 689.269 689.252 689.236 689.218 689.192 689.084 689.012 
690.019 689.558 689.592 689.598 689.64 689.657 689.657 689.675 689.628 689.602 689.632 689.643 689.638 689.642 689.654 689.609 689.608 689.617 689.622 689.584 689.621 689.598 689.608 689.588 689.56 689.57 689.55 689.534 689.514 689.49 689.377 689.303 
690.337 689.86 689.892 689.899 689.947 689.961 689.959 689.98 689.93 689.905 689.933 689.947 689.942 689.944 689.958 689.912 689.911 689.921 689.925 689.885 689.924 689.901 689.912 689.886 689.861 689.871 689.85 689.833 689.811 689.789 689.671 689.594 
690.655 690.162 690.194 690.201 690.254 690.265 690.261 690.287 690.233 690.209 690.234 690.252 690.245 690.246 690.263 690.216 690.214 690.226 690.229 690.187 690.228 690.205 690.216 690.187 690.163 690.173 690.151 690.132 690.109 690.088 689.965 689.886 
690.975 690.465 690.497 690.505 690.56 690.57 690.563 690.594 690.537 690.514 690.537 690.558 690.549 690.55 690.568 690.521 690.519 690.532 690.533 690.489 690.532 690.509 690.52 690.489 690.466 690.476 690.454 690.431 690.409 690.388 690.26 690.178 
691.295 690.77 690.8 690.809 690.866 690.875 690.866 690.902 690.842 690.82 690.841 690.865 690.853 690.854 690.874 690.827 690.826 690.839 690.837 690.792 690.836 690.813 690.823 690.792 690.772 690.779 690.757 690.73 690.71 690.69 690.555 690.471 
691.616 691.074 691.105 691.115 691.173 691.181 691.169 691.21 691.147 691.127 691.147 691.172 691.158 691.159 691.181 691.135 691.133 691.146 691.142 691.096 691.142 691.118 691.125 691.095 691.079 691.082 691.062 691.031 691.012 690.993 690.851 690.765 
691.937 691.38 691.41 691.42 691.481 691.488 691.473 691.518 691.453 691.434 691.453 691.479 691.462 691.464 691.488 691.445 691.442 691.453 691.447 691.402 691.447 691.422 691.428 691.399 691.386 691.385 691.366 691.334 691.317 691.297 691.149 691.059 
692.259 691.685 691.716 691.726 691.789 691.796 691.778 691.824 691.76 691.742 691.76 691.787 691.768 691.769 691.796 691.755 691.751 691.761 691.754 691.709 691.753 691.728 691.731 691.704 691.695 691.689 691.671 691.638 691.622 691.602 691.448 691.354 
692.582 691.992 692.022 692.033 692.098 692.106 692.084 692.13 692.068 692.049 692.068 692.095 692.074 692.074 692.105 692.064 692.061 692.069 692.061 692.017 692.06 692.034 692.036 692.009 692.004 691.993 691.976 691.944 691.928 691.907 691.748 691.649 
692.906 692.299 692.329 692.341 692.408 692.416 692.39 692.436 692.377 692.357 692.377 692.404 692.382 692.381 692.415 692.373 692.371 692.377 692.369 692.325 692.368 692.342 692.342 692.316 692.312 692.297 692.281 692.251 692.234 692.211 692.048 691.945 
693.23 692.608 692.636 692.65 692.718 692.726 692.697 692.742 692.688 692.664 692.687 692.713 692.691 692.688 692.726 692.681 692.681 692.685 692.678 692.633 692.676 692.65 692.649 692.624 692.619 692.602 692.587 692.558 692.541 692.516 692.348 692.243 
693.554 692.919 692.945 692.959 693.028 693.037 693.004 693.049 692.999 692.972 692.998 693.024 693 692.997 693.037 692.989 692.991 692.993 692.988 692.941 692.985 692.959 692.957 692.934 692.926 692.908 692.894 692.865 692.848 692.82 692.649 692.543 
693.878 693.23 693.254 693.269 693.338 693.347 693.312 693.357 693.31 693.28 693.309 693.335 693.309 693.305 693.348 693.296 693.301 693.302 693.297 693.248 693.294 693.269 693.264 693.244 693.231 693.214 693.202 693.172 693.154 693.125 692.95 692.843 
694.202 693.541 693.564 693.58 693.649 693.658 693.621 693.665 693.62 693.59 693.62 693.646 693.618 693.614 693.659 693.604 693.612 693.611 693.606 693.556 693.604 693.579 693.571 693.554 693.537 693.521 693.51 693.48 693.461 693.429 693.251 693.143 
694.526 693.851 693.874 693.891 693.959 693.968 693.931 693.974 693.93 693.9 693.93 693.956 693.927 693.923 693.97 693.912 693.924 693.922 693.915 693.863 693.913 693.889 693.879 693.864 693.843 693.829 693.818 693.787 693.767 693.734 693.553 693.444 
694.851 694.159 694.184 694.201 694.269 694.279 694.243 694.284 694.239 694.21 694.24 694.265 694.237 694.233 694.281 694.22 694.235 694.232 694.223 694.171 694.223 694.198 694.187 694.174 694.149 694.136 694.125 694.094 694.074 694.04 693.855 693.744 
695.175 694.467 694.493 694.511 694.579 694.589 694.554 694.593 694.547 694.52 694.55 694.573 694.546 694.543 694.591 694.527 694.547 694.543 694.532 694.478 694.533 694.507 694.495 694.484 694.456 694.444 694.433 694.401 694.381 694.346 694.156 694.043 
695.499 694.774 694.802 694.821 694.887 694.899 694.865 694.902 694.855 694.83 694.86 694.88 694.857 694.853 694.901 694.835 694.857 694.852 694.841 694.786 694.844 694.815 694.804 694.795 694.763 694.751 694.74 694.707 694.687 694.652 694.458 694.342 
695.823 695.081 695.11 695.13 695.194 695.209 695.175 695.211 695.162 695.14 695.169 695.187 695.167 695.162 695.211 695.143 695.167 695.161 695.15 695.094 695.155 695.124 695.113 695.105 695.071 695.057 695.046 695.013 694.993 694.958 694.76 694.642 
696.146 695.388 695.418 695.439 695.5 695.517 695.485 695.52 695.47 695.448 695.479 695.494 695.477 695.471 695.52 695.45 695.475 695.469 695.46 695.403 695.466 695.432 695.422 695.416 695.379 695.363 695.353 695.318 695.299 695.263 695.063 694.941 
696.467 695.694 695.727 695.747 695.806 695.825 695.794 695.828 695.776 695.757 695.789 695.801 695.787 695.779 695.828 695.758 695.782 695.776 695.769 695.711 695.776 695.74 695.73 695.726 695.687 695.67 695.66 695.623 695.604 695.568 695.366 695.242 
696.788 696.001 696.035 696.056 696.111 696.132 696.104 696.135 696.081 696.065 696.098 696.107 696.096 696.088 696.135 696.065 696.088 696.083 696.078 696.021 696.086 696.049 696.037 696.036 695.996 695.976 695.968 695.927 695.908 695.872 695.669 695.542 
697.109 696.306 696.343 696.364 696.416 696.439 696.413 696.442 696.385 696.373 696.406 696.414 696.405 696.396 696.442 696.371 696.394 696.39 696.386 696.33 696.395 696.358 696.344 696.346 696.304 696.281 696.276 696.231 696.212 696.176 695.972 695.842 
697.429 696.61 696.651 696.671 696.721 696.744 696.721 696.749 696.689 696.68 696.714 696.719 696.714 696.705 696.748 696.677 696.7 696.696 696.693 696.64 696.704 696.668 696.65 696.656 696.611 696.587 696.584 696.535 696.516 696.481 696.275 696.142 
697.749 696.914 696.958 696.977 697.026 697.049 697.028 697.054 696.992 696.987 697.022 697.025 697.022 697.014 697.055 696.983 697.006 697.003 696.999 696.948 697.012 696.979 696.956 696.965 696.917 696.892 696.891 696.84 696.819 696.785 696.578 696.441 
698.069 697.218 697.264 697.281 697.33 697.353 697.334 697.359 697.295 697.294 697.329 697.33 697.33 697.323 697.362 697.289 697.313 697.309 697.305 697.256 697.32 697.29 697.261 697.273 697.222 697.197 697.197 697.145 697.123 697.089 696.88 696.739 
698.389 697.522 697.57 697.584 697.633 697.656 697.639 697.664 697.599 697.601 697.635 697.635 697.637 697.632 697.668 697.594 697.62 697.615 697.611 697.562 697.627 697.601 697.565 697.58 697.526 697.502 697.502 697.449 697.426 697.393 697.182 697.036 
698.707 697.825 697.874 697.887 697.936 697.958 697.944 697.968 697.903 697.908 697.94 697.939 697.942 697.94 697.975 697.9 697.926 697.921 697.916 697.866 697.933 697.909 697.868 697.886 697.829 697.808 697.806 697.751 697.729 697.696 697.482 697.332 
699.023 698.127 698.177 698.189 698.238 698.26 698.248 698.272 698.206 698.214 698.244 698.242 698.247 698.246 698.281 698.204 698.232 698.227 698.221 698.17 698.238 698.216 698.168 698.191 698.131 698.113 698.109 698.053 698.03 697.999 697.781 697.625 
699.338 698.426 698.479 698.491 698.541 698.562 698.551 698.575 698.509 698.519 698.547 698.544 698.55 698.55 698.586 698.508 698.537 698.531 698.524 698.473 698.54 698.52 698.468 698.493 698.432 698.417 698.41 698.352 698.331 698.3 698.079 697.918 
699.651 698.722 698.779 698.793 698.843 698.863 698.854 698.878 698.81 698.822 698.85 698.844 698.851 698.853 698.889 698.809 698.841 698.833 698.827 698.775 698.841 698.823 698.767 698.795 698.731 698.719 698.708 698.651 698.631 698.6 698.375 698.208 
699.963 699.018 699.079 699.094 699.145 699.162 699.154 699.18 699.109 699.124 699.151 699.142 699.151 699.153 699.19 699.11 699.144 699.134 699.128 699.076 699.14 699.124 699.067 699.095 699.028 699.02 699.005 698.949 698.931 698.899 698.669 698.498 
700.274 699.312 699.376 699.393 699.444 699.461 699.452 699.48 699.405 699.424 699.452 699.439 699.449 699.451 699.489 699.41 699.446 699.433 699.427 699.376 699.436 699.422 699.366 699.394 699.323 699.319 699.3 699.246 699.229 699.197 698.962 698.787 
700.584 699.605 699.671 699.691 699.74 699.758 699.748 699.777 699.7 699.723 699.751 699.734 699.746 699.748 699.785 699.709 699.746 699.73 699.724 699.674 699.731 699.719 699.664 699.693 699.617 699.616 699.594 699.542 699.526 699.493 699.253 699.074 
700.892 699.897 699.964 699.986 700.033 700.052 700.041 700.072 699.992 700.02 700.047 700.027 700.04 700.041 700.08 700.006 700.045 700.025 700.02 699.97 700.024 700.013 699.962 699.989 699.91 699.911 699.887 699.836 699.821 699.787 699.543 699.359 
701.198 700.187 700.255 700.28 700.324 700.345 700.332 700.364 700.282 700.315 700.341 700.319 700.332 700.333 700.372 700.301 700.342 700.317 700.314 700.264 700.315 700.304 700.257 700.284 700.201 700.205 700.179 700.129 700.116 700.079 699.831 699.643 
701.5 700.475 700.543 700.571 700.612 700.636 700.621 700.653 700.57 700.607 700.631 700.61 700.621 700.623 700.662 700.592 700.637 700.607 700.606 700.556 700.606 700.594 700.55 700.578 700.49 700.496 700.468 700.419 700.408 700.369 700.117 699.925 
701.8 700.761 700.829 700.859 700.897 700.924 700.907 700.939 700.857 700.895 700.918 700.897 700.908 700.91 700.949 700.881 700.928 700.895 700.896 700.845 700.894 700.881 700.84 700.869 700.777 700.785 700.755 700.707 700.698 700.656 700.401 700.205 
702.096 701.045 701.113 701.144 701.179 701.21 701.191 701.222 701.143 701.18 701.202 701.183 701.193 701.194 701.233 701.166 701.216 701.181 701.182 701.131 701.18 701.166 701.128 701.157 701.061 701.072 701.039 700.992 700.985 700.942 700.681 700.483 
702.389 701.325 701.393 701.426 701.458 701.493 701.471 701.502 701.426 701.462 701.482 701.465 701.475 701.476 701.514 701.447 701.499 701.464 701.465 701.414 701.463 701.447 701.411 701.443 701.343 701.355 701.321 701.274 701.269 701.225 700.959 700.758 
702.68 701.603 701.671 701.705 701.735 701.772 701.748 701.778 701.707 701.741 701.76 701.745 701.754 701.755 701.792 701.726 701.779 701.746 701.744 701.694 701.742 701.725 701.691 701.726 701.622 701.636 701.601 701.554 701.55 701.506 701.233 701.03 
702.968 701.877 701.947 701.981 702.009 702.048 702.021 702.052 701.985 702.018 702.035 702.021 702.031 702.031 702.067 702.002 702.054 702.025 702.02 701.971 702.018 701.999 701.967 702.005 701.899 701.914 701.879 701.83 701.828 701.785 701.505 701.299 
703.253 702.147 702.22 702.254 702.28 702.32 702.291 702.323 702.259 702.293 702.308 702.294 702.304 702.304 702.338 702.275 702.326 702.3 702.292 702.244 702.291 702.271 702.24 702.281 702.173 702.19 702.154 702.103 702.103 702.06 701.774 701.563 
703.536 702.413 702.49 702.523 702.548 702.589 702.558 702.59 702.53 702.565 702.578 702.564 702.573 702.573 702.607 702.544 702.594 702.572 702.561 702.515 702.561 702.54 702.508 702.553 702.444 702.463 702.427 702.371 702.373 702.331 702.04 701.824 
703.816 702.676 702.757 702.789 702.812 702.854 702.822 702.854 702.796 702.834 702.844 702.829 702.838 702.839 702.872 702.81 702.86 702.84 702.827 702.783 702.828 702.806 702.773 702.821 702.711 702.731 702.696 702.635 702.641 702.598 702.302 702.081 
704.092 702.935 703.02 703.05 703.073 703.115 703.083 703.113 703.058 703.1 703.107 703.09 703.099 703.1 703.134 703.072 703.123 703.102 703.089 703.047 703.093 703.069 703.034 703.086 702.974 702.994 702.96 702.895 702.904 702.859 702.561 702.333 
704.364 703.19 703.279 703.307 703.33 703.371 703.34 703.368 703.315 703.361 703.365 703.348 703.355 703.357 703.391 703.329 703.381 703.359 703.346 703.307 703.353 703.327 703.289 703.345 703.234 703.251 703.219 703.152 703.163 703.115 702.815 702.581 
704.631 703.44 703.532 703.559 703.583 703.623 703.594 703.619 703.569 703.616 703.617 703.601 703.608 703.609 703.643 703.582 703.634 703.61 703.6 703.561 703.608 703.581 703.539 703.601 703.489 703.503 703.473 703.404 703.418 703.365 703.064 702.825 
704.893 703.686 703.78 703.806 703.83 703.869 703.842 703.866 703.818 703.865 703.865 703.849 703.856 703.855 703.889 703.829 703.881 703.856 703.847 703.81 703.857 703.83 703.784 703.851 703.74 703.748 703.722 703.651 703.666 703.608 703.308 703.063 
705.148 703.926 704.022 704.049 704.073 704.111 704.085 704.108 704.063 704.107 704.107 704.091 704.101 704.095 704.13 704.071 704.123 704.096 704.09 704.053 704.1 704.074 704.024 704.096 703.984 703.989 703.965 703.892 703.908 703.845 703.546 703.296 
705.397 704.16 704.258 704.285 704.309 704.347 704.323 704.345 704.301 704.344 704.344 704.328 704.34 704.33 704.366 704.307 704.359 704.331 704.326 704.291 704.338 704.311 704.258 704.335 704.223 704.224 704.201 704.128 704.144 704.077 703.779 703.523 
705.64 704.389 704.488 704.516 704.539 704.578 704.555 704.576 704.533 704.575 704.576 704.558 704.573 704.558 704.597 704.537 704.589 704.56 704.557 704.523 704.571 704.542 704.487 704.568 704.455 704.454 704.432 704.357 704.373 704.304 704.005 703.745 
705.876 704.613 704.713 704.741 704.763 704.804 704.78 704.801 704.758 704.8 704.802 704.781 704.8 704.782 704.823 704.762 704.815 704.783 704.781 704.749 704.797 704.766 704.711 704.794 704.68 704.679 704.656 704.582 704.596 704.525 704.225 703.96 
706.107 704.83 704.932 704.959 704.981 705.023 704.999 705.021 704.977 705.019 705.023 704.999 705.021 705 705.043 704.98 705.035 705.001 705 704.968 705.016 704.985 704.929 705.013 704.898 704.896 704.875 704.8 704.813 704.74 704.439 704.17 
706.33 705.042 705.145 705.171 705.193 705.237 705.211 705.234 705.19 705.231 705.238 705.21 705.234 705.213 705.256 705.192 705.249 705.213 705.211 705.181 705.228 705.196 705.142 705.225 705.109 705.107 705.087 705.013 705.024 704.95 704.647 704.374 
706.548 705.248 705.351 705.377 705.398 705.445 705.416 705.44 705.396 705.438 705.446 705.415 705.439 705.42 705.462 705.398 705.457 705.418 705.415 705.386 705.433 705.401 705.347 705.43 705.313 705.311 705.294 705.218 705.227 705.154 704.849 704.571 
706.758 705.447 705.551 705.575 705.598 705.646 705.615 705.64 705.595 705.639 705.648 705.615 705.638 705.621 705.662 705.598 705.658 705.617 705.613 705.586 705.63 705.599 705.545 705.628 705.511 705.507 705.493 705.417 705.424 705.351 705.045 704.761 
706.962 705.64 705.742 705.767 705.79 705.84 705.807 705.833 705.788 705.834 705.841 705.807 705.831 705.816 705.854 705.791 705.852 705.809 705.804 705.778 705.821 705.789 705.735 705.818 705.701 705.695 705.685 705.607 705.614 705.541 705.234 704.943 
707.158 705.827 705.927 705.952 705.975 706.028 705.992 706.019 705.973 706.022 706.027 705.993 706.016 706.003 706.04 705.977 706.039 705.994 705.989 705.962 706.004 705.973 705.918 706.002 705.884 705.877 705.869 705.79 705.797 705.723 705.415 705.118 
707.347 706.006 706.104 706.131 706.153 706.208 706.171 706.198 706.151 706.204 706.206 706.172 706.195 706.183 706.219 706.157 706.217 706.171 706.166 706.139 706.18 706.151 706.093 706.178 706.059 706.051 706.046 705.965 705.973 705.898 705.588 705.286 
707.528 706.178 706.274 706.302 706.323 706.38 706.342 706.37 706.322 706.377 706.377 706.343 706.366 706.356 706.391 706.328 706.388 706.34 706.337 706.309 706.349 706.322 706.261 706.346 706.227 706.219 706.216 706.132 706.142 706.065 705.754 705.447 
707.699 706.342 706.438 706.467 706.485 706.545 706.505 706.535 706.485 706.543 706.541 706.506 706.529 706.521 706.555 706.492 706.552 706.501 706.5 706.47 706.511 706.485 706.421 706.507 706.387 706.38 706.378 706.29 706.304 706.224 705.911 705.6 
707.862 706.499 706.595 706.626 706.641 706.702 706.662 706.692 706.642 706.701 706.698 706.662 706.686 706.679 706.711 706.647 706.708 706.656 706.655 706.624 706.666 706.642 706.574 706.661 706.54 706.534 706.533 706.442 706.459 706.375 706.062 705.747 
708.018 706.649 706.746 706.778 706.791 706.854 706.811 706.842 706.792 706.852 706.849 706.812 706.836 706.829 706.859 706.795 706.857 706.803 706.804 706.772 706.814 706.79 706.721 706.808 706.687 706.681 706.681 706.587 706.607 706.519 706.206 705.887 
708.167 706.794 706.892 706.925 706.937 707 706.955 706.985 706.937 706.997 706.993 706.955 706.98 706.974 707.001 706.937 707 706.946 706.946 706.914 706.955 706.933 706.861 706.949 706.827 706.822 706.823 706.726 706.749 706.658 706.345 706.022 
708.311 706.934 707.034 707.067 707.078 707.141 707.093 707.124 707.077 707.137 707.132 707.092 707.119 707.113 707.137 707.073 707.137 707.084 707.083 707.053 707.092 707.07 706.996 707.085 706.962 706.958 706.958 706.86 706.886 706.791 706.479 706.151 
708.451 707.071 707.172 707.204 707.216 707.278 707.228 707.26 707.214 707.272 707.267 707.225 707.254 707.249 707.27 707.206 707.27 707.219 707.216 707.188 707.225 707.202 707.128 707.217 707.094 707.09 707.09 706.99 707.018 706.921 706.609 706.276 
