681.091 681.091 681.091 681.091 681.091 681.091 681.091 681.091 681.091 681.091 681.091 681.091 681.091 681.091 681.091 681.091 681.091 681.091 681.091 681.091 681.091 681.091 681.091 681.091 681.091 681.091 681.091 681.091 681.091 681.091 681.091 681.091 
681.264 681.259 681.256 681.256 681.258 681.259 681.259 681.26 681.259 681.259 681.258 681.261 681.26 681.26 681.261 681.258 681.259 681.259 681.26 681.26 681.262 681.257 681.259 681.259 681.257 681.258 681.259 681.261 681.255 681.257 681.254 681.25 
681.444 681.432 681.426 681.427 681.43 681.433 681.433 681.434 681.433 681.433 681.43 681.435 681.434 681.435 681.436 681.43 681.433 681.433 681.434 681.434 681.437 681.429 681.433 681.432 681.428 681.43 681.432 681.435 681.424 681.429 681.422 681.415 
681.63 681.611 681.602 681.604 681.609 681.613 681.612 681.613 681.612 681.612 681.607 681.616 681.613 681.615 681.616 681.609 681.612 681.613 681.613 681.613 681.618 681.607 681.611 681.61 681.605 681.608 681.61 681.613 681.598 681.605 681.596 681.585 
681.824 681.795 681.784 681.787 681.794 681.799 681.797 681.798 681.798 681.797 681.79 681.803 681.797 681.801 681.802 681.795 681.797 681.799 681.798 681.799 681.804 681.791 681.796 681.793 681.787 681.791 681.795 681.797 681.78 681.787 681.776 681.762 
682.025 681.986 681.973 681.977 681.984 681.991 681.988 681.988 681.99 681.988 681.981 681.997 681.988 681.993 681.994 681.987 681.988 681.991 681.989 681.99 681.996 681.983 681.987 681.983 681.977 681.98 681.986 681.988 681.967 681.976 681.962 681.944 
682.234 682.182 682.168 682.173 682.181 682.189 682.185 682.185 682.189 682.186 682.178 682.197 682.185 682.191 682.191 682.185 682.186 682.189 682.186 682.188 682.193 682.182 682.184 682.179 682.173 682.176 682.184 682.185 682.162 682.171 682.155 682.132 
682.449 682.385 682.371 682.375 682.385 682.394 682.389 682.389 682.395 682.389 682.382 682.403 682.389 682.395 682.395 682.39 682.389 682.394 682.39 682.392 682.397 682.388 682.388 682.383 682.377 682.38 682.387 682.389 682.365 682.372 682.355 682.327 
682.67 682.594 682.58 682.583 682.594 682.604 682.599 682.6 682.606 682.599 682.593 682.614 682.599 682.605 682.605 682.6 682.599 682.605 682.6 682.602 682.607 682.6 682.598 682.595 682.588 682.59 682.597 682.6 682.574 682.579 682.561 682.529 
682.898 682.809 682.795 682.797 682.81 682.822 682.815 682.817 682.823 682.815 682.81 682.831 682.816 682.821 682.823 682.815 682.815 682.823 682.816 682.818 682.823 682.819 682.814 682.813 682.805 682.807 682.813 682.816 682.79 682.793 682.774 682.737 
683.131 683.03 683.017 683.017 683.032 683.045 683.039 683.042 683.046 683.037 683.034 683.054 683.038 683.043 683.046 683.037 683.037 683.046 683.038 683.04 683.045 683.043 683.035 683.038 683.028 683.03 683.036 683.038 683.012 683.012 682.992 682.951 
683.371 683.257 683.245 683.244 683.26 683.275 683.269 683.274 683.275 683.265 683.263 683.282 683.267 683.271 683.276 683.264 683.264 683.276 683.267 683.268 683.273 683.272 683.263 683.269 683.255 683.259 683.264 683.265 683.24 683.237 683.216 683.172 
683.616 683.49 683.479 683.477 683.494 683.511 683.505 683.511 683.509 683.499 683.498 683.517 683.501 683.505 683.511 683.498 683.497 683.511 683.501 683.502 683.507 683.508 683.496 683.505 683.487 683.494 683.497 683.497 683.473 683.467 683.445 683.398 
683.868 683.729 683.719 683.716 683.734 683.752 683.747 683.754 683.75 683.738 683.739 683.756 683.742 683.746 683.753 683.737 683.736 683.753 683.742 683.74 683.747 683.748 683.735 683.747 683.725 683.735 683.735 683.735 683.71 683.703 683.68 683.63 
684.125 683.973 683.964 683.961 683.98 683.997 683.994 684.002 683.996 683.982 683.985 684.002 683.989 683.993 684.001 683.982 683.98 683.999 683.988 683.984 683.993 683.994 683.98 683.993 683.968 683.981 683.978 683.977 683.952 683.943 683.919 683.866 
684.388 684.222 684.215 684.212 684.231 684.246 684.245 684.255 684.248 684.232 684.236 684.252 684.241 684.246 684.254 684.231 684.23 684.251 684.239 684.232 684.245 684.244 684.23 684.244 684.216 684.232 684.225 684.224 684.199 684.188 684.164 684.106 
684.656 684.474 684.471 684.467 684.488 684.5 684.502 684.513 684.505 684.486 684.492 684.508 684.498 684.504 684.51 684.485 684.485 684.507 684.494 684.485 684.501 684.499 684.484 684.499 684.47 684.488 684.476 684.474 684.451 684.438 684.412 684.351 
684.929 684.731 684.732 684.726 684.75 684.759 684.762 684.774 684.767 684.745 684.753 684.768 684.76 684.766 684.771 684.743 684.744 684.766 684.754 684.742 684.762 684.757 684.744 684.757 684.728 684.746 684.732 684.729 684.708 684.692 684.665 684.599 
685.207 684.991 684.998 684.989 685.017 685.023 685.028 685.04 685.033 685.008 685.018 685.032 685.025 685.033 685.035 685.006 685.007 685.03 685.018 685.005 685.026 685.019 685.007 685.019 684.99 685.009 684.993 684.987 684.969 684.952 684.921 684.852 
685.489 685.254 685.267 685.256 685.288 685.292 685.297 685.309 685.302 685.274 685.287 685.3 685.294 685.303 685.303 685.272 685.275 685.296 685.286 685.271 685.292 685.284 685.275 685.285 685.256 685.274 685.258 685.249 685.234 685.215 685.181 685.108 
685.773 685.521 685.539 685.527 685.562 685.566 685.571 685.581 685.575 685.544 685.56 685.572 685.566 685.576 685.575 685.542 685.546 685.566 685.557 685.54 685.561 685.552 685.546 685.555 685.525 685.543 685.527 685.516 685.503 685.482 685.444 685.368 
686.061 685.793 685.813 685.802 685.838 685.844 685.849 685.856 685.85 685.818 685.837 685.847 685.841 685.852 685.85 685.816 685.82 685.838 685.832 685.813 685.834 685.825 685.82 685.827 685.797 685.814 685.8 685.787 685.774 685.752 685.71 685.632 
686.351 686.068 686.091 686.081 686.116 686.126 686.129 686.134 686.129 686.094 686.116 686.125 686.117 686.13 686.128 686.092 686.097 686.112 686.109 686.088 686.109 686.101 686.097 686.102 686.072 686.088 686.076 686.06 686.048 686.025 685.979 685.9 
686.644 686.347 686.371 686.363 686.396 686.412 686.411 686.416 686.409 686.373 686.398 686.407 686.397 686.41 686.409 686.372 686.377 686.389 686.39 686.366 686.387 686.38 686.377 686.38 686.35 686.364 686.353 686.337 686.324 686.3 686.251 686.171 
686.94 686.629 686.653 686.647 686.678 686.699 686.696 686.701 686.692 686.655 686.682 686.69 686.68 686.693 686.693 686.656 686.661 686.67 686.673 686.647 686.669 686.661 686.659 686.661 686.631 686.642 686.633 686.616 686.603 686.578 686.524 686.446 
687.239 686.915 686.938 686.934 686.964 686.988 686.983 686.989 686.976 686.939 686.969 686.976 686.966 686.979 686.979 686.942 686.947 686.953 686.959 686.931 686.954 686.945 686.943 686.946 686.913 686.924 686.915 686.898 686.884 686.859 686.799 686.724 
687.54 687.202 687.225 687.223 687.251 687.278 687.273 687.279 687.262 687.226 687.259 687.265 687.255 687.267 687.268 687.231 687.236 687.241 687.247 687.218 687.241 687.231 687.231 687.234 687.199 687.208 687.2 687.183 687.168 687.143 687.076 687.004 
687.843 687.492 687.515 687.515 687.541 687.569 687.567 687.572 687.551 687.515 687.55 687.555 687.546 687.559 687.56 687.522 687.527 687.531 687.538 687.507 687.531 687.519 687.521 687.524 687.487 687.496 687.487 687.471 687.455 687.429 687.355 687.287 
688.149 687.782 687.807 687.809 687.834 687.862 687.862 687.867 687.842 687.808 687.843 687.848 687.84 687.853 687.854 687.816 687.819 687.824 687.83 687.799 687.823 687.809 687.813 687.815 687.779 687.787 687.778 687.761 687.744 687.718 687.637 687.572 
688.456 688.074 688.101 688.105 688.129 688.156 688.159 688.163 688.135 688.103 688.138 688.142 688.136 688.149 688.15 688.111 688.113 688.12 688.125 688.093 688.118 688.102 688.107 688.109 688.072 688.081 688.07 688.054 688.036 688.009 687.923 687.858 
688.765 688.367 688.397 688.402 688.426 688.452 688.457 688.462 688.43 688.4 688.435 688.439 688.434 688.446 688.447 688.408 688.409 688.416 688.422 688.388 688.416 688.397 688.404 688.403 688.367 688.376 688.364 688.348 688.329 688.303 688.211 688.146 
689.076 688.662 688.694 688.701 688.727 688.751 688.756 688.764 688.727 688.698 688.733 688.738 688.733 688.744 688.747 688.707 688.706 688.715 688.72 688.685 688.715 688.695 688.702 688.699 688.664 688.673 688.659 688.643 688.625 688.598 688.501 688.434 
689.389 688.959 688.992 688.999 689.029 689.051 689.055 689.067 689.026 688.998 689.032 689.039 689.034 689.043 689.048 689.007 689.005 689.015 689.019 688.984 689.016 688.995 689.003 688.994 688.962 688.971 688.955 688.939 688.921 688.894 688.792 688.723 
689.703 689.258 689.292 689.299 689.334 689.354 689.356 689.371 689.326 689.299 689.332 689.34 689.336 689.342 689.35 689.308 689.306 689.316 689.32 689.283 689.318 689.296 689.304 689.291 689.261 689.27 689.252 689.237 689.217 689.192 689.084 689.013 
690.02 689.558 689.592 689.598 689.64 689.657 689.657 689.675 689.628 689.602 689.632 689.643 689.638 689.642 689.654 689.61 689.608 689.618 689.622 689.584 689.621 689.598 689.608 689.588 689.56 689.57 689.55 689.535 689.514 689.49 689.377 689.303 
690.337 689.86 689.892 689.899 689.947 689.961 689.959 689.98 689.93 689.905 689.933 689.948 689.942 689.944 689.958 689.912 689.911 689.922 689.924 689.885 689.924 689.901 689.911 689.887 689.861 689.872 689.849 689.834 689.811 689.789 689.671 689.594 
690.656 690.162 690.194 690.201 690.254 690.265 690.261 690.287 690.233 690.209 690.234 690.253 690.245 690.246 690.263 690.216 690.214 690.227 690.228 690.187 690.227 690.205 690.215 690.187 690.163 690.174 690.15 690.133 690.109 690.088 689.965 689.886 
690.975 690.465 690.497 690.505 690.56 690.57 690.563 690.594 690.537 690.514 690.537 690.559 690.549 690.55 690.568 690.521 690.519 690.533 690.532 690.489 690.531 690.509 690.519 690.489 690.466 690.476 690.453 690.432 690.408 690.388 690.26 690.179 
691.296 690.77 690.8 690.809 690.866 690.875 690.866 690.902 690.842 690.82 690.841 690.865 690.853 690.854 690.874 690.828 690.826 690.84 690.836 690.792 690.836 690.813 690.822 690.792 690.772 690.779 690.757 690.731 690.709 690.69 690.555 690.472 
691.616 691.074 691.105 691.115 691.173 691.181 691.169 691.21 691.147 691.127 691.147 691.172 691.158 691.159 691.181 691.136 691.133 691.147 691.141 691.096 691.141 691.118 691.124 691.096 691.079 691.082 691.061 691.032 691.012 690.993 690.851 690.765 
691.938 691.38 691.41 691.42 691.481 691.488 691.473 691.518 691.453 691.434 691.453 691.48 691.462 691.464 691.488 691.446 691.442 691.454 691.447 691.402 691.447 691.422 691.427 691.4 691.386 691.386 691.366 691.334 691.316 691.297 691.149 691.06 
692.26 691.685 691.716 691.726 691.789 691.796 691.778 691.824 691.76 691.742 691.76 691.788 691.768 691.769 691.796 691.755 691.751 691.762 691.753 691.709 691.753 691.728 691.73 691.704 691.695 691.689 691.67 691.639 691.621 691.602 691.448 691.354 
692.583 691.992 692.022 692.033 692.098 692.106 692.084 692.13 692.068 692.049 692.068 692.096 692.074 692.074 692.105 692.065 692.061 692.069 692.06 692.017 692.06 692.034 692.035 692.009 692.004 691.993 691.975 691.944 691.927 691.907 691.748 691.65 
692.907 692.299 692.329 692.341 692.408 692.416 692.39 692.436 692.377 692.357 692.377 692.405 692.382 692.381 692.415 692.374 692.371 692.378 692.369 692.325 692.367 692.342 692.342 692.316 692.312 692.298 692.28 692.251 692.233 692.211 692.048 691.946 
693.231 692.608 692.636 692.65 692.718 692.726 692.697 692.742 692.688 692.664 692.687 692.714 692.691 692.688 692.726 692.682 692.681 692.686 692.678 692.633 692.676 692.65 692.649 692.625 692.619 692.603 692.587 692.558 692.54 692.516 692.348 692.244 
693.555 692.919 692.945 692.959 693.028 693.037 693.004 693.049 692.999 692.972 692.998 693.025 693 692.997 693.037 692.989 692.991 692.994 692.987 692.941 692.984 692.959 692.956 692.935 692.926 692.909 692.894 692.865 692.847 692.82 692.649 692.543 
693.879 693.23 693.254 693.269 693.338 693.347 693.312 693.357 693.31 693.28 693.309 693.336 693.309 693.305 693.348 693.297 693.301 693.302 693.297 693.248 693.294 693.269 693.263 693.245 693.231 693.215 693.201 693.173 693.154 693.125 692.95 692.843 
694.203 693.541 693.564 693.58 693.649 693.658 693.621 693.665 693.62 693.59 693.62 693.647 693.618 693.614 693.659 693.605 693.612 693.612 693.606 693.556 693.603 693.579 693.57 693.555 693.537 693.522 693.509 693.48 693.46 693.429 693.251 693.144 
694.527 693.851 693.874 693.891 693.959 693.968 693.931 693.974 693.93 693.9 693.93 693.957 693.927 693.923 693.97 693.913 693.924 693.922 693.914 693.863 693.913 693.889 693.878 693.865 693.843 693.829 693.817 693.788 693.767 693.734 693.553 693.445 
694.851 694.159 694.184 694.201 694.269 694.279 694.243 694.284 694.239 694.21 694.24 694.266 694.237 694.233 694.281 694.22 694.235 694.233 694.222 694.171 694.222 694.198 694.186 694.175 694.149 694.137 694.125 694.095 694.073 694.04 693.855 693.744 
695.176 694.467 694.493 694.511 694.579 694.589 694.554 694.593 694.547 694.52 694.55 694.574 694.546 694.543 694.591 694.528 694.547 694.543 694.531 694.478 694.532 694.507 694.494 694.485 694.456 694.444 694.432 694.402 694.38 694.346 694.156 694.044 
695.5 694.774 694.802 694.821 694.887 694.899 694.865 694.902 694.855 694.83 694.86 694.881 694.857 694.853 694.901 694.836 694.857 694.853 694.84 694.786 694.843 694.815 694.803 694.796 694.763 694.752 694.739 694.708 694.687 694.652 694.458 694.343 
695.824 695.081 695.11 695.13 695.194 695.209 695.175 695.211 695.162 695.14 695.169 695.188 695.167 695.162 695.211 695.143 695.167 695.162 695.15 695.094 695.154 695.124 695.112 695.106 695.071 695.058 695.046 695.014 694.993 694.958 694.76 694.642 
696.146 695.388 695.418 695.439 695.5 695.517 695.485 695.52 695.47 695.448 695.479 695.495 695.477 695.471 695.52 695.451 695.475 695.47 695.459 695.403 695.465 695.432 695.421 695.416 695.379 695.364 695.352 695.319 695.298 695.263 695.063 694.942 
696.468 695.694 695.727 695.747 695.806 695.825 695.794 695.828 695.776 695.757 695.789 695.802 695.787 695.779 695.828 695.759 695.782 695.777 695.768 695.711 695.775 695.74 695.729 695.727 695.687 695.67 695.659 695.624 695.603 695.568 695.366 695.242 
696.789 696.001 696.035 696.056 696.111 696.132 696.104 696.135 696.081 696.065 696.098 696.108 696.096 696.088 696.135 696.066 696.088 696.084 696.077 696.021 696.085 696.049 696.036 696.037 695.996 695.976 695.967 695.928 695.907 695.872 695.669 695.543 
697.11 696.306 696.344 696.364 696.416 696.439 696.413 696.442 696.385 696.373 696.406 696.414 696.405 696.396 696.442 696.372 696.394 696.391 696.385 696.33 696.394 696.358 696.343 696.347 696.304 696.282 696.275 696.232 696.211 696.176 695.972 695.843 
697.43 696.61 696.651 696.671 696.721 696.744 696.721 696.749 696.689 696.68 696.714 696.72 696.714 696.705 696.748 696.678 696.7 696.697 696.692 696.64 696.703 696.668 696.649 696.657 696.611 696.588 696.583 696.536 696.515 696.481 696.275 696.143 
697.75 696.914 696.958 696.977 697.026 697.049 697.028 697.054 696.992 696.987 697.022 697.026 697.022 697.014 697.055 696.984 697.006 697.004 696.998 696.948 697.012 696.979 696.955 696.966 696.917 696.893 696.89 696.841 696.818 696.785 696.578 696.442 
698.07 697.218 697.264 697.281 697.33 697.353 697.334 697.359 697.295 697.294 697.329 697.331 697.33 697.323 697.362 697.29 697.313 697.31 697.304 697.256 697.319 697.29 697.26 697.274 697.222 697.198 697.196 697.146 697.122 697.089 696.88 696.74 
698.39 697.522 697.57 697.584 697.633 697.656 697.639 697.664 697.599 697.601 697.635 697.636 697.637 697.632 697.668 697.595 697.62 697.616 697.61 697.562 697.626 697.601 697.564 697.581 697.526 697.503 697.501 697.45 697.425 697.393 697.182 697.037 
698.708 697.825 697.874 697.887 697.936 697.958 697.944 697.968 697.903 697.908 697.94 697.94 697.942 697.94 697.975 697.901 697.926 697.922 697.915 697.866 697.932 697.909 697.867 697.887 697.829 697.809 697.805 697.752 697.728 697.696 697.482 697.332 
699.024 698.127 698.177 698.189 698.238 698.26 698.248 698.272 698.206 698.214 698.244 698.243 698.247 698.246 698.281 698.205 698.232 698.228 698.22 698.17 698.237 698.216 698.167 698.192 698.131 698.114 698.108 698.054 698.029 697.999 697.781 697.626 
699.339 698.426 698.479 698.491 698.541 698.562 698.551 698.575 698.509 698.519 698.547 698.545 698.55 698.55 698.586 698.509 698.537 698.532 698.523 698.473 698.539 698.52 698.467 698.494 698.432 698.418 698.409 698.353 698.33 698.3 698.079 697.918 
699.652 698.722 698.779 698.793 698.843 698.863 698.854 698.878 698.81 698.822 698.85 698.845 698.851 698.853 698.889 698.811 698.841 698.834 698.826 698.775 698.84 698.823 698.766 698.796 698.731 698.721 698.707 698.652 698.63 698.6 698.375 698.209 
699.964 699.018 699.079 699.094 699.145 699.162 699.154 699.18 699.109 699.124 699.151 699.143 699.151 699.153 699.19 699.111 699.144 699.135 699.126 699.076 699.139 699.124 699.066 699.096 699.028 699.021 699.004 698.95 698.93 698.899 698.669 698.499 
700.275 699.312 699.376 699.393 699.444 699.461 699.452 699.48 699.405 699.424 699.452 699.44 699.449 699.451 699.489 699.411 699.446 699.434 699.426 699.376 699.435 699.422 699.365 699.395 699.323 699.32 699.299 699.247 699.228 699.197 698.962 698.788 
700.585 699.605 699.671 699.691 699.74 699.758 699.748 699.777 699.7 699.723 699.751 699.735 699.746 699.748 699.785 699.71 699.746 699.731 699.723 699.674 699.73 699.719 699.663 699.694 699.617 699.617 699.593 699.543 699.525 699.493 699.253 699.075 
700.893 699.897 699.964 699.986 700.033 700.052 700.041 700.072 699.992 700.02 700.047 700.029 700.04 700.041 700.08 700.007 700.045 700.026 700.019 699.97 700.023 700.013 699.961 699.99 699.91 699.912 699.886 699.837 699.82 699.787 699.543 699.36 
701.199 700.187 700.255 700.28 700.324 700.345 700.332 700.364 700.282 700.315 700.341 700.321 700.332 700.333 700.372 700.302 700.342 700.318 700.313 700.264 700.314 700.304 700.256 700.286 700.201 700.206 700.178 700.13 700.115 700.079 699.831 699.644 
701.502 700.475 700.543 700.571 700.612 700.636 700.621 700.653 700.57 700.607 700.632 700.611 700.621 700.623 700.662 700.594 700.637 700.608 700.605 700.556 700.604 700.594 700.549 700.579 700.49 700.498 700.467 700.42 700.407 700.369 700.117 699.926 
701.801 700.761 700.829 700.859 700.897 700.924 700.907 700.939 700.857 700.895 700.918 700.899 700.908 700.91 700.949 700.882 700.928 700.896 700.895 700.845 700.893 700.881 700.839 700.87 700.777 700.786 700.754 700.708 700.697 700.656 700.401 700.206 
702.097 701.045 701.113 701.144 701.179 701.21 701.191 701.222 701.143 701.18 701.202 701.184 701.193 701.194 701.233 701.167 701.216 701.182 701.181 701.131 701.179 701.166 701.126 701.158 701.061 701.073 701.038 700.993 700.984 700.942 700.681 700.484 
702.39 701.325 701.393 701.426 701.458 701.493 701.471 701.502 701.426 701.462 701.482 701.466 701.475 701.476 701.514 701.449 701.499 701.465 701.464 701.414 701.462 701.447 701.41 701.444 701.343 701.356 701.32 701.276 701.268 701.225 700.959 700.759 
702.681 701.603 701.671 701.705 701.735 701.772 701.748 701.778 701.707 701.741 701.76 701.746 701.754 701.755 701.792 701.727 701.779 701.747 701.743 701.694 701.741 701.725 701.69 701.727 701.622 701.637 701.6 701.555 701.549 701.506 701.233 701.031 
702.969 701.877 701.947 701.981 702.009 702.048 702.021 702.052 701.985 702.018 702.035 702.022 702.031 702.031 702.067 702.003 702.054 702.026 702.019 701.971 702.017 701.999 701.966 702.006 701.899 701.916 701.878 701.832 701.827 701.785 701.505 701.3 
703.254 702.147 702.22 702.254 702.28 702.32 702.291 702.323 702.259 702.293 702.308 702.295 702.304 702.304 702.338 702.276 702.326 702.302 702.291 702.244 702.289 702.271 702.238 702.282 702.173 702.192 702.153 702.104 702.101 702.06 701.774 701.564 
703.537 702.413 702.49 702.523 702.548 702.589 702.558 702.59 702.53 702.565 702.578 702.565 702.573 702.573 702.607 702.545 702.595 702.574 702.56 702.515 702.559 702.54 702.507 702.554 702.444 702.464 702.426 702.372 702.372 702.331 702.04 701.825 
703.817 702.676 702.757 702.789 702.812 702.854 702.822 702.854 702.796 702.834 702.844 702.83 702.838 702.839 702.872 702.812 702.86 702.841 702.826 702.783 702.827 702.806 702.772 702.823 702.711 702.733 702.694 702.636 702.639 702.598 702.302 702.082 
704.094 702.935 703.02 703.05 703.073 703.115 703.083 703.113 703.058 703.1 703.107 703.092 703.099 703.1 703.134 703.073 703.123 703.103 703.087 703.047 703.091 703.069 703.032 703.087 702.974 702.996 702.959 702.897 702.903 702.859 702.561 702.334 
704.366 703.19 703.279 703.307 703.33 703.371 703.34 703.368 703.315 703.361 703.365 703.349 703.355 703.357 703.391 703.331 703.381 703.36 703.345 703.307 703.352 703.327 703.288 703.347 703.234 703.253 703.218 703.153 703.162 703.115 702.815 702.582 
704.633 703.44 703.532 703.559 703.583 703.623 703.594 703.619 703.569 703.616 703.617 703.602 703.608 703.609 703.643 703.583 703.634 703.611 703.598 703.561 703.606 703.581 703.538 703.602 703.489 703.504 703.472 703.405 703.416 703.365 703.064 702.826 
704.894 703.686 703.78 703.806 703.83 703.869 703.842 703.866 703.818 703.865 703.865 703.85 703.856 703.855 703.889 703.83 703.881 703.857 703.846 703.81 703.855 703.83 703.783 703.852 703.74 703.75 703.72 703.652 703.665 703.608 703.308 703.065 
705.149 703.926 704.022 704.049 704.073 704.111 704.085 704.108 704.063 704.107 704.107 704.093 704.101 704.095 704.13 704.072 704.123 704.098 704.088 704.053 704.099 704.074 704.022 704.097 703.984 703.99 703.963 703.893 703.907 703.845 703.546 703.297 
705.398 704.16 704.258 704.285 704.309 704.347 704.323 704.345 704.301 704.344 704.344 704.329 704.34 704.33 704.366 704.308 704.359 704.332 704.325 704.291 704.337 704.311 704.257 704.336 704.223 704.226 704.2 704.129 704.142 704.077 703.779 703.525 
705.641 704.389 704.488 704.516 704.539 704.578 704.555 704.576 704.533 704.575 704.576 704.559 704.573 704.558 704.597 704.539 704.589 704.561 704.555 704.523 704.569 704.542 704.486 704.569 704.455 704.456 704.431 704.359 704.372 704.304 704.005 703.746 
705.878 704.613 704.713 704.741 704.763 704.804 704.78 704.801 704.758 704.8 704.802 704.783 704.8 704.782 704.823 704.763 704.815 704.785 704.78 704.749 704.795 704.766 704.71 704.795 704.68 704.68 704.655 704.583 704.595 704.525 704.225 703.962 
706.108 704.83 704.932 704.959 704.981 705.023 704.999 705.02 704.977 705.019 705.023 705 705.021 705 705.043 704.981 705.035 705.002 704.998 704.968 705.015 704.985 704.928 705.014 704.898 704.898 704.874 704.802 704.812 704.74 704.439 704.171 
706.332 705.042 705.145 705.171 705.193 705.237 705.211 705.234 705.19 705.231 705.238 705.212 705.234 705.213 705.256 705.193 705.249 705.214 705.21 705.181 705.227 705.196 705.14 705.227 705.109 705.109 705.086 705.014 705.022 704.95 704.647 704.375 
706.549 705.248 705.351 705.377 705.398 705.445 705.416 705.44 705.396 705.438 705.446 705.417 705.439 705.42 705.462 705.399 705.457 705.42 705.414 705.387 705.431 705.401 705.346 705.431 705.313 705.312 705.292 705.22 705.226 705.154 704.849 704.572 
706.76 705.447 705.551 705.575 705.598 705.646 705.615 705.64 705.595 705.639 705.648 705.616 705.639 705.621 705.662 705.599 705.658 705.619 705.612 705.586 705.629 705.599 705.544 705.629 705.511 705.508 705.491 705.418 705.423 705.351 705.045 704.762 
706.963 705.64 705.742 705.767 705.79 705.84 705.807 705.833 705.788 705.834 705.841 705.809 705.831 705.816 705.854 705.792 705.852 705.811 705.803 705.778 705.82 705.789 705.734 705.82 705.701 705.697 705.683 705.609 705.612 705.541 705.234 704.944 
707.16 705.827 705.927 705.952 705.975 706.028 705.992 706.019 705.973 706.022 706.027 705.995 706.016 706.003 706.04 705.979 706.039 705.995 705.987 705.962 706.003 705.973 705.917 706.003 705.884 705.878 705.868 705.792 705.795 705.723 705.415 705.12 
707.348 706.006 706.104 706.131 706.153 706.208 706.171 706.198 706.151 706.204 706.206 706.173 706.195 706.183 706.219 706.158 706.217 706.172 706.165 706.139 706.179 706.151 706.092 706.179 706.06 706.053 706.045 705.966 705.971 705.898 705.588 705.287 
707.529 706.178 706.274 706.302 706.323 706.38 706.342 706.37 706.322 706.377 706.377 706.344 706.366 706.356 706.391 706.33 706.388 706.341 706.335 706.309 706.348 706.322 706.259 706.348 706.227 706.221 706.214 706.133 706.141 706.065 705.754 705.448 
707.701 706.342 706.438 706.468 706.485 706.545 706.505 706.535 706.485 706.543 706.541 706.508 706.529 706.521 706.555 706.493 706.552 706.503 706.498 706.47 706.51 706.485 706.42 706.509 706.387 706.381 706.377 706.292 706.302 706.224 705.911 705.602 
707.864 706.499 706.595 706.626 706.641 706.702 706.662 706.692 706.642 706.701 706.698 706.664 706.686 706.679 706.711 706.649 706.708 706.657 706.654 706.624 706.664 706.642 706.573 706.663 706.54 706.535 706.532 706.443 706.457 706.375 706.062 705.748 
708.019 706.649 706.746 706.778 706.791 706.854 706.811 706.841 706.792 706.852 706.849 706.813 706.836 706.829 706.859 706.797 706.857 706.805 706.802 706.772 706.812 706.79 706.719 706.81 706.687 706.682 706.68 706.588 706.605 706.519 706.206 705.889 
708.168 706.794 706.892 706.925 706.937 707 706.955 706.985 706.937 706.997 706.993 706.956 706.98 706.974 707.001 706.938 707 706.947 706.945 706.914 706.954 706.933 706.859 706.95 706.827 706.824 706.821 706.727 706.747 706.658 706.345 706.023 
708.312 706.934 707.034 707.067 707.078 707.141 707.093 707.124 707.077 707.137 707.132 707.094 707.119 707.113 707.137 707.075 707.137 707.086 707.082 707.053 707.09 707.07 706.995 707.086 706.962 706.96 706.957 706.861 706.884 706.791 706.479 706.152 
708.452 707.071 707.172 707.204 707.216 707.278 707.228 707.26 707.214 707.272 707.267 707.227 707.254 707.249 707.27 707.207 707.27 707.22 707.215 707.188 707.223 707.202 707.127 707.219 707.094 707.091 707.088 706.992 707.017 706.921 706.609 706.278 
