681.091 681.091 681.091 681.091 681.091 681.091 681.091 681.091 681.091 681.091 681.091 681.091 681.091 681.091 681.091 681.091 681.091 681.091 681.091 681.091 681.091 681.091 681.091 681.091 681.091 681.091 681.091 681.091 681.091 681.091 681.091 681.091 
681.261 681.252 681.249 681.249 681.251 681.252 681.252 681.253 681.252 681.252 681.251 681.253 681.253 681.253 681.254 681.251 681.252 681.252 681.253 681.253 681.255 681.25 681.252 681.252 681.25 681.251 681.252 681.254 681.248 681.25 681.247 681.247 
681.438 681.418 681.413 681.413 681.417 681.419 681.419 681.42 681.419 681.419 681.416 681.422 681.42 681.421 681.422 681.416 681.419 681.42 681.421 681.42 681.424 681.415 681.419 681.418 681.415 681.417 681.418 681.421 681.41 681.415 681.409 681.409 
681.622 681.59 681.582 681.584 681.588 681.592 681.591 681.593 681.592 681.591 681.587 681.596 681.592 681.595 681.596 681.588 681.591 681.592 681.593 681.593 681.598 681.586 681.591 681.589 681.584 681.587 681.59 681.593 681.578 681.584 681.576 681.577 
681.813 681.768 681.757 681.76 681.766 681.771 681.77 681.77 681.771 681.77 681.763 681.776 681.77 681.774 681.775 681.767 681.77 681.771 681.771 681.772 681.777 681.764 681.769 681.766 681.76 681.763 681.768 681.77 681.752 681.76 681.749 681.75 
682.011 681.952 681.939 681.943 681.951 681.957 681.954 681.954 681.957 681.954 681.947 681.963 681.954 681.959 681.96 681.953 681.954 681.957 681.955 681.956 681.962 681.949 681.953 681.949 681.943 681.946 681.953 681.954 681.934 681.942 681.929 681.929 
682.217 682.142 682.128 682.132 682.141 682.149 682.145 682.145 682.149 682.145 682.138 682.156 682.145 682.15 682.151 682.145 682.145 682.149 682.145 682.147 682.153 682.142 682.144 682.139 682.133 682.136 682.143 682.144 682.122 682.13 682.115 682.115 
682.43 682.338 682.324 682.328 682.337 682.346 682.342 682.342 682.347 682.342 682.335 682.355 682.342 682.348 682.348 682.342 682.342 682.347 682.342 682.345 682.35 682.341 682.341 682.336 682.33 682.332 682.34 682.342 682.317 682.325 682.308 682.307 
682.648 682.54 682.526 682.529 682.54 682.55 682.545 682.546 682.552 682.545 682.539 682.56 682.545 682.551 682.552 682.546 682.546 682.551 682.546 682.548 682.553 682.547 682.544 682.541 682.534 682.536 682.543 682.546 682.52 682.526 682.508 682.506 
682.873 682.748 682.735 682.736 682.749 682.761 682.755 682.757 682.762 682.754 682.75 682.771 682.755 682.76 682.762 682.755 682.755 682.762 682.755 682.758 682.762 682.758 682.753 682.752 682.745 682.746 682.753 682.755 682.729 682.732 682.714 682.711 
683.103 682.962 682.95 682.95 682.965 682.978 682.971 682.975 682.979 682.97 682.966 682.987 682.971 682.976 682.979 682.969 682.97 682.979 682.971 682.973 682.978 682.976 682.968 682.97 682.96 682.963 682.969 682.97 682.945 682.945 682.925 682.922 
683.34 683.183 683.171 683.17 683.186 683.201 683.195 683.2 683.201 683.191 683.189 683.208 683.193 683.197 683.202 683.19 683.19 683.202 683.193 683.194 683.199 683.199 683.189 683.195 683.181 683.185 683.19 683.191 683.166 683.163 683.142 683.14 
683.583 683.409 683.398 683.396 683.413 683.43 683.424 683.431 683.429 683.418 683.418 683.436 683.421 683.425 683.431 683.417 683.417 683.431 683.421 683.421 683.426 683.427 683.415 683.424 683.406 683.413 683.417 683.416 683.392 683.387 683.365 683.364 
683.831 683.641 683.631 683.628 683.646 683.664 683.66 683.667 683.662 683.651 683.652 683.669 683.655 683.659 683.666 683.65 683.649 683.665 683.654 683.653 683.66 683.661 683.648 683.659 683.637 683.647 683.648 683.647 683.623 683.615 683.593 683.592 
684.086 683.879 683.87 683.867 683.886 683.902 683.9 683.908 683.902 683.888 683.891 683.908 683.895 683.899 683.907 683.887 683.886 683.905 683.894 683.89 683.899 683.9 683.886 683.899 683.874 683.887 683.884 683.883 683.859 683.849 683.825 683.826 
684.346 684.121 684.114 684.111 684.13 684.145 684.145 684.155 684.147 684.131 684.136 684.152 684.141 684.145 684.153 684.13 684.129 684.15 684.138 684.131 684.144 684.144 684.129 684.143 684.116 684.131 684.124 684.123 684.099 684.087 684.063 684.063 
684.611 684.367 684.364 684.359 684.381 684.392 684.394 684.405 684.397 684.379 684.385 684.401 684.391 684.396 684.403 684.377 684.377 684.399 684.387 684.377 684.394 684.392 684.377 684.391 684.363 684.38 684.369 684.367 684.344 684.33 684.305 684.305 
684.882 684.616 684.618 684.612 684.636 684.644 684.648 684.66 684.652 684.631 684.639 684.654 684.646 684.652 684.657 684.629 684.63 684.652 684.64 684.628 684.648 684.643 684.63 684.643 684.614 684.632 684.618 684.615 684.594 684.578 684.551 684.55 
685.157 684.87 684.877 684.868 684.896 684.902 684.907 684.919 684.911 684.887 684.897 684.911 684.905 684.912 684.915 684.885 684.887 684.909 684.898 684.884 684.905 684.898 684.886 684.898 684.87 684.887 684.872 684.866 684.849 684.831 684.8 684.8 
685.436 685.126 685.139 685.128 685.16 685.164 685.17 685.181 685.174 685.147 685.159 685.172 685.167 685.175 685.176 685.144 685.147 685.169 685.159 685.143 685.165 685.156 685.147 685.158 685.128 685.146 685.13 685.122 685.107 685.088 685.053 685.053 
685.718 685.387 685.405 685.392 685.427 685.431 685.438 685.447 685.44 685.41 685.426 685.437 685.432 685.441 685.441 685.408 685.411 685.431 685.423 685.406 685.427 685.418 685.411 685.42 685.391 685.408 685.393 685.382 685.369 685.348 685.31 685.311 
686.002 685.651 685.673 685.661 685.697 685.703 685.708 685.715 685.709 685.677 685.696 685.706 685.7 685.711 685.709 685.674 685.679 685.696 685.691 685.672 685.693 685.684 685.679 685.686 685.656 685.673 685.659 685.646 685.633 685.611 685.569 685.572 
686.29 685.92 685.943 685.933 685.968 685.978 685.982 685.987 685.981 685.946 685.969 685.978 685.97 685.982 685.981 685.944 685.949 685.964 685.961 685.94 685.961 685.953 685.949 685.954 685.925 685.94 685.928 685.913 685.901 685.878 685.832 685.836 
686.58 686.192 686.217 686.208 686.242 686.257 686.257 686.262 686.255 686.219 686.244 686.252 686.243 686.256 686.255 686.218 686.223 686.235 686.235 686.212 686.233 686.226 686.222 686.225 686.196 686.209 686.199 686.183 686.17 686.146 686.096 686.105 
686.873 686.468 686.493 686.486 686.517 686.538 686.535 686.54 686.53 686.494 686.521 686.529 686.519 686.532 686.532 686.494 686.5 686.508 686.512 686.486 686.508 686.501 686.498 686.5 686.469 686.481 686.472 686.455 686.442 686.417 686.363 686.377 
687.169 686.747 686.771 686.766 686.796 686.82 686.816 686.821 686.808 686.771 686.802 686.809 686.798 686.811 686.811 686.774 686.78 686.785 686.791 686.763 686.786 686.778 686.776 686.778 686.746 686.756 686.748 686.73 686.717 686.691 686.631 686.652 
687.468 687.028 687.051 687.048 687.077 687.103 687.099 687.105 687.087 687.051 687.084 687.09 687.08 687.093 687.094 687.056 687.062 687.066 687.072 687.044 687.067 687.057 687.056 687.059 687.025 687.034 687.026 687.008 686.994 686.968 686.901 686.929 
687.768 687.31 687.334 687.333 687.36 687.388 687.386 687.391 687.369 687.334 687.369 687.374 687.365 687.378 687.379 687.341 687.346 687.35 687.356 687.326 687.349 687.338 687.34 687.342 687.306 687.315 687.306 687.289 687.274 687.248 687.174 687.209 
688.071 687.594 687.619 687.621 687.646 687.674 687.674 687.679 687.654 687.62 687.655 687.66 687.653 687.665 687.666 687.628 687.632 687.636 687.643 687.611 687.635 687.622 687.625 687.627 687.591 687.599 687.59 687.573 687.557 687.53 687.45 687.491 
688.375 687.879 687.907 687.91 687.934 687.961 687.965 687.969 687.94 687.908 687.944 687.948 687.942 687.955 687.955 687.916 687.919 687.925 687.931 687.898 687.923 687.908 687.913 687.914 687.877 687.886 687.876 687.859 687.842 687.815 687.728 687.775 
688.681 688.165 688.196 688.201 688.225 688.251 688.256 688.261 688.229 688.198 688.234 688.238 688.233 688.245 688.246 688.207 688.207 688.215 688.22 688.187 688.214 688.197 688.203 688.202 688.166 688.174 688.163 688.147 688.129 688.101 688.009 688.059 
688.989 688.453 688.486 688.492 688.519 688.542 688.548 688.556 688.519 688.49 688.525 688.53 688.525 688.536 688.539 688.499 688.498 688.506 688.512 688.477 688.507 688.487 688.494 688.49 688.456 688.464 688.451 688.435 688.417 688.39 688.293 688.345 
689.3 688.744 688.778 688.784 688.815 688.836 688.841 688.853 688.811 688.783 688.818 688.824 688.819 688.828 688.833 688.792 688.791 688.799 688.804 688.769 688.802 688.78 688.788 688.779 688.747 688.755 688.741 688.725 688.706 688.68 688.577 688.631 
689.612 689.036 689.071 689.077 689.113 689.132 689.135 689.15 689.104 689.078 689.111 689.119 689.114 689.121 689.129 689.086 689.085 689.094 689.098 689.062 689.097 689.075 689.083 689.069 689.039 689.048 689.031 689.015 688.996 688.971 688.863 688.918 
689.925 689.329 689.364 689.37 689.412 689.428 689.429 689.448 689.399 689.374 689.404 689.415 689.41 689.414 689.426 689.381 689.38 689.389 689.394 689.356 689.393 689.371 689.379 689.36 689.332 689.342 689.322 689.307 689.286 689.262 689.149 689.205 
690.24 689.624 689.658 689.664 689.712 689.725 689.724 689.746 689.695 689.67 689.698 689.713 689.707 689.709 689.723 689.677 689.676 689.686 689.69 689.65 689.689 689.667 689.677 689.652 689.626 689.636 689.615 689.599 689.577 689.554 689.436 689.493 
690.556 689.92 689.953 689.959 690.012 690.023 690.02 690.046 689.991 689.968 689.993 690.011 690.004 690.005 690.022 689.974 689.973 689.985 689.987 689.945 689.986 689.964 689.974 689.945 689.921 689.932 689.909 689.891 689.868 689.846 689.723 689.783 
690.872 690.217 690.249 690.256 690.312 690.321 690.316 690.346 690.288 690.266 690.289 690.31 690.301 690.302 690.32 690.272 690.271 690.284 690.284 690.24 690.283 690.262 690.271 690.24 690.218 690.228 690.205 690.183 690.161 690.14 690.011 690.072 
691.19 690.514 690.546 690.554 690.612 690.62 690.612 690.648 690.586 690.565 690.586 690.61 690.599 690.599 690.619 690.572 690.571 690.584 690.581 690.537 690.581 690.559 690.567 690.537 690.517 690.524 690.502 690.476 690.455 690.435 690.3 690.362 
691.508 690.812 690.844 690.852 690.912 690.919 690.908 690.949 690.885 690.865 690.885 690.911 690.896 690.897 690.919 690.874 690.872 690.885 690.879 690.835 690.879 690.857 690.863 690.834 690.817 690.82 690.8 690.77 690.751 690.731 690.59 690.653 
691.826 691.111 691.142 691.151 691.213 691.22 691.206 691.25 691.184 691.166 691.185 691.211 691.194 691.195 691.22 691.177 691.174 691.185 691.178 691.134 691.178 691.155 691.159 691.131 691.118 691.117 691.098 691.066 691.048 691.029 690.881 690.944 
692.146 691.41 691.441 691.451 691.514 691.521 691.504 691.55 691.485 691.467 691.485 691.513 691.493 691.494 691.521 691.48 691.476 691.486 691.478 691.434 691.478 691.453 691.455 691.429 691.42 691.414 691.396 691.364 691.347 691.327 691.173 691.236 
692.466 691.709 691.741 691.751 691.817 691.823 691.803 691.849 691.786 691.768 691.787 691.814 691.792 691.793 691.823 691.783 691.78 691.787 691.779 691.735 691.778 691.753 691.754 691.727 691.722 691.711 691.694 691.663 691.646 691.625 691.466 691.529 
692.787 692.01 692.041 692.052 692.12 692.127 692.102 692.148 692.088 692.068 692.089 692.116 692.094 692.092 692.127 692.085 692.083 692.088 692.08 692.036 692.079 692.054 692.053 692.027 692.024 692.009 691.993 691.963 691.946 691.923 691.759 691.822 
693.108 692.313 692.342 692.354 692.423 692.43 692.402 692.448 692.392 692.369 692.392 692.419 692.395 692.393 692.431 692.386 692.386 692.39 692.383 692.338 692.381 692.356 692.354 692.329 692.324 692.307 692.292 692.263 692.246 692.221 692.053 692.117 
693.43 692.616 692.643 692.657 692.726 692.734 692.703 692.748 692.696 692.67 692.696 692.723 692.698 692.695 692.735 692.687 692.689 692.691 692.686 692.639 692.683 692.658 692.654 692.632 692.624 692.606 692.592 692.564 692.546 692.518 692.347 692.414 
693.751 692.921 692.946 692.96 693.03 693.038 693.004 693.049 693 692.972 693 693.027 693 692.997 693.039 692.988 692.993 692.993 692.988 692.94 692.985 692.961 692.955 692.936 692.923 692.906 692.893 692.864 692.846 692.816 692.641 692.711 
694.072 693.225 693.249 693.264 693.333 693.342 693.307 693.351 693.304 693.274 693.305 693.331 693.303 693.299 693.344 693.289 693.297 693.296 693.291 693.241 693.288 693.264 693.255 693.239 693.222 693.206 693.194 693.165 693.146 693.114 692.936 693.009 
694.394 693.528 693.552 693.568 693.637 693.646 693.61 693.653 693.607 693.578 693.608 693.635 693.605 693.601 693.648 693.59 693.602 693.6 693.592 693.542 693.591 693.567 693.556 693.542 693.521 693.507 693.496 693.466 693.445 693.412 693.231 693.306 
694.715 693.83 693.856 693.872 693.94 693.95 693.915 693.956 693.909 693.881 693.912 693.937 693.908 693.904 693.952 693.891 693.907 693.904 693.894 693.842 693.894 693.87 693.857 693.846 693.82 693.808 693.797 693.766 693.746 693.711 693.526 693.603 
695.037 694.131 694.159 694.175 694.243 694.253 694.22 694.258 694.211 694.185 694.215 694.239 694.211 694.207 694.256 694.192 694.211 694.207 694.196 694.143 694.197 694.172 694.159 694.149 694.12 694.108 694.097 694.067 694.046 694.01 693.821 693.9 
695.358 694.431 694.461 694.478 694.545 694.556 694.524 694.561 694.512 694.488 694.518 694.539 694.514 694.511 694.559 694.493 694.515 694.51 694.498 694.444 694.501 694.474 694.461 694.453 694.421 694.409 694.398 694.366 694.345 694.31 694.116 694.196 
695.679 694.731 694.762 694.78 694.845 694.859 694.827 694.863 694.813 694.791 694.821 694.839 694.818 694.813 694.862 694.794 694.818 694.812 694.801 694.746 694.805 694.776 694.763 694.756 694.722 694.709 694.698 694.665 694.645 694.609 694.411 694.493 
695.999 695.031 695.064 695.082 695.145 695.161 695.13 695.165 695.113 695.093 695.124 695.139 695.121 695.116 695.164 695.095 695.119 695.114 695.104 695.047 695.109 695.077 695.065 695.06 695.024 695.008 694.998 694.963 694.943 694.908 694.707 694.789 
696.318 695.331 695.365 695.384 695.444 695.462 695.433 695.466 695.413 695.395 695.426 695.439 695.425 695.417 695.466 695.396 695.42 695.414 695.406 695.349 695.413 695.379 695.367 695.364 695.325 695.307 695.298 695.261 695.242 695.205 695.004 695.087 
696.636 695.631 695.667 695.686 695.742 695.763 695.735 695.767 695.711 695.696 695.729 695.739 695.727 695.719 695.766 695.696 695.719 695.714 695.708 695.652 695.716 695.681 695.667 695.667 695.627 695.607 695.599 695.559 695.539 695.503 695.3 695.384 
696.954 695.929 695.969 695.987 696.041 696.062 696.038 696.067 696.009 695.997 696.03 696.039 696.029 696.021 696.066 695.995 696.018 696.014 696.009 695.955 696.019 695.983 695.967 695.971 695.928 695.906 695.901 695.856 695.836 695.801 695.596 695.682 
697.271 696.227 696.27 696.288 696.339 696.361 696.339 696.367 696.305 696.298 696.332 696.338 696.331 696.323 696.366 696.295 696.317 696.314 696.31 696.258 696.321 696.287 696.267 696.274 696.229 696.205 696.202 696.154 696.133 696.098 695.893 695.979 
697.589 696.524 696.57 696.587 696.637 696.659 696.64 696.666 696.602 696.598 696.633 696.637 696.633 696.625 696.666 696.594 696.617 696.614 696.609 696.559 696.623 696.591 696.566 696.576 696.528 696.503 696.502 696.452 696.43 696.396 696.189 696.275 
697.906 696.821 696.869 696.885 696.934 696.956 696.939 696.964 696.899 696.898 696.933 696.935 696.934 696.927 696.966 696.893 696.917 696.913 696.908 696.86 696.924 696.896 696.865 696.877 696.826 696.802 696.801 696.75 696.727 696.694 696.484 696.57 
698.223 697.119 697.168 697.181 697.23 697.252 697.238 697.262 697.196 697.199 697.233 697.233 697.234 697.23 697.266 697.192 697.217 697.213 697.207 697.159 697.224 697.199 697.162 697.178 697.124 697.1 697.1 697.047 697.024 696.991 696.779 696.864 
698.538 697.415 697.465 697.477 697.526 697.548 697.536 697.559 697.493 697.499 697.531 697.53 697.533 697.531 697.565 697.491 697.517 697.512 697.506 697.457 697.523 697.501 697.458 697.477 697.42 697.398 697.397 697.343 697.319 697.287 697.073 697.157 
698.852 697.71 697.762 697.772 697.823 697.844 697.833 697.857 697.789 697.798 697.828 697.827 697.831 697.83 697.865 697.788 697.816 697.811 697.804 697.754 697.821 697.801 697.752 697.775 697.715 697.697 697.693 697.638 697.614 697.583 697.365 697.448 
699.163 698.002 698.057 698.068 698.119 698.138 698.13 698.153 698.085 698.096 698.125 698.122 698.127 698.128 698.163 698.085 698.114 698.108 698.101 698.05 698.117 698.098 698.045 698.071 698.009 697.994 697.987 697.931 697.909 697.877 697.656 697.737 
699.474 698.292 698.351 698.363 698.414 698.432 698.425 698.45 698.379 698.393 698.42 698.415 698.422 698.423 698.459 698.38 698.412 698.404 698.396 698.346 698.411 698.394 698.337 698.366 698.301 698.29 698.279 698.223 698.202 698.171 697.945 698.025 
699.783 698.581 698.644 698.657 698.709 698.725 698.719 698.745 698.672 698.688 698.715 698.707 698.715 698.717 698.754 698.674 698.708 698.698 698.69 698.64 698.703 698.688 698.63 698.659 698.592 698.584 698.569 698.514 698.495 698.463 698.233 698.312 
700.091 698.868 698.934 698.95 699.001 699.017 699.011 699.038 698.962 698.982 699.009 698.997 699.006 699.009 699.046 698.968 699.003 698.99 698.983 698.933 698.992 698.98 698.922 698.952 698.88 698.876 698.857 698.804 698.786 698.754 698.519 698.598 
700.398 699.154 699.223 699.24 699.291 699.307 699.299 699.329 699.249 699.273 699.301 699.285 699.296 699.298 699.336 699.26 699.297 699.28 699.273 699.225 699.28 699.27 699.214 699.243 699.167 699.167 699.145 699.093 699.076 699.043 698.803 698.882 
700.704 699.44 699.509 699.529 699.577 699.595 699.586 699.617 699.535 699.564 699.591 699.572 699.584 699.585 699.624 699.55 699.589 699.568 699.563 699.514 699.566 699.557 699.505 699.533 699.453 699.455 699.431 699.381 699.365 699.331 699.087 699.164 
701.007 699.723 699.793 699.816 699.861 699.881 699.87 699.903 699.818 699.852 699.878 699.858 699.869 699.87 699.909 699.838 699.879 699.854 699.85 699.801 699.851 699.842 699.793 699.822 699.738 699.742 699.716 699.667 699.653 699.616 699.368 699.445 
701.307 700.004 700.075 700.1 700.142 700.165 700.152 700.185 700.1 700.137 700.162 700.141 700.152 700.153 700.192 700.123 700.167 700.137 700.136 700.086 700.135 700.125 700.08 700.108 700.02 700.027 699.999 699.951 699.938 699.899 699.648 699.725 
701.603 700.284 700.354 700.382 700.421 700.447 700.432 700.464 700.38 700.419 700.442 700.422 700.432 700.433 700.472 700.404 700.452 700.419 700.418 700.368 700.417 700.406 700.363 700.392 700.301 700.309 700.278 700.232 700.222 700.18 699.924 700.002 
701.897 700.56 700.631 700.66 700.696 700.726 700.709 700.74 700.659 700.697 700.719 700.701 700.71 700.711 700.75 700.683 700.733 700.698 700.698 700.648 700.696 700.684 700.643 700.674 700.578 700.588 700.556 700.51 700.502 700.459 700.198 700.276 
702.187 700.834 700.905 700.936 700.968 701.002 700.982 701.013 700.935 700.972 700.993 700.976 700.985 700.986 701.024 700.958 701.01 700.975 700.974 700.924 700.972 700.958 700.92 700.953 700.853 700.865 700.831 700.786 700.78 700.736 700.469 700.549 
702.475 701.105 701.176 701.208 701.238 701.274 701.252 701.283 701.21 701.245 701.264 701.249 701.258 701.259 701.295 701.23 701.282 701.249 701.247 701.198 701.245 701.229 701.193 701.229 701.126 701.139 701.104 701.059 701.054 701.01 700.737 700.818 
702.76 701.372 701.445 701.477 701.505 701.543 701.519 701.55 701.481 701.515 701.532 701.519 701.528 701.528 701.564 701.499 701.551 701.522 701.516 701.468 701.514 701.497 701.463 701.502 701.396 701.411 701.375 701.328 701.325 701.282 701.002 701.084 
703.043 701.636 701.711 701.743 701.77 701.809 701.782 701.814 701.748 701.783 701.798 701.785 701.794 701.794 701.828 701.765 701.816 701.791 701.781 701.735 701.779 701.762 701.728 701.771 701.663 701.68 701.644 701.594 701.593 701.55 701.264 701.346 
703.323 701.895 701.975 702.006 702.031 702.071 702.043 702.075 702.012 702.048 702.061 702.048 702.056 702.057 702.09 702.028 702.078 702.056 702.043 701.998 702.043 702.025 701.991 702.036 701.927 701.946 701.91 701.855 701.857 701.815 701.523 701.603 
703.6 702.151 702.235 702.264 702.289 702.329 702.3 702.331 702.271 702.311 702.321 702.307 702.315 702.315 702.349 702.287 702.337 702.316 702.302 702.259 702.304 702.284 702.249 702.298 702.188 702.208 702.172 702.113 702.117 702.074 701.779 701.857 
703.874 702.403 702.491 702.519 702.543 702.583 702.554 702.584 702.526 702.57 702.577 702.561 702.569 702.57 702.604 702.542 702.593 702.572 702.557 702.517 702.561 702.54 702.502 702.556 702.444 702.464 702.43 702.366 702.374 702.329 702.031 702.107 
704.143 702.652 702.743 702.769 702.793 702.833 702.805 702.832 702.777 702.824 702.828 702.812 702.819 702.82 702.854 702.793 702.844 702.822 702.808 702.77 702.815 702.792 702.751 702.809 702.697 702.715 702.682 702.616 702.626 702.578 702.278 702.352 
704.407 702.896 702.99 703.015 703.039 703.078 703.051 703.076 703.024 703.072 703.074 703.059 703.064 703.065 703.099 703.038 703.091 703.066 703.055 703.018 703.063 703.039 702.994 703.057 702.946 702.959 702.929 702.862 702.874 702.821 702.521 702.593 
704.666 703.134 703.231 703.255 703.28 703.318 703.293 703.316 703.267 703.314 703.315 703.3 703.306 703.305 703.339 703.278 703.331 703.306 703.296 703.26 703.305 703.281 703.232 703.301 703.189 703.198 703.171 703.102 703.116 703.058 702.758 702.828 
704.918 703.368 703.466 703.491 703.516 703.553 703.53 703.552 703.504 703.55 703.55 703.536 703.544 703.538 703.573 703.514 703.566 703.539 703.531 703.497 703.542 703.518 703.465 703.539 703.427 703.432 703.408 703.336 703.351 703.288 702.989 703.058 
705.164 703.595 703.695 703.721 703.745 703.782 703.76 703.782 703.736 703.781 703.781 703.765 703.776 703.766 703.803 703.743 703.795 703.767 703.761 703.728 703.773 703.748 703.693 703.771 703.659 703.661 703.638 703.565 703.58 703.514 703.215 703.283 
705.404 703.818 703.919 703.945 703.968 704.006 703.985 704.007 703.961 704.005 704.006 703.988 704.003 703.988 704.027 703.967 704.019 703.99 703.985 703.953 703.999 703.973 703.915 703.997 703.884 703.884 703.861 703.788 703.802 703.733 703.435 703.501 
705.638 704.034 704.137 704.163 704.186 704.225 704.204 704.225 704.18 704.223 704.225 704.205 704.223 704.205 704.246 704.185 704.237 704.206 704.203 704.172 704.218 704.191 704.133 704.217 704.103 704.102 704.079 704.006 704.019 703.948 703.648 703.714 
705.866 704.245 704.349 704.375 704.397 704.438 704.416 704.438 704.392 704.435 704.439 704.416 704.437 704.416 704.459 704.396 704.451 704.417 704.414 704.384 704.431 704.402 704.344 704.429 704.314 704.313 704.291 704.218 704.229 704.157 703.855 703.921 
706.087 704.45 704.556 704.58 704.602 704.645 704.621 704.644 704.598 704.641 704.647 704.621 704.643 704.622 704.665 704.601 704.658 704.622 704.619 704.59 704.636 704.607 704.55 704.635 704.518 704.517 704.497 704.423 704.433 704.36 704.056 704.121 
706.301 704.649 704.755 704.778 704.801 704.846 704.82 704.844 704.797 704.841 704.849 704.819 704.842 704.823 704.865 704.801 704.86 704.821 704.817 704.789 704.834 704.805 704.748 704.833 704.716 704.713 704.696 704.622 704.63 704.556 704.252 704.316 
706.509 704.842 704.948 704.97 704.994 705.04 705.012 705.037 704.99 705.035 705.044 705.012 705.035 705.017 705.058 704.994 705.054 705.013 705.008 704.982 705.025 704.996 704.94 705.024 704.907 704.903 704.889 704.814 704.82 704.747 704.441 704.503 
706.71 705.028 705.133 705.155 705.179 705.228 705.198 705.224 705.176 705.223 705.231 705.198 705.22 705.205 705.244 705.18 705.241 705.199 705.192 705.167 705.209 705.18 705.123 705.208 705.09 705.085 705.074 704.998 705.003 704.93 704.623 704.682 
706.903 705.208 705.311 705.334 705.358 705.409 705.376 705.403 705.354 705.405 705.41 705.377 705.399 705.385 705.423 705.36 705.421 705.376 705.37 705.345 705.385 705.357 705.299 705.384 705.267 705.259 705.252 705.174 705.179 705.106 704.798 704.854 
707.089 705.38 705.481 705.506 705.528 705.582 705.548 705.575 705.526 705.579 705.582 705.549 705.571 705.559 705.595 705.533 705.593 705.547 705.541 705.515 705.555 705.528 705.468 705.553 705.435 705.427 705.422 705.342 705.349 705.274 704.964 705.019 
707.267 705.546 705.645 705.671 705.692 705.748 705.712 705.74 705.689 705.746 705.746 705.713 705.735 705.725 705.76 705.698 705.757 705.709 705.704 705.678 705.717 705.692 705.628 705.715 705.596 705.588 705.585 705.502 705.511 705.434 705.123 705.177 
707.436 705.703 705.802 705.829 705.848 705.906 705.869 705.898 705.846 705.905 705.904 705.87 705.892 705.883 705.917 705.854 705.914 705.864 705.861 705.832 705.872 705.849 705.782 705.87 705.75 705.742 705.741 705.654 705.666 705.586 705.274 705.328 
707.596 705.853 705.952 705.981 705.997 706.057 706.019 706.049 705.996 706.057 706.054 706.019 706.041 706.034 706.067 706.003 706.063 706.011 706.009 705.98 706.02 705.999 705.928 706.017 705.896 705.889 705.889 705.799 705.815 705.731 705.418 705.472 
707.749 705.997 706.097 706.127 706.14 706.201 706.162 706.192 706.139 706.201 706.198 706.162 706.185 706.178 706.208 706.144 706.206 706.152 706.151 706.121 706.161 706.141 706.068 706.157 706.036 706.03 706.03 705.937 705.956 705.868 705.555 705.609 
707.895 706.135 706.236 706.266 706.279 706.34 706.298 706.329 706.277 706.339 706.335 706.298 706.322 706.316 706.343 706.279 706.342 706.288 706.287 706.256 706.296 706.276 706.202 706.291 706.169 706.164 706.165 706.069 706.091 706 705.687 705.741 
708.036 706.268 706.371 706.401 706.414 706.475 706.43 706.461 706.411 706.472 706.467 706.429 706.454 706.449 706.473 706.409 706.473 706.42 706.417 706.388 706.426 706.407 706.33 706.42 706.298 706.294 706.294 706.197 706.221 706.127 705.814 705.867 
708.174 706.398 706.502 706.532 706.545 706.605 706.558 706.59 706.541 706.6 706.595 706.555 706.582 706.577 706.598 706.534 706.598 706.547 706.543 706.516 706.551 706.532 706.455 706.545 706.422 706.418 706.418 706.32 706.347 706.249 705.937 705.989 
