0 0 0 0 0 0 0 0 0 0 0 0 0 0 0 0 0 0 0 0 0 0 0 0 0 0 0 0 0 0 0 0 
-0.00199499 -0.00501893 -0.00501893 -0.00499382 -0.00500575 -0.00500575 -0.00499382 -0.005007 -0.00500575 -0.00500575 -0.00500575 -0.005007 -0.005007 -0.00500575 -0.00500575 -0.00501893 -0.00500575 -0.00499382 -0.005007 -0.00500575 -0.00648034 -0.00798075 -0.00501893 -0.00501893 -0.00500575 -0.00500575 -0.00499382 -0.005007 -0.00500575 -0.00500575 -0.00501893 -0.00206864 
-0.00387873 -0.00977475 -0.00977475 -0.00972453 -0.0097484 -0.0097484 -0.00972454 -0.00975089 -0.0097484 -0.0097484 -0.0097484 -0.0097509 -0.0097509 -0.0097484 -0.0097484 -0.00977476 -0.0097484 -0.00972454 -0.00975089 -0.0097484 -0.0127166 -0.0157689 -0.00977476 -0.00977475 -0.0097484 -0.0097484 -0.00972454 -0.00975089 -0.0097484 -0.0097484 -0.00977474 -0.00403498 
-0.00576354 -0.0145307 -0.0145307 -0.0144554 -0.0144912 -0.0144912 -0.0144554 -0.0144949 -0.0144912 -0.0144912 -0.0144912 -0.0144949 -0.0144949 -0.0144912 -0.0144912 -0.0145307 -0.0144912 -0.0144554 -0.0144949 -0.0144912 -0.0189919 -0.0236357 -0.0145307 -0.0145307 -0.0144912 -0.0144912 -0.0144554 -0.0144949 -0.0144912 -0.0144912 -0.0145307 -0.00600037 
-0.0076478 -0.0192864 -0.0192864 -0.019186 -0.0192337 -0.0192337 -0.019186 -0.0192387 -0.0192337 -0.0192337 -0.0192337 -0.0192387 -0.0192387 -0.0192337 -0.0192337 -0.0192865 -0.0192338 -0.019186 -0.0192387 -0.0192337 -0.025309 -0.0315925 -0.0192865 -0.0192865 -0.0192337 -0.0192337 -0.019186 -0.0192387 -0.0192337 -0.0192337 -0.0192864 -0.0079661 
-0.00953132 -0.0240399 -0.0240399 -0.0239144 -0.0239741 -0.023974 -0.0239144 -0.0239803 -0.023974 -0.023974 -0.023974 -0.0239803 -0.0239803 -0.0239741 -0.0239741 -0.0240399 -0.0239741 -0.0239144 -0.0239803 -0.023974 -0.0316657 -0.0396397 -0.0240399 -0.0240399 -0.023974 -0.023974 -0.0239144 -0.0239803 -0.023974 -0.023974 -0.0240399 -0.00993077 
-0.011416 -0.0287952 -0.0287952 -0.0286445 -0.0287162 -0.0287162 -0.0286446 -0.0287236 -0.0287161 -0.0287162 -0.0287161 -0.0287237 -0.0287237 -0.0287162 -0.0287162 -0.0287952 -0.0287162 -0.0286446 -0.0287236 -0.0287161 -0.0380751 -0.0477789 -0.0287952 -0.0287952 -0.0287161 -0.0287162 -0.0286446 -0.0287236 -0.0287161 -0.0287161 -0.0287951 -0.0118957 
-0.0133011 -0.0335511 -0.0335511 -0.0333754 -0.0334589 -0.0334589 -0.0333754 -0.0334677 -0.0334589 -0.0334589 -0.0334589 -0.0334677 -0.0334677 -0.033459 -0.033459 -0.0335512 -0.033459 -0.0333754 -0.0334677 -0.0334589 -0.0445333 -0.0560209 -0.0335512 -0.0335512 -0.0334589 -0.0334589 -0.0333754 -0.0334677 -0.0334589 -0.0334589 -0.0335511 -0.0138609 
-0.0151862 -0.0383078 -0.0383078 -0.0381069 -0.0382025 -0.0382025 -0.038107 -0.0382125 -0.0382024 -0.0382025 -0.0382025 -0.0382125 -0.0382125 -0.0382025 -0.0382025 -0.0383079 -0.0382025 -0.038107 -0.0382125 -0.0382025 -0.051041 -0.0643637 -0.0383079 -0.0383079 -0.0382025 -0.0382025 -0.038107 -0.0382125 -0.0382024 -0.0382024 -0.0383077 -0.0158266 
-0.0170706 -0.043064 -0.043064 -0.042838 -0.0429455 -0.0429455 -0.0428381 -0.0429567 -0.0429454 -0.0429455 -0.0429455 -0.0429568 -0.0429568 -0.0429455 -0.0429455 -0.0430641 -0.0429455 -0.0428381 -0.0429567 -0.0429455 -0.0575925 -0.0728191 -0.0430641 -0.0430641 -0.0429455 -0.0429455 -0.0428381 -0.0429567 -0.0429455 -0.0429455 -0.0430639 -0.0177926 
-0.0189555 -0.0478201 -0.0478201 -0.047569 -0.0476884 -0.0476885 -0.0475692 -0.0477009 -0.0476884 -0.0476884 -0.0476884 -0.047701 -0.047701 -0.0476885 -0.0476885 -0.0478202 -0.0476885 -0.0475692 -0.047701 -0.0476884 -0.0641917 -0.0813836 -0.0478203 -0.0478202 -0.0476884 -0.0476885 -0.0475692 -0.0477009 -0.0476884 -0.0476884 -0.04782 -0.019758 
-0.0208394 -0.0525749 -0.0525749 -0.0522987 -0.05243 -0.0524301 -0.0522989 -0.0524438 -0.05243 -0.0524301 -0.05243 -0.0524439 -0.0524439 -0.0524301 -0.0524301 -0.0525751 -0.0524301 -0.0522989 -0.0524438 -0.0524301 -0.0708246 -0.0900577 -0.0525751 -0.052575 -0.05243 -0.0524301 -0.0522988 -0.0524438 -0.05243 -0.05243 -0.0525747 -0.0217234 
-0.0227242 -0.0573305 -0.0573306 -0.0570293 -0.0571725 -0.0571726 -0.0570294 -0.0571876 -0.0571726 -0.0571726 -0.0571726 -0.0571877 -0.0571877 -0.0571727 -0.0571726 -0.0573308 -0.0571726 -0.0570295 -0.0571876 -0.0571726 -0.077491 -0.0988259 -0.0573308 -0.0573307 -0.0571725 -0.0571726 -0.0570294 -0.0571875 -0.0571725 -0.0571725 -0.0573304 -0.0236886 
-0.0246092 -0.0620873 -0.0620874 -0.061761 -0.0619161 -0.0619162 -0.0617611 -0.0619325 -0.0619162 -0.0619162 -0.0619162 -0.0619325 -0.0619326 -0.0619163 -0.0619162 -0.0620876 -0.0619163 -0.0617612 -0.0619325 -0.0619162 -0.084203 -0.107676 -0.0620876 -0.0620875 -0.0619161 -0.0619162 -0.0617611 -0.0619324 -0.0619162 -0.0619162 -0.0620871 -0.0256546 
-0.0264929 -0.0668438 -0.0668438 -0.0664923 -0.0666594 -0.0666595 -0.0664925 -0.066677 -0.0666595 -0.0666595 -0.0666595 -0.0666771 -0.0666771 -0.0666596 -0.0666595 -0.0668441 -0.0666596 -0.0664925 -0.066677 -0.0666595 -0.0909516 -0.116603 -0.0668441 -0.066844 -0.0666594 -0.0666595 -0.0664924 -0.0666769 -0.0666595 -0.0666594 -0.0668435 -0.0276215 
-0.0283775 -0.0716004 -0.0716004 -0.0712238 -0.0714029 -0.0714029 -0.071224 -0.0714218 -0.071403 -0.071403 -0.0714029 -0.0714218 -0.0714218 -0.0714031 -0.0714029 -0.0716007 -0.071403 -0.0712241 -0.0714217 -0.071403 -0.0977301 -0.125607 -0.0716007 -0.0716006 -0.0714028 -0.071403 -0.071224 -0.0714216 -0.0714029 -0.0714029 -0.0716001 -0.0295877 
-0.0302648 -0.0763585 -0.0763586 -0.0759569 -0.0761479 -0.076148 -0.0759571 -0.076168 -0.076148 -0.076148 -0.076148 -0.0761681 -0.0761681 -0.0761481 -0.0761479 -0.0763589 -0.0761481 -0.0759571 -0.076168 -0.076148 -0.104545 -0.134683 -0.076359 -0.0763588 -0.0761478 -0.076148 -0.075957 -0.0761678 -0.0761479 -0.0761478 -0.0763582 -0.0315525 
-0.0321497 -0.0811162 -0.0811164 -0.0806895 -0.0808925 -0.0808925 -0.0806898 -0.0809139 -0.0808926 -0.0808926 -0.0808925 -0.0809139 -0.0809139 -0.0808927 -0.0808925 -0.0811167 -0.0808927 -0.0806898 -0.0809138 -0.0808926 -0.11139 -0.143842 -0.0811167 -0.0811165 -0.0808924 -0.0808925 -0.0806896 -0.0809136 -0.0808924 -0.0808924 -0.0811158 -0.0335192 
-0.0340351 -0.0858738 -0.0858739 -0.085422 -0.0856369 -0.0856369 -0.0854222 -0.0856596 -0.0856371 -0.085637 -0.0856369 -0.0856596 -0.0856596 -0.0856372 -0.0856369 -0.0858743 -0.0856371 -0.0854222 -0.0856594 -0.085637 -0.11826 -0.15307 -0.0858744 -0.0858741 -0.0856368 -0.0856369 -0.0854221 -0.0856592 -0.0856368 -0.0856367 -0.0858733 -0.0354854 
-0.0359201 -0.0906328 -0.090633 -0.090156 -0.0903828 -0.0903829 -0.0901562 -0.0904068 -0.090383 -0.0903829 -0.0903828 -0.0904068 -0.0904068 -0.0903831 -0.0903828 -0.0906334 -0.090383 -0.0901562 -0.0904066 -0.0903829 -0.125158 -0.162379 -0.0906335 -0.0906332 -0.0903826 -0.0903828 -0.0901561 -0.0904063 -0.0903827 -0.0903826 -0.0906322 -0.0374531 
-0.0378056 -0.0953915 -0.0953918 -0.0948896 -0.0951284 -0.0951284 -0.0948898 -0.0951536 -0.0951286 -0.0951285 -0.0951284 -0.0951536 -0.0951537 -0.0951287 -0.0951284 -0.0953922 -0.0951286 -0.0948898 -0.0951534 -0.0951285 -0.132087 -0.171748 -0.0953923 -0.0953919 -0.0951282 -0.0951284 -0.0948897 -0.0951531 -0.0951282 -0.0951281 -0.0953909 -0.0394202 
-0.0396921 -0.100151 -0.100152 -0.0996243 -0.099875 -0.0998751 -0.0996245 -0.0999015 -0.0998752 -0.0998751 -0.099875 -0.0999015 -0.0999016 -0.0998754 -0.099875 -0.100152 -0.0998753 -0.0996245 -0.0999013 -0.0998751 -0.139052 -0.181181 -0.100152 -0.100152 -0.0998748 -0.099875 -0.0996244 -0.0999009 -0.0998747 -0.0998747 -0.100151 -0.041387 
-0.0415792 -0.10491 -0.104911 -0.104358 -0.104621 -0.104621 -0.104358 -0.104649 -0.104621 -0.104621 -0.104621 -0.104649 -0.104649 -0.104621 -0.104621 -0.104911 -0.104621 -0.104358 -0.104648 -0.104621 -0.146042 -0.19066 -0.104911 -0.104911 -0.104621 -0.104621 -0.104358 -0.104648 -0.104621 -0.104621 -0.10491 -0.0433528 
-0.0434662 -0.109672 -0.109672 -0.109095 -0.109369 -0.109369 -0.109095 -0.109398 -0.109369 -0.109369 -0.109369 -0.109398 -0.109398 -0.10937 -0.109369 -0.109673 -0.109369 -0.109095 -0.109398 -0.109369 -0.153061 -0.200196 -0.109673 -0.109672 -0.109369 -0.109369 -0.109095 -0.109397 -0.109369 -0.109369 -0.109671 -0.0453204 
-0.0453531 -0.114432 -0.114433 -0.11383 -0.114116 -0.114117 -0.11383 -0.114147 -0.114117 -0.114117 -0.114116 -0.114147 -0.114147 -0.114117 -0.114117 -0.114433 -0.114117 -0.11383 -0.114146 -0.114117 -0.160103 -0.209785 -0.114433 -0.114433 -0.114116 -0.114116 -0.11383 -0.114146 -0.114116 -0.114116 -0.114431 -0.0472875 
-0.0472388 -0.119192 -0.119192 -0.118565 -0.118863 -0.118863 -0.118565 -0.118895 -0.118863 -0.118863 -0.118863 -0.118895 -0.118895 -0.118864 -0.118863 -0.119193 -0.118863 -0.118565 -0.118894 -0.118863 -0.167167 -0.219427 -0.119193 -0.119193 -0.118863 -0.118863 -0.118565 -0.118894 -0.118863 -0.118863 -0.119191 -0.0492552 
-0.049126 -0.123953 -0.123954 -0.123301 -0.123612 -0.123612 -0.123302 -0.123645 -0.123612 -0.123612 -0.123612 -0.123645 -0.123645 -0.123612 -0.123612 -0.123955 -0.123612 -0.123302 -0.123644 -0.123612 -0.174251 -0.229127 -0.123955 -0.123954 -0.123611 -0.123612 -0.123301 -0.123644 -0.123611 -0.123611 -0.123953 -0.0512231 
-0.0510136 -0.128716 -0.128717 -0.128039 -0.128361 -0.128361 -0.128039 -0.128395 -0.128361 -0.128361 -0.128361 -0.128395 -0.128395 -0.128362 -0.128361 -0.128718 -0.128361 -0.128039 -0.128395 -0.128361 -0.181357 -0.238877 -0.128717 -0.128717 -0.128361 -0.128361 -0.128039 -0.128394 -0.128361 -0.128361 -0.128715 -0.0531911 
-0.0529009 -0.133479 -0.13348 -0.132777 -0.133111 -0.133111 -0.132777 -0.133147 -0.133112 -0.133111 -0.133111 -0.133147 -0.133147 -0.133112 -0.133111 -0.133481 -0.133112 -0.132777 -0.133146 -0.133111 -0.188475 -0.24866 -0.133481 -0.13348 -0.133111 -0.133111 -0.132777 -0.133146 -0.133111 -0.133111 -0.133478 -0.0551601 
-0.0547877 -0.138242 -0.138243 -0.137515 -0.137861 -0.137861 -0.137515 -0.137897 -0.137861 -0.137861 -0.137861 -0.137898 -0.137898 -0.137861 -0.137861 -0.138244 -0.137861 -0.137515 -0.137897 -0.137861 -0.195604 -0.258454 -0.138244 -0.138243 -0.137861 -0.13786 -0.137514 -0.137896 -0.13786 -0.13786 -0.138241 -0.0571291 
-0.056675 -0.143003 -0.143004 -0.142251 -0.142609 -0.142609 -0.142251 -0.142647 -0.14261 -0.142609 -0.142609 -0.142647 -0.142647 -0.14261 -0.142609 -0.143006 -0.14261 -0.142251 -0.142647 -0.14261 -0.202732 -0.268252 -0.143005 -0.143005 -0.142609 -0.142609 -0.142251 -0.142646 -0.142609 -0.142608 -0.143002 -0.0590967 
-0.0585619 -0.147766 -0.147767 -0.146989 -0.147359 -0.147359 -0.146989 -0.147398 -0.147359 -0.147359 -0.147359 -0.147398 -0.147398 -0.147359 -0.147359 -0.147768 -0.147359 -0.146989 -0.147397 -0.147359 -0.20987 -0.278051 -0.147768 -0.147767 -0.147358 -0.147358 -0.146988 -0.147396 -0.147358 -0.147358 -0.147764 -0.0610655 
-0.0604494 -0.152531 -0.152532 -0.151729 -0.152111 -0.152111 -0.151729 -0.152151 -0.152111 -0.152111 -0.152111 -0.152151 -0.152151 -0.152111 -0.152111 -0.152534 -0.152111 -0.151729 -0.152151 -0.152111 -0.21702 -0.287866 -0.152533 -0.152532 -0.15211 -0.15211 -0.151728 -0.15215 -0.15211 -0.15211 -0.152529 -0.0630358 
-0.0623365 -0.157293 -0.157295 -0.156466 -0.15686 -0.15686 -0.156466 -0.156902 -0.15686 -0.15686 -0.15686 -0.156902 -0.156902 -0.156861 -0.15686 -0.157296 -0.15686 -0.156466 -0.156901 -0.15686 -0.224169 -0.297697 -0.157296 -0.157295 -0.15686 -0.15686 -0.156466 -0.1569 -0.156859 -0.156859 -0.157292 -0.0650044 
-0.0642244 -0.162058 -0.162059 -0.161205 -0.161611 -0.161611 -0.161205 -0.161654 -0.161612 -0.161611 -0.161611 -0.161654 -0.161654 -0.161612 -0.161611 -0.16206 -0.161611 -0.161206 -0.161654 -0.161611 -0.231333 -0.307549 -0.16206 -0.162059 -0.161611 -0.161611 -0.161205 -0.161652 -0.16161 -0.16161 -0.162056 -0.0669736 
-0.0661115 -0.166821 -0.166822 -0.165943 -0.166361 -0.166361 -0.165943 -0.166406 -0.166361 -0.166361 -0.166361 -0.166406 -0.166406 -0.166362 -0.166361 -0.166823 -0.166361 -0.165943 -0.166405 -0.166361 -0.238495 -0.317415 -0.166823 -0.166822 -0.166361 -0.166361 -0.165943 -0.166403 -0.16636 -0.16636 -0.166819 -0.0689425 
-0.0679987 -0.171584 -0.171586 -0.170682 -0.171112 -0.171112 -0.170682 -0.171158 -0.171112 -0.171112 -0.171112 -0.171158 -0.171158 -0.171113 -0.171112 -0.171588 -0.171112 -0.170682 -0.171157 -0.171112 -0.245666 -0.32731 -0.171587 -0.171586 -0.171112 -0.171111 -0.170682 -0.171155 -0.171111 -0.171111 -0.171582 -0.0709122 
-0.0698867 -0.176348 -0.17635 -0.175421 -0.175863 -0.175863 -0.175421 -0.17591 -0.175863 -0.175863 -0.175863 -0.17591 -0.17591 -0.175864 -0.175863 -0.176352 -0.175863 -0.175422 -0.175909 -0.175863 -0.252851 -0.337225 -0.176351 -0.17635 -0.175863 -0.175862 -0.175421 -0.175908 -0.175862 -0.175861 -0.176346 -0.0728811 
-0.0717757 -0.181113 -0.181115 -0.180161 -0.180614 -0.180615 -0.180161 -0.180663 -0.180615 -0.180615 -0.180615 -0.180663 -0.180663 -0.180616 -0.180615 -0.181117 -0.180615 -0.180162 -0.180662 -0.180615 -0.260041 -0.347152 -0.181116 -0.181116 -0.180614 -0.180614 -0.180161 -0.180661 -0.180613 -0.180613 -0.181111 -0.0748499 
-0.0736641 -0.185879 -0.185881 -0.184902 -0.185367 -0.185368 -0.184902 -0.185417 -0.185368 -0.185367 -0.185367 -0.185417 -0.185417 -0.185369 -0.185367 -0.185883 -0.185368 -0.184902 -0.185416 -0.185368 -0.267226 -0.357103 -0.185882 -0.185881 -0.185367 -0.185367 -0.184902 -0.185414 -0.185366 -0.185366 -0.185877 -0.0768198 
-0.0755531 -0.190644 -0.190646 -0.189641 -0.190119 -0.190119 -0.189642 -0.19017 -0.19012 -0.190119 -0.190119 -0.19017 -0.19017 -0.19012 -0.190119 -0.190648 -0.190119 -0.189642 -0.190169 -0.19012 -0.274418 -0.367062 -0.190647 -0.190646 -0.190119 -0.190118 -0.189641 -0.190167 -0.190118 -0.190117 -0.190641 -0.0787883 
-0.0774413 -0.195408 -0.19541 -0.194381 -0.19487 -0.19487 -0.194381 -0.194922 -0.194871 -0.19487 -0.19487 -0.194922 -0.194922 -0.194872 -0.19487 -0.195412 -0.19487 -0.194381 -0.194921 -0.194871 -0.281608 -0.377046 -0.195411 -0.195411 -0.19487 -0.194869 -0.19438 -0.19492 -0.194868 -0.194868 -0.195405 -0.0807572 
-0.0793302 -0.200173 -0.200175 -0.199121 -0.199622 -0.199623 -0.199121 -0.199676 -0.199623 -0.199622 -0.199622 -0.199676 -0.199676 -0.199624 -0.199622 -0.200177 -0.199622 -0.199121 -0.199675 -0.199623 -0.28881 -0.387046 -0.200177 -0.200176 -0.199622 -0.199622 -0.199121 -0.199673 -0.199621 -0.19962 -0.20017 -0.0827262 
-0.0812187 -0.204939 -0.204942 -0.203862 -0.204375 -0.204376 -0.203862 -0.20443 -0.204376 -0.204375 -0.204375 -0.20443 -0.20443 -0.204377 -0.204375 -0.204944 -0.204375 -0.203862 -0.204429 -0.204376 -0.296012 -0.397064 -0.204943 -0.204942 -0.204375 -0.204375 -0.203862 -0.204427 -0.204373 -0.204373 -0.204936 -0.0846963 
-0.0831071 -0.209705 -0.209708 -0.208603 -0.209127 -0.209128 -0.208603 -0.209184 -0.209129 -0.209128 -0.209128 -0.209184 -0.209184 -0.20913 -0.209128 -0.20971 -0.209128 -0.208603 -0.209183 -0.209129 -0.303223 -0.407077 -0.209709 -0.209708 -0.209128 -0.209127 -0.208603 -0.209181 -0.209126 -0.209126 -0.209702 -0.0866665 
-0.0849954 -0.214472 -0.214475 -0.213345 -0.213881 -0.213882 -0.213345 -0.21394 -0.213883 -0.213882 -0.213882 -0.21394 -0.21394 -0.213884 -0.213882 -0.214477 -0.213882 -0.213345 -0.213938 -0.213883 -0.310443 -0.41709 -0.214476 -0.214475 -0.213881 -0.213881 -0.213345 -0.213936 -0.21388 -0.21388 -0.214469 -0.0886376 
-0.086884 -0.219239 -0.219242 -0.218086 -0.218635 -0.218636 -0.218087 -0.218695 -0.218636 -0.218636 -0.218636 -0.218695 -0.218695 -0.218638 -0.218636 -0.219244 -0.218636 -0.218087 -0.218693 -0.218636 -0.31766 -0.427085 -0.219244 -0.219242 -0.218635 -0.218635 -0.218086 -0.218691 -0.218634 -0.218634 -0.219236 -0.0906084 
-0.0887731 -0.224006 -0.224009 -0.222828 -0.223389 -0.22339 -0.222829 -0.22345 -0.22339 -0.22339 -0.22339 -0.22345 -0.22345 -0.223392 -0.22339 -0.224011 -0.22339 -0.222829 -0.223449 -0.22339 -0.324868 -0.437066 -0.224011 -0.224009 -0.223389 -0.223389 -0.222828 -0.223446 -0.223388 -0.223387 -0.224003 -0.0925786 
-0.0906613 -0.228775 -0.228778 -0.227572 -0.228145 -0.228146 -0.227573 -0.228207 -0.228146 -0.228146 -0.228146 -0.228207 -0.228207 -0.228148 -0.228146 -0.22878 -0.228146 -0.227573 -0.228206 -0.228146 -0.332079 -0.447044 -0.22878 -0.228778 -0.228145 -0.228145 -0.227572 -0.228203 -0.228143 -0.228143 -0.228772 -0.0945514 
-0.0925508 -0.233543 -0.233547 -0.232316 -0.232901 -0.232901 -0.232317 -0.232964 -0.232902 -0.232902 -0.232901 -0.232964 -0.232964 -0.232904 -0.232901 -0.233549 -0.232901 -0.232316 -0.232963 -0.232902 -0.339289 -0.457012 -0.233549 -0.233547 -0.232901 -0.232901 -0.232316 -0.23296 -0.232899 -0.232899 -0.23354 -0.0965228 
-0.0944402 -0.238309 -0.238313 -0.237057 -0.237654 -0.237654 -0.237058 -0.237718 -0.237655 -0.237655 -0.237654 -0.237718 -0.237718 -0.237657 -0.237654 -0.238315 -0.237654 -0.237057 -0.237717 -0.237655 -0.346499 -0.466976 -0.238315 -0.238313 -0.237654 -0.237654 -0.237057 -0.237714 -0.237652 -0.237652 -0.238306 -0.098492 
-0.0963299 -0.243078 -0.243082 -0.241801 -0.242409 -0.24241 -0.241802 -0.242475 -0.24241 -0.242411 -0.24241 -0.242475 -0.242475 -0.242412 -0.24241 -0.243084 -0.24241 -0.241801 -0.242474 -0.242411 -0.353703 -0.476947 -0.243084 -0.243083 -0.242409 -0.242409 -0.241801 -0.242471 -0.242408 -0.242408 -0.243075 -0.100463 
-0.0982189 -0.247847 -0.24785 -0.246544 -0.247165 -0.247166 -0.246545 -0.247232 -0.247166 -0.247166 -0.247165 -0.247232 -0.247232 -0.247168 -0.247165 -0.247853 -0.247165 -0.246545 -0.247231 -0.247166 -0.360902 -0.486919 -0.247852 -0.247851 -0.247165 -0.247165 -0.246544 -0.247227 -0.247163 -0.247163 -0.247843 -0.102435 
-0.10011 -0.252617 -0.252621 -0.25129 -0.251922 -0.251923 -0.251291 -0.251991 -0.251924 -0.251924 -0.251923 -0.251991 -0.251991 -0.251926 -0.251923 -0.252624 -0.251923 -0.251291 -0.25199 -0.251924 -0.368098 -0.496877 -0.252623 -0.252622 -0.251923 -0.251923 -0.25129 -0.251986 -0.251921 -0.251921 -0.252614 -0.104407 
-0.102 -0.257388 -0.257392 -0.256035 -0.25668 -0.256681 -0.256037 -0.25675 -0.256681 -0.256681 -0.256681 -0.25675 -0.25675 -0.256683 -0.256681 -0.257395 -0.25668 -0.256036 -0.256749 -0.256682 -0.375288 -0.506822 -0.257394 -0.257393 -0.25668 -0.25668 -0.256035 -0.256745 -0.256678 -0.256678 -0.257384 -0.106378 
-0.10389 -0.262157 -0.26216 -0.260779 -0.261435 -0.261437 -0.26078 -0.261507 -0.261437 -0.261437 -0.261436 -0.261507 -0.261506 -0.261439 -0.261436 -0.262164 -0.261436 -0.26078 -0.261505 -0.261437 -0.382468 -0.516749 -0.262163 -0.262162 -0.261436 -0.261436 -0.260779 -0.261502 -0.261434 -0.261434 -0.262152 -0.108349 
-0.105781 -0.266927 -0.266931 -0.265524 -0.266193 -0.266194 -0.265526 -0.266266 -0.266194 -0.266194 -0.266194 -0.266265 -0.266265 -0.266196 -0.266194 -0.266934 -0.266193 -0.265525 -0.266264 -0.266195 -0.389652 -0.526654 -0.266933 -0.266932 -0.266193 -0.266193 -0.265524 -0.26626 -0.266191 -0.266191 -0.266922 -0.110321 
-0.107673 -0.271686 -0.271702 -0.27027 -0.270951 -0.270952 -0.270272 -0.271025 -0.270952 -0.270952 -0.270952 -0.271025 -0.271024 -0.270954 -0.270952 -0.271706 -0.270951 -0.270271 -0.271023 -0.270953 -0.396822 -0.536401 -0.271705 -0.271704 -0.270951 -0.270951 -0.27027 -0.27102 -0.270949 -0.270949 -0.271693 -0.112292 
-0.109564 -0.276446 -0.276474 -0.275017 -0.27571 -0.275711 -0.275019 -0.275785 -0.275711 -0.275711 -0.27571 -0.275785 -0.275784 -0.275713 -0.275711 -0.276478 -0.27571 -0.275018 -0.275784 -0.275712 -0.403627 -0.5459 -0.276477 -0.276476 -0.27571 -0.27571 -0.275017 -0.27578 -0.275708 -0.275708 -0.276465 -0.114264 
-0.111455 -0.281205 -0.281246 -0.279764 -0.280468 -0.280469 -0.279765 -0.280545 -0.280469 -0.280469 -0.280469 -0.280545 -0.280544 -0.280472 -0.280469 -0.281249 -0.280468 -0.279764 -0.280543 -0.28047 -0.410424 -0.555397 -0.281248 -0.281247 -0.280469 -0.280468 -0.279764 -0.280539 -0.280466 -0.280466 -0.281236 -0.116236 
-0.113346 -0.285965 -0.286017 -0.28451 -0.285226 -0.285228 -0.284512 -0.285305 -0.285228 -0.285227 -0.285227 -0.285304 -0.285303 -0.28523 -0.285228 -0.286021 -0.285226 -0.284511 -0.285303 -0.285228 -0.417225 -0.564885 -0.28602 -0.286019 -0.285227 -0.285227 -0.28451 -0.285299 -0.285225 -0.285224 -0.286008 -0.118208 
-0.115236 -0.290723 -0.290787 -0.289255 -0.289983 -0.289985 -0.289257 -0.290063 -0.289985 -0.289984 -0.289984 -0.290063 -0.290062 -0.289987 -0.289985 -0.290791 -0.289983 -0.289256 -0.290061 -0.289985 -0.424012 -0.574367 -0.29079 -0.290789 -0.289984 -0.289984 -0.289255 -0.290057 -0.289982 -0.289981 -0.290777 -0.12018 
-0.117128 -0.295482 -0.295558 -0.294001 -0.294741 -0.294743 -0.294003 -0.294822 -0.294743 -0.294742 -0.294742 -0.294822 -0.294821 -0.294745 -0.294743 -0.295563 -0.294741 -0.294002 -0.294821 -0.294743 -0.430783 -0.583831 -0.295561 -0.29556 -0.294742 -0.294742 -0.294002 -0.294816 -0.29474 -0.294739 -0.295548 -0.122151 
-0.119019 -0.300242 -0.300331 -0.298748 -0.2995 -0.299502 -0.29875 -0.299583 -0.299502 -0.299501 -0.299501 -0.299582 -0.299581 -0.299504 -0.299502 -0.300335 -0.2995 -0.298749 -0.299581 -0.299502 -0.437552 -0.593276 -0.300333 -0.300332 -0.299501 -0.299501 -0.298749 -0.299577 -0.299499 -0.299498 -0.30032 -0.124123 
-0.120909 -0.305001 -0.305102 -0.303495 -0.304258 -0.30426 -0.303497 -0.304343 -0.30426 -0.304259 -0.30426 -0.304342 -0.304341 -0.304263 -0.30426 -0.305107 -0.304259 -0.303495 -0.304341 -0.304261 -0.444308 -0.6027 -0.305105 -0.305104 -0.30426 -0.304259 -0.303495 -0.304336 -0.304257 -0.304257 -0.305092 -0.126097 
-0.1228 -0.309761 -0.309874 -0.308241 -0.309017 -0.309019 -0.308243 -0.309103 -0.309019 -0.309018 -0.309019 -0.309103 -0.309102 -0.309022 -0.309019 -0.309879 -0.309018 -0.308242 -0.309101 -0.30902 -0.451043 -0.612095 -0.309877 -0.309876 -0.309019 -0.309018 -0.308242 -0.309097 -0.309016 -0.309015 -0.309863 -0.128069 
-0.124694 -0.314523 -0.314648 -0.31299 -0.313777 -0.313779 -0.312992 -0.313864 -0.31378 -0.313779 -0.313779 -0.313864 -0.313863 -0.313783 -0.31378 -0.314653 -0.313778 -0.312991 -0.313863 -0.31378 -0.457771 -0.621455 -0.314651 -0.31465 -0.313779 -0.313778 -0.312991 -0.313858 -0.313776 -0.313776 -0.314637 -0.13004 
-0.126585 -0.319283 -0.319421 -0.317737 -0.318537 -0.318539 -0.31774 -0.318626 -0.31854 -0.318538 -0.318539 -0.318625 -0.318624 -0.318543 -0.31854 -0.319426 -0.318538 -0.317738 -0.318624 -0.31854 -0.464488 -0.630787 -0.319424 -0.319423 -0.318539 -0.318538 -0.317739 -0.318619 -0.318536 -0.318535 -0.319409 -0.132013 
-0.128476 -0.324044 -0.324193 -0.322485 -0.323296 -0.323299 -0.322487 -0.323386 -0.323299 -0.323298 -0.323298 -0.323386 -0.323385 -0.323302 -0.323299 -0.324199 -0.323297 -0.322486 -0.323385 -0.3233 -0.471194 -0.640083 -0.324197 -0.324196 -0.323299 -0.323298 -0.322487 -0.32338 -0.323296 -0.323295 -0.324182 -0.133986 
-0.130368 -0.328806 -0.328967 -0.327234 -0.328057 -0.32806 -0.327236 -0.328149 -0.32806 -0.328059 -0.328059 -0.328149 -0.328148 -0.328064 -0.32806 -0.328973 -0.328058 -0.327235 -0.328147 -0.328061 -0.477889 -0.649362 -0.328971 -0.32897 -0.32806 -0.328059 -0.327236 -0.328142 -0.328057 -0.328056 -0.328956 -0.13596 
-0.13226 -0.333568 -0.333741 -0.331982 -0.332818 -0.33282 -0.331985 -0.332911 -0.332821 -0.332819 -0.33282 -0.332911 -0.33291 -0.332824 -0.332821 -0.333747 -0.332819 -0.331984 -0.332909 -0.332822 -0.484572 -0.658606 -0.333745 -0.333744 -0.332821 -0.332819 -0.331984 -0.332904 -0.332817 -0.332816 -0.333729 -0.137933 
-0.134152 -0.33833 -0.338516 -0.336732 -0.337579 -0.337582 -0.336734 -0.337674 -0.337583 -0.337581 -0.337582 -0.337674 -0.337672 -0.337586 -0.337583 -0.338521 -0.33758 -0.336734 -0.337672 -0.337583 -0.491246 -0.667823 -0.33852 -0.338519 -0.337582 -0.337581 -0.336734 -0.337667 -0.337579 -0.337578 -0.338504 -0.139906 
-0.136045 -0.343092 -0.34329 -0.34148 -0.34234 -0.342343 -0.341483 -0.342436 -0.342343 -0.342341 -0.342343 -0.342436 -0.342434 -0.342347 -0.342343 -0.343295 -0.342341 -0.341482 -0.342434 -0.342344 -0.4979 -0.676998 -0.343294 -0.343293 -0.342343 -0.342342 -0.341483 -0.342429 -0.342339 -0.342338 -0.343277 -0.141878 
-0.137938 -0.347856 -0.348065 -0.346231 -0.347103 -0.347105 -0.346234 -0.3472 -0.347106 -0.347104 -0.347105 -0.3472 -0.347199 -0.34711 -0.347106 -0.348071 -0.347104 -0.346233 -0.347198 -0.347107 -0.504534 -0.68614 -0.34807 -0.348069 -0.347106 -0.347104 -0.346234 -0.347193 -0.347102 -0.347101 -0.348053 -0.143851 
-0.139831 -0.352618 -0.35284 -0.350981 -0.351865 -0.351867 -0.350984 -0.351963 -0.351868 -0.351866 -0.351867 -0.351963 -0.351962 -0.351872 -0.351868 -0.352847 -0.351866 -0.350983 -0.351961 -0.351869 -0.511143 -0.695236 -0.352845 -0.352844 -0.351868 -0.351866 -0.350984 -0.351956 -0.351864 -0.351863 -0.352828 -0.145824 
-0.141723 -0.35738 -0.357614 -0.35573 -0.356626 -0.356628 -0.355733 -0.356725 -0.35663 -0.356627 -0.356629 -0.356725 -0.356724 -0.356633 -0.356629 -0.357621 -0.356627 -0.355732 -0.356723 -0.35663 -0.517728 -0.704278 -0.357619 -0.357619 -0.356629 -0.356627 -0.355733 -0.356718 -0.356625 -0.356624 -0.357602 -0.147798 
-0.143616 -0.362144 -0.36239 -0.360481 -0.361388 -0.361391 -0.360484 -0.361489 -0.361392 -0.36139 -0.361392 -0.36149 -0.361488 -0.361396 -0.361392 -0.362397 -0.361389 -0.360483 -0.361487 -0.361393 -0.524286 -0.713271 -0.362395 -0.362395 -0.361392 -0.36139 -0.360484 -0.361482 -0.361388 -0.361387 -0.362378 -0.149772 
-0.14551 -0.366909 -0.367167 -0.365232 -0.366152 -0.366154 -0.365236 -0.366254 -0.366156 -0.366153 -0.366155 -0.366254 -0.366253 -0.366159 -0.366155 -0.367174 -0.366153 -0.365235 -0.366252 -0.366157 -0.530824 -0.722213 -0.367172 -0.367171 -0.366155 -0.366153 -0.365235 -0.366247 -0.366151 -0.36615 -0.367154 -0.151745 
-0.147403 -0.371674 -0.371944 -0.369984 -0.370916 -0.370918 -0.369988 -0.371019 -0.37092 -0.370917 -0.370919 -0.37102 -0.371018 -0.370923 -0.370919 -0.371951 -0.370917 -0.369987 -0.371017 -0.370921 -0.537334 -0.731104 -0.371949 -0.371949 -0.370919 -0.370917 -0.369987 -0.371012 -0.370915 -0.370914 -0.371931 -0.15372 
-0.149295 -0.376438 -0.37672 -0.374735 -0.375679 -0.375682 -0.374739 -0.375783 -0.375683 -0.375681 -0.375682 -0.375784 -0.375783 -0.375687 -0.375682 -0.376727 -0.37568 -0.374738 -0.375782 -0.375684 -0.543818 -0.739936 -0.376725 -0.376725 -0.375682 -0.375681 -0.374738 -0.375776 -0.375678 -0.375677 -0.376707 -0.155695 
-0.151188 -0.381201 -0.381495 -0.379485 -0.380441 -0.380444 -0.379489 -0.380547 -0.380445 -0.380442 -0.380444 -0.380547 -0.380546 -0.380449 -0.380444 -0.381503 -0.380442 -0.379488 -0.380545 -0.380446 -0.550266 -0.748706 -0.381501 -0.3815 -0.380444 -0.380443 -0.379488 -0.38054 -0.38044 -0.380439 -0.381482 -0.157668 
-0.15308 -0.385964 -0.386271 -0.384235 -0.385203 -0.385206 -0.384239 -0.38531 -0.385208 -0.385205 -0.385207 -0.385311 -0.38531 -0.385211 -0.385206 -0.386279 -0.385204 -0.384239 -0.385309 -0.385209 -0.556685 -0.757404 -0.386277 -0.386276 -0.385207 -0.385205 -0.384239 -0.385303 -0.385203 -0.385201 -0.386257 -0.159642 
-0.154973 -0.39073 -0.391049 -0.388988 -0.389968 -0.389971 -0.388992 -0.390077 -0.389973 -0.38997 -0.389972 -0.390077 -0.390076 -0.389976 -0.389971 -0.391057 -0.389969 -0.388992 -0.390075 -0.389974 -0.56308 -0.76603 -0.391055 -0.391054 -0.389972 -0.38997 -0.388992 -0.39007 -0.389968 -0.389966 -0.391035 -0.161618 
-0.156866 -0.395493 -0.395824 -0.393738 -0.39473 -0.394733 -0.393742 -0.39484 -0.394735 -0.394732 -0.394734 -0.394841 -0.39484 -0.394738 -0.394733 -0.395832 -0.394731 -0.393742 -0.394838 -0.394736 -0.569441 -0.774571 -0.39583 -0.395829 -0.394734 -0.394732 -0.393742 -0.394833 -0.39473 -0.394728 -0.39581 -0.163591 
-0.158759 -0.400258 -0.400601 -0.398489 -0.399493 -0.399497 -0.398494 -0.399605 -0.399498 -0.399496 -0.399497 -0.399605 -0.399604 -0.399502 -0.399497 -0.400609 -0.399494 -0.398494 -0.399603 -0.399499 -0.575773 -0.783023 -0.400607 -0.400606 -0.399497 -0.399496 -0.398493 -0.399598 -0.399493 -0.399491 -0.400587 -0.165566 
-0.160651 -0.405021 -0.405376 -0.403239 -0.404255 -0.404259 -0.403244 -0.404368 -0.40426 -0.404257 -0.404259 -0.404369 -0.404368 -0.404263 -0.404259 -0.405385 -0.404256 -0.403244 -0.404366 -0.404261 -0.58206 -0.791377 -0.405382 -0.405381 -0.404259 -0.404258 -0.403243 -0.404361 -0.404255 -0.404253 -0.405361 -0.167539 
-0.162543 -0.409784 -0.410151 -0.40799 -0.409018 -0.409022 -0.407995 -0.409132 -0.409023 -0.40902 -0.409022 -0.409132 -0.409131 -0.409026 -0.409022 -0.410161 -0.409019 -0.407994 -0.40913 -0.409024 -0.588306 -0.79964 -0.410158 -0.410157 -0.409022 -0.40902 -0.407994 -0.409125 -0.409017 -0.409015 -0.410137 -0.169514 
-0.164436 -0.414548 -0.414927 -0.41274 -0.41378 -0.413784 -0.412745 -0.413896 -0.413785 -0.413782 -0.413784 -0.413896 -0.413895 -0.413789 -0.413784 -0.414936 -0.413781 -0.412745 -0.413894 -0.413786 -0.594508 -0.807805 -0.414934 -0.414933 -0.413784 -0.413783 -0.412745 -0.413888 -0.41378 -0.413778 -0.414912 -0.171487 
-0.166329 -0.419312 -0.419703 -0.417491 -0.418543 -0.418547 -0.417496 -0.41866 -0.418548 -0.418545 -0.418547 -0.41866 -0.418659 -0.418552 -0.418547 -0.419713 -0.418544 -0.417496 -0.418658 -0.418549 -0.600663 -0.815864 -0.41971 -0.419709 -0.418547 -0.418546 -0.417496 -0.418652 -0.418543 -0.41854 -0.419688 -0.173461 
-0.168222 -0.424076 -0.424479 -0.422242 -0.423306 -0.42331 -0.422248 -0.423424 -0.423311 -0.423309 -0.423311 -0.423425 -0.423424 -0.423315 -0.423311 -0.424489 -0.423308 -0.422247 -0.423423 -0.423313 -0.606764 -0.823826 -0.424487 -0.424486 -0.42331 -0.423309 -0.422247 -0.423417 -0.423306 -0.423303 -0.424464 -0.175435 
-0.170115 -0.428839 -0.429254 -0.426992 -0.428068 -0.428072 -0.426998 -0.428188 -0.428073 -0.428071 -0.428073 -0.428188 -0.428187 -0.428077 -0.428073 -0.429265 -0.42807 -0.426997 -0.428186 -0.428075 -0.612818 -0.831679 -0.429262 -0.429261 -0.428072 -0.428071 -0.426997 -0.42818 -0.428068 -0.428065 -0.429239 -0.177407 
-0.172008 -0.433601 -0.434028 -0.431741 -0.432829 -0.432833 -0.431747 -0.43295 -0.432834 -0.432832 -0.432834 -0.43295 -0.432949 -0.432838 -0.432834 -0.434039 -0.43283 -0.431746 -0.432948 -0.432836 -0.61882 -0.839429 -0.434036 -0.434035 -0.432833 -0.432831 -0.431746 -0.432942 -0.432828 -0.432826 -0.434013 -0.17938 
-0.173901 -0.438363 -0.438803 -0.436491 -0.43759 -0.437594 -0.436496 -0.437713 -0.437596 -0.437593 -0.437595 -0.437713 -0.437712 -0.437599 -0.437595 -0.438814 -0.437592 -0.436496 -0.437711 -0.437597 -0.624774 -0.84707 -0.438811 -0.43881 -0.437595 -0.437593 -0.436495 -0.437705 -0.43759 -0.437587 -0.438787 -0.181353 
-0.175793 -0.443126 -0.443578 -0.441241 -0.442352 -0.442356 -0.441246 -0.442476 -0.442358 -0.442355 -0.442357 -0.442476 -0.442475 -0.442361 -0.442357 -0.443589 -0.442354 -0.441246 -0.442474 -0.442359 -0.630674 -0.854602 -0.443586 -0.443585 -0.442357 -0.442355 -0.441245 -0.442468 -0.442352 -0.442349 -0.443562 -0.183327 
-0.177685 -0.447889 -0.448353 -0.44599 -0.447114 -0.447118 -0.445996 -0.447239 -0.447119 -0.447117 -0.447119 -0.447239 -0.447238 -0.447123 -0.447119 -0.448364 -0.447115 -0.445995 -0.447237 -0.447121 -0.636524 -0.862014 -0.448361 -0.448359 -0.447118 -0.447116 -0.445995 -0.44723 -0.447113 -0.44711 -0.448336 -0.185301 
-0.179576 -0.452652 -0.453128 -0.45074 -0.451876 -0.45188 -0.450746 -0.452002 -0.451881 -0.451879 -0.451881 -0.452002 -0.452001 -0.451885 -0.451881 -0.453139 -0.451877 -0.450745 -0.452 -0.451883 -0.642325 -0.869311 -0.453136 -0.453134 -0.45188 -0.451878 -0.450744 -0.451993 -0.451875 -0.451872 -0.453111 -0.187275 
-0.181468 -0.457414 -0.457902 -0.455489 -0.456637 -0.456641 -0.455495 -0.456765 -0.456642 -0.45664 -0.456642 -0.456765 -0.456764 -0.456646 -0.456642 -0.457914 -0.456639 -0.455495 -0.456763 -0.456644 -0.648072 -0.876489 -0.457911 -0.457909 -0.456642 -0.45664 -0.455494 -0.456755 -0.456636 -0.456633 -0.457885 -0.189249 
-0.18336 -0.462176 -0.462676 -0.460238 -0.461398 -0.461402 -0.460244 -0.461527 -0.461403 -0.461401 -0.461403 -0.461527 -0.461526 -0.461407 -0.461403 -0.462688 -0.461399 -0.460243 -0.461525 -0.461405 -0.65377 -0.883559 -0.462685 -0.462683 -0.461402 -0.461401 -0.460243 -0.461517 -0.461397 -0.461394 -0.462659 -0.191222 
-0.185251 -0.46694 -0.467452 -0.464989 -0.46616 -0.466164 -0.464995 -0.466291 -0.466166 -0.466164 -0.466166 -0.466291 -0.46629 -0.46617 -0.466166 -0.467464 -0.466162 -0.464994 -0.466289 -0.466168 -0.65943 -0.890543 -0.467461 -0.467459 -0.466165 -0.466163 -0.464993 -0.466281 -0.466159 -0.466156 -0.467434 -0.193197 
-0.187144 -0.471706 -0.47223 -0.469742 -0.470925 -0.470929 -0.469748 -0.471057 -0.470931 -0.470928 -0.47093 -0.471057 -0.471056 -0.470935 -0.470931 -0.472242 -0.470927 -0.469747 -0.471055 -0.470932 -0.665059 -0.897455 -0.472239 -0.472237 -0.47093 -0.470928 -0.469746 -0.471047 -0.470924 -0.470921 -0.472212 -0.195172 
-0.189161 -0.476763 -0.477299 -0.474786 -0.475981 -0.475985 -0.474792 -0.476115 -0.475987 -0.475985 -0.475987 -0.476115 -0.476113 -0.475991 -0.475987 -0.477311 -0.475983 -0.474791 -0.476112 -0.475988 -0.670926 -0.904594 -0.477309 -0.477306 -0.475986 -0.475984 -0.47479 -0.476104 -0.47598 -0.475976 -0.477281 -0.197261 
