0 0 0 0 0 0 0 0 0 0 0 0 0 0 0 0 0 0 0 0 0 0 0 0 0 0 0 0 0 0 0 0 
8.84363e-06 2.17688e-08 2.1769e-08 -1.31551e-05 4.35379e-08 4.35377e-08 -1.31551e-05 2.17694e-08 4.35381e-08 4.35374e-08 -1.31551e-05 1.32204e-05 2.17689e-08 4.35376e-08 4.3538e-08 2.17688e-08 4.35375e-08 -1.31551e-05 1.32204e-05 4.35382e-08 -1.31551e-05 2.1769e-08 1.32204e-05 2.17691e-08 4.35376e-08 -1.31551e-05 -1.31551e-05 2.17684e-08 4.35381e-08 4.3538e-08 1.32204e-05 8.60978e-06 
1.72425e-05 4.35383e-08 4.35384e-08 -2.63108e-05 8.70775e-08 8.7077e-08 -2.63108e-05 4.35391e-08 8.70772e-08 8.7077e-08 -2.63108e-05 2.64414e-05 4.35389e-08 8.70775e-08 8.70775e-08 4.35386e-08 8.70774e-08 -2.63108e-05 2.64414e-05 8.70775e-08 -2.63108e-05 4.35384e-08 2.64414e-05 4.35391e-08 8.70768e-08 -2.63108e-05 -2.63108e-05 4.35384e-08 8.70778e-08 8.70774e-08 2.64414e-05 1.67486e-05 
2.56387e-05 6.5309e-08 6.53088e-08 -3.94669e-05 1.30619e-07 1.30618e-07 -3.94669e-05 6.53096e-08 1.30619e-07 1.30618e-07 -3.94669e-05 3.96629e-05 6.53096e-08 1.30619e-07 1.30619e-07 6.53093e-08 1.30619e-07 -3.94669e-05 3.96629e-05 1.30618e-07 -3.94669e-05 6.53089e-08 3.96629e-05 6.53099e-08 1.30618e-07 -3.94669e-05 -3.94669e-05 6.53085e-08 1.30619e-07 1.30618e-07 3.96628e-05 2.48905e-05 
3.40358e-05 8.70805e-08 8.70798e-08 -5.26236e-05 1.74162e-07 1.74161e-07 -5.26236e-05 8.70809e-08 1.74162e-07 1.74161e-07 -5.26236e-05 5.28849e-05 8.70813e-08 1.74162e-07 1.74162e-07 8.70807e-08 1.74161e-07 -5.26236e-05 5.28849e-05 1.74162e-07 -5.26237e-05 8.70805e-08 5.28849e-05 8.70814e-08 1.74161e-07 -5.26236e-05 -5.26236e-05 8.70804e-08 1.74162e-07 1.74161e-07 5.28848e-05 3.30307e-05 
4.24286e-05 1.08853e-07 1.08853e-07 -6.57808e-05 2.17706e-07 2.17706e-07 -6.57809e-05 1.08854e-07 2.17706e-07 2.17706e-07 -6.57809e-05 6.61075e-05 1.08854e-07 2.17707e-07 2.17707e-07 1.08853e-07 2.17707e-07 -6.57809e-05 6.61075e-05 2.17707e-07 -6.5781e-05 1.08853e-07 6.61075e-05 1.08854e-07 2.17706e-07 -6.57809e-05 -6.57809e-05 1.08853e-07 2.17707e-07 2.17706e-07 6.61073e-05 4.11675e-05 
5.08233e-05 1.30626e-07 1.30626e-07 -7.89387e-05 2.61253e-07 2.61253e-07 -7.89388e-05 1.30628e-07 2.61253e-07 2.61254e-07 -7.89388e-05 7.93307e-05 1.30627e-07 2.61254e-07 2.61254e-07 1.30627e-07 2.61254e-07 -7.89388e-05 7.93307e-05 2.61254e-07 -7.89389e-05 1.30627e-07 7.93307e-05 1.30627e-07 2.61253e-07 -7.89388e-05 -7.89388e-05 1.30626e-07 2.61253e-07 2.61253e-07 7.93304e-05 4.93087e-05 
5.92189e-05 1.52401e-07 1.524e-07 -9.20971e-05 3.04802e-07 3.04802e-07 -9.20974e-05 1.52402e-07 3.04802e-07 3.04803e-07 -9.20973e-05 9.25546e-05 1.52402e-07 3.04803e-07 3.04803e-07 1.52401e-07 3.04803e-07 -9.20973e-05 9.25546e-05 3.04803e-07 -9.20974e-05 1.52401e-07 9.25545e-05 1.52402e-07 3.04802e-07 -9.20973e-05 -9.20974e-05 1.524e-07 3.04803e-07 3.04802e-07 9.25542e-05 5.74514e-05 
6.76165e-05 1.74176e-07 1.74176e-07 -0.000105256 3.48353e-07 3.48353e-07 -0.000105257 1.74178e-07 3.48353e-07 3.48354e-07 -0.000105256 0.000105779 1.74178e-07 3.48354e-07 3.48354e-07 1.74177e-07 3.48355e-07 -0.000105257 0.000105779 3.48354e-07 -0.000105257 1.74177e-07 0.000105779 1.74177e-07 3.48353e-07 -0.000105256 -0.000105257 1.74176e-07 3.48354e-07 3.48353e-07 0.000105779 6.55946e-05 
7.60147e-05 1.95953e-07 1.95953e-07 -0.000118416 3.91907e-07 3.91906e-07 -0.000118416 1.95956e-07 3.91907e-07 3.91907e-07 -0.000118416 0.000119004 1.95954e-07 3.91908e-07 3.91907e-07 1.95954e-07 3.91908e-07 -0.000118416 0.000119004 3.91908e-07 -0.000118417 1.95954e-07 0.000119004 1.95954e-07 3.91907e-07 -0.000118416 -0.000118416 1.95953e-07 3.91907e-07 3.91907e-07 0.000119004 7.37355e-05 
8.44114e-05 2.17731e-07 2.17731e-07 -0.000131577 4.35463e-07 4.35462e-07 -0.000131577 2.17733e-07 4.35463e-07 4.35463e-07 -0.000131577 0.00013223 2.17732e-07 4.35463e-07 4.35463e-07 2.17732e-07 4.35464e-07 -0.000131577 0.00013223 4.35464e-07 -0.000131577 2.17732e-07 0.00013223 2.17732e-07 4.35463e-07 -0.000131577 -0.000131577 2.17731e-07 4.35463e-07 4.35463e-07 0.000132229 8.18777e-05 
9.28071e-05 2.3951e-07 2.3951e-07 -0.000144738 4.79021e-07 4.7902e-07 -0.000144738 2.39513e-07 4.79021e-07 4.79022e-07 -0.000144738 0.000145457 2.39512e-07 4.79022e-07 4.79021e-07 2.39511e-07 4.79022e-07 -0.000144738 0.000145457 4.79022e-07 -0.000144738 2.39511e-07 0.000145457 2.39511e-07 4.79021e-07 -0.000144738 -0.000144738 2.3951e-07 4.79021e-07 4.79021e-07 0.000145456 9.00163e-05 
0.000101203 2.6129e-07 2.6129e-07 -0.0001579 5.22582e-07 5.22581e-07 -0.0001579 2.61293e-07 5.22581e-07 5.22583e-07 -0.0001579 0.000158684 2.61292e-07 5.22583e-07 5.22582e-07 2.61292e-07 5.22583e-07 -0.000157901 0.000158684 5.22583e-07 -0.000157901 2.61292e-07 0.000158684 2.61291e-07 5.22582e-07 -0.0001579 -0.0001579 2.61291e-07 5.22582e-07 5.22582e-07 0.000158683 9.81578e-05 
0.000109602 2.83071e-07 2.83071e-07 -0.000171063 5.66145e-07 5.66144e-07 -0.000171063 2.83074e-07 5.66145e-07 5.66146e-07 -0.000171063 0.000171913 2.83074e-07 5.66146e-07 5.66145e-07 2.83074e-07 5.66146e-07 -0.000171063 0.000171912 5.66146e-07 -0.000171063 2.83074e-07 0.000171912 2.83073e-07 5.66145e-07 -0.000171063 -0.000171063 2.83072e-07 5.66145e-07 5.66145e-07 0.000171911 0.000106301 
0.000118003 3.04854e-07 3.04854e-07 -0.000184226 6.09711e-07 6.09709e-07 -0.000184227 3.04857e-07 6.09711e-07 6.09711e-07 -0.000184227 0.000185142 3.04857e-07 6.09712e-07 6.0971e-07 3.04857e-07 6.09711e-07 -0.000184227 0.000185141 6.09712e-07 -0.000184227 3.04857e-07 0.000185141 3.04856e-07 6.0971e-07 -0.000184227 -0.000184227 3.04855e-07 6.0971e-07 6.0971e-07 0.00018514 0.000114439 
0.000126402 3.26639e-07 3.26639e-07 -0.000197391 6.5328e-07 6.53278e-07 -0.000197391 3.26642e-07 6.53279e-07 6.5328e-07 -0.000197391 0.000198371 3.26641e-07 6.5328e-07 6.53279e-07 3.26641e-07 6.5328e-07 -0.000197391 0.000198371 6.5328e-07 -0.000197391 3.26641e-07 0.000198371 3.2664e-07 6.53279e-07 -0.000197391 -0.000197391 3.26639e-07 6.53279e-07 6.53278e-07 0.000198369 0.000122581 
0.000134798 3.48424e-07 3.48424e-07 -0.000210556 6.96851e-07 6.9685e-07 -0.000210557 3.48428e-07 6.96851e-07 6.96852e-07 -0.000210556 0.000211602 3.48426e-07 6.96852e-07 6.9685e-07 3.48427e-07 6.96852e-07 -0.000210557 0.000211602 6.96852e-07 -0.000210557 3.48427e-07 0.000211602 3.48426e-07 6.9685e-07 -0.000210556 -0.000210556 3.48424e-07 6.9685e-07 6.96848e-07 0.0002116 0.000130731 
0.0001432 3.7021e-07 3.70211e-07 -0.000223722 7.40425e-07 7.40424e-07 -0.000223723 3.70215e-07 7.40425e-07 7.40425e-07 -0.000223722 0.000224833 3.70214e-07 7.40426e-07 7.40424e-07 3.70214e-07 7.40426e-07 -0.000223723 0.000224833 7.40426e-07 -0.000223723 3.70214e-07 0.000224833 3.70213e-07 7.40423e-07 -0.000223722 -0.000223722 3.70211e-07 7.40424e-07 7.40421e-07 0.000224831 0.000138874 
0.0001516 3.91998e-07 3.91999e-07 -0.000236889 7.84002e-07 7.84e-07 -0.00023689 3.92003e-07 7.84002e-07 7.84002e-07 -0.000236889 0.000238066 3.92002e-07 7.84003e-07 7.84001e-07 3.92002e-07 7.84003e-07 -0.00023689 0.000238065 7.84003e-07 -0.000236889 3.92002e-07 0.000238066 3.92001e-07 7.84e-07 -0.000236889 -0.000236889 3.91999e-07 7.84e-07 7.83998e-07 0.000238063 0.000147018 
0.000160005 4.13787e-07 4.13789e-07 -0.000250057 8.27581e-07 8.2758e-07 -0.000250057 4.13793e-07 8.27582e-07 8.27582e-07 -0.000250057 0.000251299 4.13792e-07 8.27583e-07 8.27581e-07 4.13792e-07 8.27583e-07 -0.000250057 0.000251299 8.27582e-07 -0.000250057 4.13792e-07 0.000251299 4.13791e-07 8.27578e-07 -0.000250057 -0.000250057 4.13789e-07 8.27579e-07 8.27577e-07 0.000251295 0.000155162 
0.000168408 4.35578e-07 4.35581e-07 -0.000263225 8.71164e-07 8.71163e-07 -0.000263226 4.35584e-07 8.71165e-07 8.71164e-07 -0.000263226 0.000264533 4.35584e-07 8.71165e-07 8.71163e-07 4.35584e-07 8.71165e-07 -0.000263226 0.000264533 8.71165e-07 -0.000263226 4.35583e-07 0.000264533 4.35582e-07 8.71161e-07 -0.000263226 -0.000263226 4.3558e-07 8.71162e-07 8.7116e-07 0.000264529 0.000163308 
0.000176811 4.5737e-07 4.57373e-07 -0.000276395 9.14749e-07 9.14748e-07 -0.000276396 4.57377e-07 9.14751e-07 9.14749e-07 -0.000276395 0.000277768 4.57376e-07 9.14751e-07 9.14749e-07 4.57377e-07 9.14751e-07 -0.000276396 0.000277767 9.14751e-07 -0.000276395 4.57376e-07 0.000277768 4.57374e-07 9.14746e-07 -0.000276395 -0.000276395 4.57372e-07 9.14746e-07 9.14744e-07 0.000277764 0.000171456 
0.000185211 4.79164e-07 4.79167e-07 -0.000289565 9.58337e-07 9.58336e-07 -0.000289566 4.79171e-07 9.58339e-07 9.58337e-07 -0.000289565 0.000291004 4.79171e-07 9.5834e-07 9.58337e-07 4.79171e-07 9.58339e-07 -0.000289566 0.000291003 9.58339e-07 -0.000289566 4.7917e-07 0.000291004 4.79169e-07 9.58334e-07 -0.000289565 -0.000289566 4.79166e-07 9.58334e-07 9.58331e-07 0.000290999 0.000179606 
0.000193617 5.0096e-07 5.00963e-07 -0.000302737 1.00193e-06 1.00193e-06 -0.000302737 5.00968e-07 1.00193e-06 1.00193e-06 -0.000302737 0.000304241 5.00966e-07 1.00193e-06 1.00193e-06 5.00967e-07 1.00193e-06 -0.000302737 0.00030424 1.00193e-06 -0.000302737 5.00965e-07 0.00030424 5.00964e-07 1.00192e-06 -0.000302737 -0.000302737 5.00962e-07 1.00193e-06 1.00192e-06 0.000304235 0.000187757 
0.000202021 5.22756e-07 5.2276e-07 -0.000315909 1.04552e-06 1.04552e-06 -0.000315909 5.22765e-07 1.04552e-06 1.04552e-06 -0.000315909 0.000317478 5.22763e-07 1.04553e-06 1.04552e-06 5.22765e-07 1.04552e-06 -0.000315909 0.000317477 1.04552e-06 -0.000315909 5.22762e-07 0.000317478 5.22761e-07 1.04552e-06 -0.000315909 -0.000315909 5.22759e-07 1.04552e-06 1.04552e-06 0.000317472 0.000195908 
0.000210427 5.44555e-07 5.44559e-07 -0.000329082 1.08912e-06 1.08912e-06 -0.000329083 5.44564e-07 1.08912e-06 1.08912e-06 -0.000329082 0.000330717 5.44562e-07 1.08912e-06 1.08912e-06 5.44563e-07 1.08912e-06 -0.000329082 0.000330716 1.08912e-06 -0.000329082 5.44561e-07 0.000330717 5.44559e-07 1.08912e-06 -0.000329082 -0.000329082 5.44558e-07 1.08912e-06 1.08911e-06 0.00033071 0.000204054 
0.000218834 5.66355e-07 5.66359e-07 -0.000342256 1.13272e-06 1.13272e-06 -0.000342257 5.66364e-07 1.13272e-06 1.13272e-06 -0.000342256 0.000343956 5.66362e-07 1.13272e-06 1.13272e-06 5.66364e-07 1.13272e-06 -0.000342256 0.000343955 1.13272e-06 -0.000342256 5.66361e-07 0.000343956 5.6636e-07 1.13272e-06 -0.000342255 -0.000342256 5.66357e-07 1.13272e-06 1.13271e-06 0.000343949 0.000212206 
0.000227242 5.88156e-07 5.8816e-07 -0.000355431 1.17632e-06 1.17632e-06 -0.000355431 5.88166e-07 1.17632e-06 1.17632e-06 -0.000355431 0.000357197 5.88164e-07 1.17633e-06 1.17632e-06 5.88166e-07 1.17632e-06 -0.000355431 0.000357195 1.17632e-06 -0.000355431 5.88163e-07 0.000357196 5.88161e-07 1.17632e-06 -0.00035543 -0.000355431 5.88158e-07 1.17632e-06 1.17631e-06 0.000357189 0.000220359 
0.000235654 6.09958e-07 6.09964e-07 -0.000368607 1.21993e-06 1.21993e-06 -0.000368607 6.09969e-07 1.21993e-06 1.21993e-06 -0.000368607 0.000370438 6.09967e-07 1.21993e-06 1.21993e-06 6.09969e-07 1.21993e-06 -0.000368607 0.000370437 1.21993e-06 -0.000368607 6.09966e-07 0.000370438 6.09965e-07 1.21993e-06 -0.000368606 -0.000368606 6.09961e-07 1.21992e-06 1.21992e-06 0.00037043 0.000228512 
0.000244065 6.31762e-07 6.31768e-07 -0.000381784 1.26354e-06 1.26354e-06 -0.000381784 6.31774e-07 1.26354e-06 1.26354e-06 -0.000381783 0.00038368 6.31771e-07 1.26354e-06 1.26354e-06 6.31773e-07 1.26354e-06 -0.000381784 0.000383679 1.26354e-06 -0.000381784 6.3177e-07 0.00038368 6.31769e-07 1.26354e-06 -0.000381782 -0.000381783 6.31766e-07 1.26353e-06 1.26353e-06 0.000383671 0.000236663 
0.000252472 6.53568e-07 6.53574e-07 -0.000394961 1.30715e-06 1.30715e-06 -0.000394961 6.5358e-07 1.30715e-06 1.30715e-06 -0.000394961 0.000396923 6.53578e-07 1.30716e-06 1.30715e-06 6.5358e-07 1.30715e-06 -0.000394962 0.000396922 1.30715e-06 -0.000394962 6.53577e-07 0.000396923 6.53575e-07 1.30715e-06 -0.00039496 -0.000394961 6.53572e-07 1.30714e-06 1.30714e-06 0.000396914 0.000244815 
0.000260882 6.75374e-07 6.75381e-07 -0.00040814 1.35076e-06 1.35076e-06 -0.00040814 6.75388e-07 1.35077e-06 1.35077e-06 -0.000408139 0.000410167 6.75385e-07 1.35077e-06 1.35077e-06 6.75387e-07 1.35077e-06 -0.00040814 0.000410166 1.35077e-06 -0.00040814 6.75384e-07 0.000410167 6.75382e-07 1.35076e-06 -0.000408138 -0.000408139 6.75379e-07 1.35076e-06 1.35075e-06 0.000410157 0.000252967 
0.000269299 6.97183e-07 6.9719e-07 -0.000421319 1.39438e-06 1.39438e-06 -0.000421319 6.97197e-07 1.39439e-06 1.39438e-06 -0.000421319 0.000423412 6.97195e-07 1.39439e-06 1.39438e-06 6.97197e-07 1.39438e-06 -0.00042132 0.00042341 1.39439e-06 -0.00042132 6.97192e-07 0.000423411 6.97191e-07 1.39438e-06 -0.000421318 -0.000421318 6.97188e-07 1.39438e-06 1.39437e-06 0.000423401 0.000261121 
0.000277709 7.18993e-07 7.19001e-07 -0.0004345 1.438e-06 1.438e-06 -0.0004345 7.19008e-07 1.43801e-06 1.43801e-06 -0.000434499 0.000436658 7.19006e-07 1.43801e-06 1.438e-06 7.19008e-07 1.43801e-06 -0.0004345 0.000436656 1.43801e-06 -0.0004345 7.19003e-07 0.000436657 7.19002e-07 1.438e-06 -0.000434498 -0.000434499 7.18998e-07 1.438e-06 1.43799e-06 0.000436646 0.000269273 
0.000286121 7.40804e-07 7.40813e-07 -0.000447681 1.48163e-06 1.48163e-06 -0.000447681 7.4082e-07 1.48163e-06 1.48163e-06 -0.00044768 0.000449905 7.40818e-07 1.48164e-06 1.48163e-06 7.4082e-07 1.48163e-06 -0.000447681 0.000449903 1.48163e-06 -0.000447681 7.40815e-07 0.000449904 7.40814e-07 1.48163e-06 -0.000447679 -0.00044768 7.40809e-07 1.48162e-06 1.48161e-06 0.000449892 0.000277428 
0.000294533 7.62617e-07 7.62626e-07 -0.000460863 1.52525e-06 1.52525e-06 -0.000460863 7.62634e-07 1.52526e-06 1.52526e-06 -0.000460862 0.000463152 7.62632e-07 1.52526e-06 1.52526e-06 7.62634e-07 1.52526e-06 -0.000460863 0.00046315 1.52526e-06 -0.000460864 7.62628e-07 0.000463151 7.62627e-07 1.52525e-06 -0.000460861 -0.000460862 7.62622e-07 1.52525e-06 1.52524e-06 0.000463139 0.00028558 
0.000302947 7.84432e-07 7.84442e-07 -0.000474046 1.56888e-06 1.56888e-06 -0.000474046 7.8445e-07 1.56889e-06 1.56889e-06 -0.000474045 0.000476401 7.84447e-07 1.5689e-06 1.56888e-06 7.84449e-07 1.56889e-06 -0.000474047 0.000476399 1.56889e-06 -0.000474047 7.84443e-07 0.0004764 7.84442e-07 1.56888e-06 -0.000474044 -0.000474045 7.84437e-07 1.56887e-06 1.56887e-06 0.000476387 0.000293733 
0.000311359 8.06248e-07 8.06258e-07 -0.00048723 1.61252e-06 1.61252e-06 -0.00048723 8.06267e-07 1.61252e-06 1.61252e-06 -0.000487229 0.000489651 8.06264e-07 1.61253e-06 1.61252e-06 8.06266e-07 1.61252e-06 -0.000487231 0.000489648 1.61252e-06 -0.000487231 8.0626e-07 0.000489649 8.06259e-07 1.61252e-06 -0.000487228 -0.000487229 8.06253e-07 1.61251e-06 1.6125e-06 0.000489635 0.000301888 
0.000319771 8.28066e-07 8.28076e-07 -0.000500415 1.65615e-06 1.65615e-06 -0.000500415 8.28085e-07 1.65616e-06 1.65616e-06 -0.000500414 0.000502901 8.28082e-07 1.65617e-06 1.65615e-06 8.28085e-07 1.65616e-06 -0.000500416 0.000502898 1.65616e-06 -0.000500416 8.28078e-07 0.000502899 8.28077e-07 1.65615e-06 -0.000500413 -0.000500414 8.28071e-07 1.65614e-06 1.65614e-06 0.000502885 0.000310047 
0.000328187 8.49885e-07 8.49896e-07 -0.0005136 1.69979e-06 1.69979e-06 -0.000513601 8.49905e-07 1.6998e-06 1.69979e-06 -0.0005136 0.000516152 8.49902e-07 1.69981e-06 1.69979e-06 8.49905e-07 1.69979e-06 -0.000513601 0.00051615 1.6998e-06 -0.000513601 8.49897e-07 0.000516151 8.49896e-07 1.69979e-06 -0.000513598 -0.0005136 8.4989e-07 1.69978e-06 1.69978e-06 0.000516135 0.000318204 
0.000336598 8.71705e-07 8.71717e-07 -0.000526787 1.74343e-06 1.74343e-06 -0.000526788 8.71726e-07 1.74344e-06 1.74344e-06 -0.000526786 0.000529404 8.71724e-07 1.74345e-06 1.74343e-06 8.71726e-07 1.74344e-06 -0.000526788 0.000529402 1.74344e-06 -0.000526788 8.71718e-07 0.000529403 8.71718e-07 1.74343e-06 -0.000526785 -0.000526786 8.71711e-07 1.74342e-06 1.74342e-06 0.000529387 0.000326363 
0.00034501 8.93527e-07 8.93539e-07 -0.000539974 1.78707e-06 1.78708e-06 -0.000539975 8.93549e-07 1.78709e-06 1.78708e-06 -0.000539973 0.000542658 8.93546e-07 1.78709e-06 1.78708e-06 8.9355e-07 1.78708e-06 -0.000539976 0.000542655 1.78709e-06 -0.000539976 8.9354e-07 0.000542656 8.9354e-07 1.78708e-06 -0.000539972 -0.000539974 8.93534e-07 1.78707e-06 1.78706e-06 0.000542639 0.000334519 
0.000353423 9.15349e-07 9.15363e-07 -0.000553162 1.83072e-06 1.83073e-06 -0.000553164 9.15373e-07 1.83073e-06 1.83073e-06 -0.000553162 0.000555912 9.1537e-07 1.83074e-06 1.83073e-06 9.15374e-07 1.83073e-06 -0.000553164 0.000555909 1.83074e-06 -0.000553164 9.15364e-07 0.00055591 9.15364e-07 1.83072e-06 -0.00055316 -0.000553162 9.15358e-07 1.83071e-06 1.83071e-06 0.000555892 0.000342677 
0.00036184 9.37174e-07 9.37188e-07 -0.000566352 1.87437e-06 1.87438e-06 -0.000566353 9.37198e-07 1.87438e-06 1.87438e-06 -0.000566351 0.000569167 9.37196e-07 1.8744e-06 1.87438e-06 9.372e-07 1.87438e-06 -0.000566353 0.000569163 1.87439e-06 -0.000566353 9.37189e-07 0.000569165 9.37189e-07 1.87437e-06 -0.00056635 -0.000566352 9.37183e-07 1.87436e-06 1.87436e-06 0.000569146 0.000350835 
0.000370257 9.59e-07 9.59015e-07 -0.000579542 1.91803e-06 1.91803e-06 -0.000579544 9.59025e-07 1.91804e-06 1.91803e-06 -0.000579541 0.000582422 9.59023e-07 1.91805e-06 1.91803e-06 9.59027e-07 1.91803e-06 -0.000579543 0.000582419 1.91804e-06 -0.000579543 9.59016e-07 0.00058242 9.59016e-07 1.91803e-06 -0.00057954 -0.000579542 9.59009e-07 1.91801e-06 1.91801e-06 0.000582401 0.000358992 
0.000378677 9.80828e-07 9.80843e-07 -0.000592733 1.96168e-06 1.96169e-06 -0.000592735 9.80853e-07 1.9617e-06 1.96169e-06 -0.000592732 0.000595679 9.80851e-07 1.96171e-06 1.96169e-06 9.80856e-07 1.96169e-06 -0.000592734 0.000595675 1.9617e-06 -0.000592734 9.80845e-07 0.000595677 9.80844e-07 1.96168e-06 -0.000592731 -0.000592733 9.80836e-07 1.96167e-06 1.96167e-06 0.000595656 0.00036715 
0.000387097 1.00266e-06 1.00267e-06 -0.000605924 2.00534e-06 2.00535e-06 -0.000605927 1.00268e-06 2.00535e-06 2.00535e-06 -0.000605924 0.000608936 1.00268e-06 2.00537e-06 2.00535e-06 1.00269e-06 2.00535e-06 -0.000605926 0.000608933 2.00535e-06 -0.000605926 1.00268e-06 0.000608934 1.00267e-06 2.00534e-06 -0.000605922 -0.000605924 1.00267e-06 2.00533e-06 2.00533e-06 0.000608913 0.000375308 
0.000395515 1.02449e-06 1.0245e-06 -0.000619117 2.049e-06 2.04901e-06 -0.00061912 1.02451e-06 2.04902e-06 2.04901e-06 -0.000619117 0.000622194 1.02451e-06 2.04903e-06 2.04901e-06 1.02452e-06 2.04901e-06 -0.000619119 0.000622191 2.04902e-06 -0.000619119 1.02451e-06 0.000622193 1.0245e-06 2.049e-06 -0.000619115 -0.000619117 1.0245e-06 2.04899e-06 2.04899e-06 0.000622171 0.000383468 
0.000403941 1.04632e-06 1.04634e-06 -0.000632311 2.09267e-06 2.09267e-06 -0.000632313 1.04635e-06 2.09268e-06 2.09268e-06 -0.00063231 0.000635454 1.04635e-06 2.0927e-06 2.09267e-06 1.04635e-06 2.09267e-06 -0.000632312 0.00063545 2.09268e-06 -0.000632313 1.04634e-06 0.000635452 1.04634e-06 2.09267e-06 -0.000632309 -0.000632311 1.04633e-06 2.09265e-06 2.09265e-06 0.000635429 0.000391626 
0.000412363 1.06815e-06 1.06817e-06 -0.000645505 2.13634e-06 2.13634e-06 -0.000645508 1.06818e-06 2.13635e-06 2.13635e-06 -0.000645505 0.000648714 1.06818e-06 2.13636e-06 2.13634e-06 1.06818e-06 2.13634e-06 -0.000645507 0.000648711 2.13635e-06 -0.000645507 1.06817e-06 0.000648712 1.06817e-06 2.13634e-06 -0.000645503 -0.000645505 1.06816e-06 2.13632e-06 2.13632e-06 0.000648688 0.000399788 
0.000420778 1.08999e-06 1.09001e-06 -0.0006587 2.18001e-06 2.18001e-06 -0.000658703 1.09002e-06 2.18002e-06 2.18002e-06 -0.0006587 0.000661975 1.09001e-06 2.18004e-06 2.18001e-06 1.09002e-06 2.18001e-06 -0.000658702 0.000661972 2.18002e-06 -0.000658702 1.09001e-06 0.000661973 1.09001e-06 2.18001e-06 -0.000658698 -0.0006587 1.09e-06 2.17999e-06 2.17999e-06 0.000661948 0.000407949 
0.0004292 1.11182e-06 1.11184e-06 -0.000671896 2.22368e-06 2.22369e-06 -0.0006719 1.11185e-06 2.22369e-06 2.22369e-06 -0.000671896 0.000675236 1.11185e-06 2.22371e-06 2.22368e-06 1.11186e-06 2.22369e-06 -0.000671898 0.000675233 2.2237e-06 -0.000671899 1.11185e-06 0.000675234 1.11184e-06 2.22368e-06 -0.000671895 -0.000671896 1.11183e-06 2.22367e-06 2.22366e-06 0.000675209 0.000416111 
0.000437623 1.13366e-06 1.13368e-06 -0.000685093 2.26736e-06 2.26736e-06 -0.000685097 1.13369e-06 2.26737e-06 2.26737e-06 -0.000685093 0.000688499 1.13369e-06 2.26739e-06 2.26736e-06 1.13369e-06 2.26736e-06 -0.000685095 0.000688496 2.26737e-06 -0.000685096 1.13369e-06 0.000688497 1.13368e-06 2.26736e-06 -0.000685092 -0.000685093 1.13367e-06 2.26734e-06 2.26734e-06 0.000688471 0.000424272 
0.000446047 1.1555e-06 1.15552e-06 -0.000698291 2.31104e-06 2.31104e-06 -0.000698295 1.15553e-06 2.31105e-06 2.31105e-06 -0.000698291 0.000701763 1.15553e-06 2.31107e-06 2.31104e-06 1.15553e-06 2.31104e-06 -0.000698293 0.000701759 2.31105e-06 -0.000698294 1.15553e-06 0.00070176 1.15552e-06 2.31104e-06 -0.00069829 -0.000698291 1.15551e-06 2.31102e-06 2.31102e-06 0.000701733 0.000432439 
0.000454472 1.17734e-06 1.17736e-06 -0.00071149 2.35472e-06 2.35472e-06 -0.000711493 1.17737e-06 2.35473e-06 2.35473e-06 -0.00071149 0.000715027 1.17737e-06 2.35475e-06 2.35472e-06 1.17737e-06 2.35472e-06 -0.000711492 0.000715024 2.35473e-06 -0.000711492 1.17737e-06 0.000715024 1.17736e-06 2.35472e-06 -0.000711489 -0.000711489 1.17735e-06 2.3547e-06 2.3547e-06 0.000714996 0.000440605 
0.000462893 1.19918e-06 1.1992e-06 -0.000724689 2.3984e-06 2.39841e-06 -0.000724693 1.19922e-06 2.39842e-06 2.39842e-06 -0.00072469 0.000728292 1.19921e-06 2.39844e-06 2.39841e-06 1.19922e-06 2.39841e-06 -0.000724692 0.000728289 2.39842e-06 -0.000724692 1.19921e-06 0.000728289 1.19921e-06 2.39841e-06 -0.000724688 -0.000724689 1.19919e-06 2.39839e-06 2.39838e-06 0.00072826 0.000448767 
0.000471315 1.22102e-06 1.22105e-06 -0.00073789 2.44209e-06 2.4421e-06 -0.000737894 1.22106e-06 2.4421e-06 2.4421e-06 -0.00073789 0.000741559 1.22106e-06 2.44212e-06 2.4421e-06 1.22106e-06 2.44209e-06 -0.000737892 0.000741555 2.44211e-06 -0.000737892 1.22105e-06 0.000741555 1.22105e-06 2.4421e-06 -0.000737889 -0.000737889 1.22104e-06 2.44207e-06 2.44207e-06 0.000741525 0.000456935 
0.000479739 1.24287e-06 1.24289e-06 -0.000751091 2.48578e-06 2.48579e-06 -0.000751095 1.24291e-06 2.48579e-06 2.48579e-06 -0.000751091 0.000754826 1.2429e-06 2.48581e-06 2.48579e-06 1.24291e-06 2.48578e-06 -0.000751093 0.000754822 2.4858e-06 -0.000751094 1.2429e-06 0.000754822 1.2429e-06 2.48579e-06 -0.00075109 -0.000751091 1.24288e-06 2.48577e-06 2.48576e-06 0.000754791 0.000465103 
0.000488165 1.26471e-06 1.26474e-06 -0.000764293 2.52947e-06 2.52948e-06 -0.000764298 1.26475e-06 2.52949e-06 2.52948e-06 -0.000764293 0.000768093 1.26475e-06 2.52951e-06 2.52948e-06 1.26475e-06 2.52947e-06 -0.000764295 0.00076809 2.52949e-06 -0.000764296 1.26475e-06 0.000768089 1.26474e-06 2.52948e-06 -0.000764292 -0.000764293 1.26473e-06 2.52946e-06 2.52945e-06 0.000768057 0.000473273 
0.000496592 1.28656e-06 1.28658e-06 -0.000777496 2.57317e-06 2.57318e-06 -0.000777501 1.2866e-06 2.57318e-06 2.57318e-06 -0.000777496 0.000781362 1.2866e-06 2.5732e-06 2.57318e-06 1.2866e-06 2.57317e-06 -0.000777498 0.000781358 2.57319e-06 -0.000777499 1.2866e-06 0.000781358 1.28659e-06 2.57318e-06 -0.000777495 -0.000777496 1.28658e-06 2.57315e-06 2.57315e-06 0.000781325 0.00048144 
0.000505017 1.30841e-06 1.30843e-06 -0.0007907 2.61687e-06 2.61688e-06 -0.000790704 1.30845e-06 2.61688e-06 2.61688e-06 -0.000790699 0.000794632 1.30845e-06 2.6169e-06 2.61688e-06 1.30845e-06 2.61687e-06 -0.000790701 0.000794627 2.61689e-06 -0.000790703 1.30844e-06 0.000794627 1.30844e-06 2.61688e-06 -0.000790698 -0.0007907 1.30843e-06 2.61685e-06 2.61685e-06 0.000794593 0.000489608 
0.000513442 1.33026e-06 1.33028e-06 -0.000803904 2.66057e-06 2.66058e-06 -0.000803909 1.3303e-06 2.66058e-06 2.66058e-06 -0.000803904 0.000807902 1.3303e-06 2.66061e-06 2.66058e-06 1.3303e-06 2.66057e-06 -0.000803906 0.000807898 2.66059e-06 -0.000803907 1.3303e-06 0.000807897 1.33029e-06 2.66058e-06 -0.000803903 -0.000803905 1.33028e-06 2.66055e-06 2.66055e-06 0.000807862 0.000497773 
0.000521866 1.35211e-06 1.35213e-06 -0.000817109 2.70427e-06 2.70428e-06 -0.000817114 1.35215e-06 2.70429e-06 2.70428e-06 -0.000817109 0.000821173 1.35215e-06 2.70431e-06 2.70428e-06 1.35215e-06 2.70427e-06 -0.000817111 0.000821168 2.70429e-06 -0.000817113 1.35215e-06 0.000821167 1.35214e-06 2.70428e-06 -0.000817108 -0.00081711 1.35213e-06 2.70426e-06 2.70425e-06 0.000821132 0.000505941 
0.000530293 1.37396e-06 1.37399e-06 -0.000830315 2.74797e-06 2.74798e-06 -0.00083032 1.37401e-06 2.74799e-06 2.74798e-06 -0.000830315 0.000834444 1.374e-06 2.74802e-06 2.74799e-06 1.37401e-06 2.74798e-06 -0.000830317 0.00083444 2.748e-06 -0.000830319 1.374e-06 0.000834439 1.37399e-06 2.74799e-06 -0.000830314 -0.000830317 1.37398e-06 2.74796e-06 2.74796e-06 0.000834402 0.000514109 
0.000538723 1.39581e-06 1.39584e-06 -0.000843521 2.79168e-06 2.79169e-06 -0.000843527 1.39586e-06 2.7917e-06 2.79169e-06 -0.000843521 0.000847717 1.39586e-06 2.79173e-06 2.7917e-06 1.39586e-06 2.79168e-06 -0.000843523 0.000847712 2.79171e-06 -0.000843525 1.39585e-06 0.000847711 1.39585e-06 2.7917e-06 -0.00084352 -0.000843523 1.39583e-06 2.79167e-06 2.79166e-06 0.000847673 0.000522274 
0.00054715 1.41767e-06 1.41769e-06 -0.000856728 2.83539e-06 2.8354e-06 -0.000856734 1.41772e-06 2.83541e-06 2.8354e-06 -0.000856729 0.00086099 1.41771e-06 2.83544e-06 2.83541e-06 1.41772e-06 2.83539e-06 -0.00085673 0.000860986 2.83542e-06 -0.000856732 1.41771e-06 0.000860984 1.4177e-06 2.83541e-06 -0.000856727 -0.000856731 1.41769e-06 2.83538e-06 2.83537e-06 0.000860945 0.000530442 
0.000555575 1.43952e-06 1.43955e-06 -0.000869936 2.8791e-06 2.87912e-06 -0.000869942 1.43957e-06 2.87912e-06 2.87911e-06 -0.000869937 0.000874264 1.43957e-06 2.87915e-06 2.87912e-06 1.43957e-06 2.87911e-06 -0.000869938 0.00087426 2.87913e-06 -0.00086994 1.43957e-06 0.000874258 1.43956e-06 2.87912e-06 -0.000869936 -0.000869939 1.43955e-06 2.87909e-06 2.87908e-06 0.000874218 0.000538618 
0.000564005 1.46138e-06 1.46141e-06 -0.000883144 2.92281e-06 2.92283e-06 -0.000883151 1.46143e-06 2.92284e-06 2.92283e-06 -0.000883146 0.000887538 1.46143e-06 2.92287e-06 2.92284e-06 1.46143e-06 2.92282e-06 -0.000883147 0.000887534 2.92285e-06 -0.000883149 1.46143e-06 0.000887532 1.46142e-06 2.92284e-06 -0.000883144 -0.000883148 1.4614e-06 2.92281e-06 2.9228e-06 0.000887491 0.000546788 
0.000572432 1.48324e-06 1.48327e-06 -0.000896353 2.96653e-06 2.96655e-06 -0.00089636 1.48329e-06 2.96656e-06 2.96654e-06 -0.000896355 0.000900813 1.48329e-06 2.96659e-06 2.96656e-06 1.48329e-06 2.96654e-06 -0.000896357 0.000900809 2.96656e-06 -0.000896358 1.48328e-06 0.000900807 1.48327e-06 2.96656e-06 -0.000896354 -0.000896358 1.48326e-06 2.96652e-06 2.96651e-06 0.000900765 0.000554958 
0.000580866 1.5051e-06 1.50512e-06 -0.000909563 3.01025e-06 3.01027e-06 -0.00090957 1.50515e-06 3.01028e-06 3.01026e-06 -0.000909565 0.000914089 1.50515e-06 3.01031e-06 3.01028e-06 1.50515e-06 3.01026e-06 -0.000909567 0.000914085 3.01028e-06 -0.000909569 1.50515e-06 0.000914083 1.50513e-06 3.01028e-06 -0.000909564 -0.000909568 1.50512e-06 3.01024e-06 3.01023e-06 0.00091404 0.000563128 
0.000589296 1.52695e-06 1.52698e-06 -0.000922773 3.05397e-06 3.05399e-06 -0.000922781 1.52701e-06 3.054e-06 3.05398e-06 -0.000922776 0.000927366 1.52701e-06 3.05403e-06 3.054e-06 1.52701e-06 3.05398e-06 -0.000922778 0.000927362 3.05401e-06 -0.000922779 1.52701e-06 0.000927359 1.527e-06 3.054e-06 -0.000922774 -0.000922779 1.52698e-06 3.05396e-06 3.05395e-06 0.000927315 0.000571298 
0.000597727 1.54882e-06 1.54885e-06 -0.000935984 3.09769e-06 3.09771e-06 -0.000935992 1.54887e-06 3.09772e-06 3.09771e-06 -0.000935988 0.000940643 1.54887e-06 3.09776e-06 3.09772e-06 1.54887e-06 3.0977e-06 -0.000935989 0.000940638 3.09773e-06 -0.000935991 1.54887e-06 0.000940636 1.54886e-06 3.09772e-06 -0.000935985 -0.000935991 1.54884e-06 3.09769e-06 3.09768e-06 0.000940591 0.000579473 
0.000606154 1.57068e-06 1.57071e-06 -0.000949196 3.14142e-06 3.14144e-06 -0.000949204 1.57074e-06 3.14145e-06 3.14143e-06 -0.0009492 0.000953921 1.57073e-06 3.14148e-06 3.14145e-06 1.57074e-06 3.14142e-06 -0.000949201 0.000953916 3.14146e-06 -0.000949203 1.57073e-06 0.000953914 1.57072e-06 3.14145e-06 -0.000949197 -0.000949203 1.57071e-06 3.14141e-06 3.1414e-06 0.000953868 0.000587648 
0.000614588 1.59254e-06 1.59257e-06 -0.000962408 3.18514e-06 3.18516e-06 -0.000962416 1.5926e-06 3.18518e-06 3.18516e-06 -0.000962412 0.000967199 1.5926e-06 3.18521e-06 3.18517e-06 1.5926e-06 3.18515e-06 -0.000962414 0.000967194 3.18518e-06 -0.000962415 1.5926e-06 0.000967192 1.59258e-06 3.18517e-06 -0.000962409 -0.000962415 1.59257e-06 3.18514e-06 3.18513e-06 0.000967145 0.000595824 
0.000623019 1.6144e-06 1.61443e-06 -0.000975621 3.22887e-06 3.22889e-06 -0.000975629 1.61446e-06 3.22891e-06 3.22889e-06 -0.000975625 0.000980477 1.61446e-06 3.22894e-06 3.2289e-06 1.61446e-06 3.22888e-06 -0.000975627 0.000980472 3.22891e-06 -0.000975628 1.61446e-06 0.00098047 1.61445e-06 3.2289e-06 -0.000975622 -0.000975628 1.61443e-06 3.22887e-06 3.22886e-06 0.000980422 0.000603999 
0.000631451 1.63627e-06 1.6363e-06 -0.000988834 3.2726e-06 3.27262e-06 -0.000988843 1.63633e-06 3.27264e-06 3.27262e-06 -0.000988839 0.000993756 1.63633e-06 3.27267e-06 3.27263e-06 1.63633e-06 3.27261e-06 -0.00098884 0.00099375 3.27265e-06 -0.000988842 1.63633e-06 0.000993749 1.63631e-06 3.27263e-06 -0.000988835 -0.000988842 1.6363e-06 3.2726e-06 3.27259e-06 0.0009937 0.00061217 
0.000639885 1.65813e-06 1.65816e-06 -0.00100205 3.31633e-06 3.31635e-06 -0.00100206 1.65819e-06 3.31637e-06 3.31635e-06 -0.00100205 0.00100704 1.65819e-06 3.31641e-06 3.31636e-06 1.65819e-06 3.31634e-06 -0.00100205 0.00100703 3.31638e-06 -0.00100206 1.65819e-06 0.00100703 1.65818e-06 3.31637e-06 -0.00100205 -0.00100206 1.65816e-06 3.31633e-06 3.31632e-06 0.00100698 0.000620346 
0.000648319 1.67999e-06 1.68003e-06 -0.00101526 3.36006e-06 3.36009e-06 -0.00101527 1.68006e-06 3.36011e-06 3.36008e-06 -0.00101527 0.00102032 1.68006e-06 3.36014e-06 3.3601e-06 1.68006e-06 3.36007e-06 -0.00101527 0.00102031 3.36011e-06 -0.00101527 1.68006e-06 0.00102031 1.68005e-06 3.3601e-06 -0.00101526 -0.00101527 1.68003e-06 3.36006e-06 3.36005e-06 0.00102026 0.000628523 
0.000656757 1.70186e-06 1.70189e-06 -0.00102848 3.4038e-06 3.40382e-06 -0.00102849 1.70193e-06 3.40384e-06 3.40381e-06 -0.00102848 0.0010336 1.70193e-06 3.40388e-06 3.40383e-06 1.70193e-06 3.40381e-06 -0.00102848 0.00103359 3.40385e-06 -0.00102848 1.70193e-06 0.00103359 1.70191e-06 3.40383e-06 -0.00102848 -0.00102848 1.7019e-06 3.4038e-06 3.40378e-06 0.00103354 0.0006367 
0.000665193 1.72373e-06 1.72376e-06 -0.00104169 3.44753e-06 3.44756e-06 -0.0010417 1.7238e-06 3.44758e-06 3.44755e-06 -0.0010417 0.00104688 1.7238e-06 3.44761e-06 3.44756e-06 1.7238e-06 3.44754e-06 -0.0010417 0.00104687 3.44758e-06 -0.0010417 1.7238e-06 0.00104687 1.72378e-06 3.44757e-06 -0.00104169 -0.0010417 1.72377e-06 3.44753e-06 3.44752e-06 0.00104682 0.000644874 
0.000673625 1.74559e-06 1.74563e-06 -0.0010549 3.49127e-06 3.49129e-06 -0.00105492 1.74566e-06 3.49131e-06 3.49129e-06 -0.00105491 0.00106016 1.74566e-06 3.49135e-06 3.4913e-06 1.74567e-06 3.49128e-06 -0.00105491 0.00106015 3.49132e-06 -0.00105492 1.74566e-06 0.00106015 1.74565e-06 3.4913e-06 -0.00105491 -0.00105491 1.74563e-06 3.49127e-06 3.49125e-06 0.0010601 0.000653049 
0.00068206 1.76746e-06 1.7675e-06 -0.00106812 3.535e-06 3.53503e-06 -0.00106813 1.76753e-06 3.53505e-06 3.53502e-06 -0.00106813 0.00107344 1.76753e-06 3.53509e-06 3.53504e-06 1.76753e-06 3.53501e-06 -0.00106813 0.00107343 3.53506e-06 -0.00106813 1.76753e-06 0.00107343 1.76752e-06 3.53504e-06 -0.00106812 -0.00106813 1.7675e-06 3.535e-06 3.53499e-06 0.00107338 0.000661223 
0.0006905 1.78933e-06 1.78937e-06 -0.00108133 3.57874e-06 3.57877e-06 -0.00108135 1.7894e-06 3.57879e-06 3.57876e-06 -0.00108134 0.00108672 1.7894e-06 3.57882e-06 3.57877e-06 1.7894e-06 3.57875e-06 -0.00108135 0.00108671 3.5788e-06 -0.00108135 1.7894e-06 0.00108671 1.78939e-06 3.57878e-06 -0.00108134 -0.00108134 1.78937e-06 3.57874e-06 3.57872e-06 0.00108666 0.000669399 
0.000698933 1.8112e-06 1.81124e-06 -0.00109455 3.62248e-06 3.62251e-06 -0.00109456 1.81127e-06 3.62253e-06 3.6225e-06 -0.00109456 0.0011 1.81127e-06 3.62256e-06 3.62251e-06 1.81127e-06 3.62249e-06 -0.00109456 0.00109999 3.62254e-06 -0.00109456 1.81127e-06 0.00109999 1.81126e-06 3.62252e-06 -0.00109455 -0.00109456 1.81124e-06 3.62248e-06 3.62246e-06 0.00109994 0.000677573 
0.000707369 1.83307e-06 1.8331e-06 -0.00110777 3.66622e-06 3.66625e-06 -0.00110778 1.83314e-06 3.66627e-06 3.66624e-06 -0.00110777 0.00111328 1.83314e-06 3.6663e-06 3.66625e-06 1.83314e-06 3.66623e-06 -0.00110778 0.00111328 3.66628e-06 -0.00110778 1.83314e-06 0.00111327 1.83313e-06 3.66626e-06 -0.00110777 -0.00110778 1.83311e-06 3.66622e-06 3.6662e-06 0.00111322 0.000685749 
0.000715803 1.85493e-06 1.85497e-06 -0.00112098 3.70996e-06 3.70999e-06 -0.00112099 1.85501e-06 3.71e-06 3.70998e-06 -0.00112099 0.00112656 1.85501e-06 3.71004e-06 3.70999e-06 1.85501e-06 3.70997e-06 -0.00112099 0.00112656 3.71001e-06 -0.00112099 1.85501e-06 0.00112656 1.855e-06 3.71e-06 -0.00112099 -0.00112099 1.85498e-06 3.70996e-06 3.70994e-06 0.0011265 0.000693921 
0.000724239 1.8768e-06 1.87684e-06 -0.0011342 3.75369e-06 3.75373e-06 -0.00113421 1.87688e-06 3.75374e-06 3.75372e-06 -0.00113421 0.00113985 1.87688e-06 3.75378e-06 3.75373e-06 1.87689e-06 3.7537e-06 -0.00113421 0.00113984 3.75375e-06 -0.00113421 1.87688e-06 0.00113984 1.87686e-06 3.75373e-06 -0.0011342 -0.00113421 1.87685e-06 3.75369e-06 3.75367e-06 0.00113978 0.000702094 
0.000732672 1.89867e-06 1.89871e-06 -0.00114741 3.79743e-06 3.79747e-06 -0.00114743 1.89875e-06 3.79748e-06 3.79746e-06 -0.00114742 0.00115313 1.89875e-06 3.79752e-06 3.79747e-06 1.89876e-06 3.79744e-06 -0.00114743 0.00115312 3.79749e-06 -0.00114743 1.89875e-06 0.00115312 1.89873e-06 3.79747e-06 -0.00114742 -0.00114742 1.89872e-06 3.79743e-06 3.79741e-06 0.00115306 0.000710269 
0.000741105 1.92054e-06 1.92058e-06 -0.00116063 3.84117e-06 3.8412e-06 -0.00116064 1.92062e-06 3.84122e-06 3.8412e-06 -0.00116064 0.00116641 1.92062e-06 3.84126e-06 3.84121e-06 1.92063e-06 3.84118e-06 -0.00116064 0.0011664 3.84123e-06 -0.00116064 1.92062e-06 0.0011664 1.9206e-06 3.84121e-06 -0.00116063 -0.00116064 1.92059e-06 3.84117e-06 3.84115e-06 0.00116634 0.000718446 
0.00074954 1.94241e-06 1.94245e-06 -0.00117384 3.88491e-06 3.88494e-06 -0.00117386 1.94249e-06 3.88496e-06 3.88493e-06 -0.00117385 0.00117969 1.94249e-06 3.885e-06 3.88495e-06 1.9425e-06 3.88492e-06 -0.00117386 0.00117968 3.88497e-06 -0.00117386 1.94249e-06 0.00117968 1.94247e-06 3.88495e-06 -0.00117385 -0.00117386 1.94246e-06 3.88491e-06 3.88488e-06 0.00117962 0.000726621 
0.000757971 1.96427e-06 1.96432e-06 -0.00118706 3.92865e-06 3.92868e-06 -0.00118707 1.96436e-06 3.9287e-06 3.92867e-06 -0.00118707 0.00119297 1.96436e-06 3.92873e-06 3.92869e-06 1.96436e-06 3.92866e-06 -0.00118707 0.00119297 3.92871e-06 -0.00118707 1.96436e-06 0.00119296 1.96434e-06 3.92869e-06 -0.00118706 -0.00118707 1.96432e-06 3.92864e-06 3.92862e-06 0.0011929 0.000734797 
0.000766401 1.98614e-06 1.98618e-06 -0.00120027 3.97238e-06 3.97241e-06 -0.00120029 1.98623e-06 3.97243e-06 3.97241e-06 -0.00120029 0.00120625 1.98622e-06 3.97247e-06 3.97242e-06 1.98623e-06 3.97239e-06 -0.00120029 0.00120625 3.97245e-06 -0.00120029 1.98622e-06 0.00120624 1.98621e-06 3.97242e-06 -0.00120028 -0.00120029 1.98619e-06 3.97238e-06 3.97235e-06 0.00120618 0.000742969 
0.000774832 2.00801e-06 2.00805e-06 -0.00121349 4.01612e-06 4.01615e-06 -0.0012135 2.00809e-06 4.01617e-06 4.01615e-06 -0.0012135 0.00121953 2.00809e-06 4.0162e-06 4.01616e-06 2.0081e-06 4.01613e-06 -0.0012135 0.00121953 4.01618e-06 -0.0012135 2.00809e-06 0.00121953 2.00808e-06 4.01616e-06 -0.00121349 -0.0012135 2.00806e-06 4.01611e-06 4.01609e-06 0.00121946 0.000751143 
0.000783266 2.02987e-06 2.02992e-06 -0.0012267 4.05985e-06 4.05988e-06 -0.00122672 2.02996e-06 4.0599e-06 4.05988e-06 -0.00122672 0.00123281 2.02996e-06 4.05994e-06 4.0599e-06 2.02997e-06 4.05986e-06 -0.00122672 0.00123281 4.05992e-06 -0.00122672 2.02996e-06 0.00123281 2.02995e-06 4.05989e-06 -0.00122671 -0.00122672 2.02992e-06 4.05985e-06 4.05982e-06 0.00123274 0.000759316 
0.000791699 2.05174e-06 2.05178e-06 -0.00123992 4.10358e-06 4.10362e-06 -0.00123993 2.05183e-06 4.10363e-06 4.10361e-06 -0.00123993 0.00124609 2.05182e-06 4.10367e-06 4.10363e-06 2.05183e-06 4.1036e-06 -0.00123993 0.00124609 4.10365e-06 -0.00123993 2.05183e-06 0.00124609 2.05181e-06 4.10363e-06 -0.00123992 -0.00123993 2.05179e-06 4.10358e-06 4.10355e-06 0.00124602 0.000767487 
0.000800134 2.0736e-06 2.07365e-06 -0.00125313 4.14731e-06 4.14735e-06 -0.00125315 2.0737e-06 4.14737e-06 4.14734e-06 -0.00125314 0.00125937 2.07369e-06 4.1474e-06 4.14736e-06 2.0737e-06 4.14733e-06 -0.00125314 0.00125937 4.14738e-06 -0.00125315 2.07369e-06 0.00125936 2.07368e-06 4.14736e-06 -0.00125314 -0.00125314 2.07365e-06 4.14731e-06 4.14728e-06 0.00125929 0.000775659 
0.000808568 2.09547e-06 2.09551e-06 -0.00126634 4.19104e-06 4.19108e-06 -0.00126636 2.09556e-06 4.19109e-06 4.19107e-06 -0.00126636 0.00127265 2.09555e-06 4.19113e-06 4.19109e-06 2.09557e-06 4.19106e-06 -0.00126636 0.00127264 4.19111e-06 -0.00126636 2.09556e-06 0.00127264 2.09554e-06 4.19109e-06 -0.00126635 -0.00126636 2.09552e-06 4.19104e-06 4.191e-06 0.00127257 0.000783829 
0.000816999 2.11733e-06 2.11738e-06 -0.00127956 4.23477e-06 4.23481e-06 -0.00127957 2.11743e-06 4.23482e-06 4.2348e-06 -0.00127957 0.00128593 2.11742e-06 4.23486e-06 4.23482e-06 2.11743e-06 4.23478e-06 -0.00127957 0.00128592 4.23484e-06 -0.00127957 2.11742e-06 0.00128592 2.1174e-06 4.23482e-06 -0.00127956 -0.00127957 2.11738e-06 4.23476e-06 4.23473e-06 0.00128585 0.000792001 
0.000825438 2.1392e-06 2.13924e-06 -0.00129277 4.2785e-06 4.27853e-06 -0.00129279 2.13929e-06 4.27855e-06 4.27853e-06 -0.00129278 0.00129921 2.13928e-06 4.27859e-06 4.27855e-06 2.13929e-06 4.27851e-06 -0.00129278 0.0012992 4.27856e-06 -0.00129278 2.13928e-06 0.0012992 2.13927e-06 4.27854e-06 -0.00129277 -0.00129278 2.13924e-06 4.27849e-06 4.27846e-06 0.00129913 0.000800171 
0.000833876 2.16106e-06 2.1611e-06 -0.00130598 4.32223e-06 4.32226e-06 -0.001306 2.16115e-06 4.32228e-06 4.32226e-06 -0.00130599 0.00131248 2.16115e-06 4.32232e-06 4.32228e-06 2.16116e-06 4.32224e-06 -0.001306 0.00131248 4.32229e-06 -0.001306 2.16115e-06 0.00131248 2.16113e-06 4.32227e-06 -0.00130599 -0.00130599 2.1611e-06 4.32221e-06 4.32218e-06 0.0013124 0.000808348 
0.000842808 2.18292e-06 2.18296e-06 -0.00131919 4.36595e-06 4.36598e-06 -0.00131921 2.18302e-06 4.36601e-06 4.36598e-06 -0.00131921 0.00132576 2.18301e-06 4.36605e-06 4.366e-06 2.18302e-06 4.36596e-06 -0.00131921 0.00132576 4.36602e-06 -0.00131921 2.18301e-06 0.00132576 2.18299e-06 4.366e-06 -0.0013192 -0.00131921 2.18297e-06 4.36594e-06 4.36591e-06 0.00132568 0.000817046 
