625.794 625.794 625.794 625.794 625.794 625.794 625.794 625.794 625.794 625.794 625.794 625.794 625.794 625.794 625.794 625.794 625.794 625.794 625.794 625.794 625.794 625.794 625.794 625.794 625.794 625.794 625.794 625.794 625.794 625.794 625.794 625.794 
625.985 625.976 625.975 625.974 625.979 625.976 625.979 625.977 625.976 625.977 625.978 625.979 625.981 625.977 625.977 625.979 625.979 625.977 625.978 625.976 625.979 625.979 625.979 625.978 625.976 625.979 625.978 625.976 625.978 625.976 625.972 625.969 
626.183 626.163 626.161 626.161 626.169 626.165 626.169 626.166 626.163 626.166 626.167 626.169 626.174 626.167 626.166 626.169 626.17 626.165 626.168 626.164 626.169 626.169 626.169 626.167 626.164 626.169 626.168 626.164 626.166 626.163 626.156 626.15 
626.386 626.355 626.353 626.353 626.364 626.36 626.365 626.361 626.356 626.361 626.361 626.365 626.371 626.362 626.362 626.364 626.366 626.359 626.364 626.358 626.366 626.365 626.365 626.363 626.358 626.364 626.363 626.358 626.36 626.357 626.346 626.338 
626.597 626.553 626.552 626.552 626.566 626.562 626.567 626.562 626.556 626.562 626.561 626.568 626.575 626.565 626.564 626.566 626.569 626.56 626.566 626.559 626.568 626.567 626.567 626.565 626.559 626.564 626.565 626.56 626.56 626.557 626.543 626.532 
626.814 626.758 626.758 626.758 626.773 626.772 626.776 626.771 626.763 626.77 626.769 626.778 626.785 626.774 626.773 626.775 626.779 626.768 626.775 626.767 626.779 626.775 626.775 626.774 626.768 626.772 626.774 626.769 626.767 626.765 626.746 626.734 
627.039 626.97 626.971 626.971 626.987 626.988 626.991 626.987 626.977 626.986 626.984 626.995 627.002 626.99 626.989 626.99 626.996 626.985 626.991 626.983 626.996 626.99 626.991 626.99 626.984 626.986 626.99 626.986 626.981 626.98 626.956 626.944 
627.271 627.189 627.19 627.191 627.207 627.211 627.214 627.21 627.199 627.208 627.206 627.221 627.226 627.214 627.213 627.212 627.219 627.21 627.214 627.206 627.221 627.213 627.213 627.212 627.207 627.209 627.214 627.21 627.203 627.203 627.173 627.162 
627.511 627.414 627.416 627.419 627.434 627.44 627.444 627.441 627.428 627.437 627.435 627.453 627.457 627.444 627.443 627.44 627.448 627.443 627.444 627.436 627.452 627.443 627.442 627.44 627.437 627.439 627.445 627.44 627.432 627.433 627.396 627.388 
627.758 627.647 627.649 627.654 627.668 627.676 627.681 627.677 627.665 627.673 627.67 627.692 627.694 627.682 627.679 627.676 627.683 627.683 627.681 627.673 627.69 627.681 627.678 627.674 627.673 627.676 627.682 627.677 627.667 627.669 627.625 627.622 
628.012 627.887 627.889 627.897 627.908 627.917 627.924 627.92 627.909 627.916 627.912 627.936 627.937 627.927 627.921 627.918 627.925 627.929 627.924 627.916 627.933 627.927 627.921 627.915 627.914 627.92 627.924 627.919 627.91 627.911 627.862 627.862 
628.273 628.133 628.135 628.145 628.155 628.165 628.174 628.17 628.161 628.164 628.16 628.186 628.186 628.179 628.168 628.167 628.173 628.18 628.173 628.165 628.181 628.18 628.17 628.161 628.16 628.17 628.172 628.166 628.159 628.159 628.105 628.108 
628.54 628.385 628.389 628.4 628.409 628.419 628.429 628.425 628.419 628.418 628.415 628.44 628.441 628.437 628.421 628.423 628.427 628.436 628.428 628.419 628.435 628.44 628.425 628.413 628.412 628.425 628.425 628.419 628.414 628.412 628.355 628.359 
628.813 628.643 628.649 628.661 628.668 628.679 628.691 628.687 628.683 628.679 628.677 628.7 628.701 628.699 628.679 628.685 628.689 628.697 628.689 628.68 628.694 628.703 628.687 628.671 628.669 628.685 628.684 628.677 628.675 628.67 628.609 628.615 
629.092 628.906 628.915 628.927 628.934 628.945 628.958 628.956 628.951 628.945 628.943 628.965 628.966 628.967 628.943 628.952 628.955 628.962 628.955 628.946 628.958 628.971 628.954 628.936 628.932 628.95 628.948 628.939 628.94 628.934 628.868 628.874 
629.375 629.175 629.185 629.198 629.207 629.215 629.23 629.229 629.225 629.217 629.215 629.236 629.238 629.239 629.213 629.224 629.228 629.232 629.226 629.217 629.227 629.243 629.227 629.206 629.201 629.22 629.218 629.207 629.21 629.202 629.132 629.139 
629.662 629.448 629.461 629.475 629.484 629.491 629.507 629.508 629.503 629.494 629.491 629.513 629.515 629.516 629.488 629.501 629.505 629.507 629.502 629.495 629.501 629.519 629.505 629.482 629.475 629.494 629.493 629.48 629.484 629.475 629.399 629.409 
629.954 629.725 629.741 629.757 629.767 629.772 629.788 629.792 629.786 629.776 629.772 629.794 629.797 629.797 629.769 629.783 629.789 629.787 629.782 629.776 629.78 629.798 629.788 629.762 629.754 629.772 629.772 629.757 629.761 629.752 629.67 629.684 
630.25 630.006 630.026 630.043 630.053 630.058 630.073 630.079 630.073 630.062 630.057 630.081 630.085 630.084 630.055 630.069 630.077 630.072 630.065 630.062 630.064 630.082 630.074 630.047 630.037 630.055 630.057 630.039 630.042 630.033 629.947 629.964 
630.55 630.291 630.315 630.334 630.344 630.349 630.362 630.37 630.364 630.352 630.345 630.372 630.377 630.375 630.345 630.36 630.368 630.361 630.352 630.352 630.352 630.37 630.365 630.335 630.325 630.343 630.346 630.325 630.326 630.318 630.227 630.248 
630.854 630.579 630.608 630.629 630.638 630.644 630.654 630.664 630.658 630.646 630.638 630.666 630.675 630.67 630.64 630.656 630.663 630.653 630.643 630.644 630.644 630.662 630.66 630.627 630.616 630.635 630.639 630.615 630.615 630.607 630.513 630.536 
631.162 630.87 630.904 630.928 630.935 630.941 630.949 630.962 630.956 630.943 630.934 630.964 630.976 630.97 630.938 630.956 630.96 630.949 630.939 630.941 630.941 630.958 630.958 630.922 630.911 630.931 630.935 630.908 630.908 630.901 630.803 630.829 
631.472 631.165 631.204 631.231 631.234 631.242 631.249 631.262 631.256 631.244 631.234 631.264 631.28 631.273 631.24 631.259 631.259 631.248 631.238 631.241 631.241 631.257 631.259 631.221 631.209 631.229 631.235 631.204 631.205 631.198 631.096 631.126 
631.786 631.463 631.506 631.536 631.536 631.547 631.552 631.566 631.559 631.547 631.536 631.568 631.587 631.578 631.545 631.565 631.561 631.55 631.54 631.545 631.545 631.559 631.563 631.523 631.51 631.53 631.537 631.504 631.506 631.499 631.392 631.427 
632.103 631.764 631.812 631.843 631.84 631.854 631.858 631.873 631.864 631.853 631.842 631.875 631.896 631.885 631.852 631.873 631.866 631.856 631.846 631.851 631.853 631.864 631.87 631.828 631.816 631.833 631.842 631.807 631.811 631.803 631.692 631.731 
632.424 632.068 632.12 632.154 632.146 632.164 632.167 632.183 632.173 632.162 632.151 632.186 632.207 632.195 632.16 632.185 632.173 632.166 632.155 632.161 632.164 632.172 632.179 632.136 632.125 632.138 632.149 632.112 632.119 632.11 631.994 632.037 
632.746 632.374 632.431 632.467 632.455 632.476 632.479 632.495 632.484 632.474 632.462 632.499 632.518 632.506 632.471 632.499 632.484 632.479 632.466 632.473 632.477 632.483 632.491 632.446 632.439 632.445 632.459 632.42 632.428 632.419 632.298 632.346 
633.072 632.682 632.743 632.783 632.765 632.789 632.792 632.811 632.798 632.787 632.776 632.815 632.83 632.82 632.783 632.815 632.797 632.794 632.78 632.788 632.793 632.796 632.805 632.758 632.755 632.756 632.771 632.73 632.739 632.729 632.603 632.657 
633.4 632.992 633.058 633.1 633.079 633.104 633.107 633.128 633.114 633.103 633.092 633.133 633.145 633.137 633.096 633.134 633.112 633.11 633.095 633.105 633.111 633.111 633.121 633.073 633.073 633.069 633.086 633.043 633.052 633.041 632.91 632.97 
633.73 633.305 633.373 633.42 633.396 633.42 633.424 633.447 633.432 633.42 633.408 633.453 633.461 633.455 633.411 633.454 633.429 633.428 633.412 633.424 633.43 633.426 633.438 633.39 633.392 633.385 633.402 633.357 633.365 633.353 633.218 633.284 
634.062 633.62 633.69 633.741 633.715 633.738 633.742 633.768 633.751 633.739 633.727 633.773 633.781 633.775 633.729 633.776 633.747 633.748 633.73 633.745 633.75 633.742 633.757 633.709 633.712 633.703 633.72 633.672 633.681 633.667 633.529 633.599 
634.395 633.937 634.008 634.063 634.037 634.057 634.062 634.091 634.072 634.059 634.047 634.094 634.101 634.098 634.049 634.098 634.066 634.068 634.05 634.066 634.071 634.059 634.076 634.029 634.032 634.022 634.039 633.989 633.998 633.983 633.841 633.917 
634.728 634.255 634.328 634.387 634.359 634.377 634.383 634.415 634.394 634.381 634.369 634.417 634.424 634.422 634.371 634.421 634.387 634.391 634.372 634.39 634.394 634.377 634.398 634.35 634.354 634.344 634.36 634.307 634.316 634.302 634.155 634.235 
635.062 634.575 634.65 634.71 634.682 634.701 634.706 634.739 634.719 634.703 634.693 634.742 634.747 634.747 634.695 634.744 634.709 634.715 634.695 634.714 634.718 634.697 634.721 634.672 634.677 634.666 634.684 634.626 634.636 634.623 634.47 634.556 
635.396 634.895 634.973 635.034 635.005 635.026 635.03 635.065 635.044 635.026 635.018 635.067 635.071 635.073 635.019 635.068 635.032 635.041 635.019 635.039 635.043 635.017 635.045 634.995 635.002 634.99 635.009 634.946 634.957 634.945 634.786 634.877 
635.731 635.216 635.298 635.358 635.328 635.353 635.355 635.391 635.371 635.351 635.344 635.393 635.397 635.4 635.343 635.392 635.357 635.368 635.345 635.365 635.37 635.34 635.369 635.319 635.327 635.315 635.336 635.268 635.279 635.268 635.103 635.199 
636.068 635.538 635.624 635.683 635.652 635.681 635.682 635.719 635.698 635.676 635.67 635.72 635.724 635.728 635.668 635.718 635.682 635.696 635.672 635.693 635.698 635.665 635.694 635.645 635.653 635.641 635.664 635.591 635.602 635.592 635.42 635.521 
636.405 635.86 635.951 636.009 635.976 636.008 636.011 636.048 636.026 636.003 635.997 636.047 636.053 636.057 635.994 636.045 636.008 636.025 636 636.021 636.027 635.99 636.019 635.972 635.978 635.968 635.993 635.916 635.926 635.916 635.737 635.844 
636.744 636.182 636.278 636.335 636.301 636.336 636.342 636.377 636.353 636.331 636.323 636.376 636.382 636.387 636.32 636.373 636.334 636.355 636.328 636.351 636.355 636.317 636.346 636.3 636.304 636.294 636.323 636.242 636.251 636.242 636.057 636.167 
637.083 636.506 636.606 636.662 636.627 636.665 636.674 636.707 636.681 636.659 636.649 636.706 636.712 636.719 636.648 636.702 636.661 636.684 636.658 636.68 636.683 636.644 636.674 636.629 636.631 636.622 636.652 636.568 636.576 636.568 636.377 636.49 
637.423 636.829 636.934 636.989 636.954 636.994 637.007 637.038 637.009 636.988 636.975 637.037 637.041 637.051 636.977 637.032 636.987 637.014 636.987 637.009 637.012 636.971 637.003 636.959 636.958 636.95 636.981 636.896 636.901 636.895 636.699 636.814 
637.763 637.153 637.263 637.316 637.281 637.324 637.34 637.368 637.337 637.318 637.303 637.369 637.37 637.384 637.308 637.362 637.314 637.342 637.316 637.337 637.341 637.299 637.334 637.289 637.285 637.278 637.311 637.223 637.228 637.223 637.022 637.137 
638.103 637.476 637.592 637.643 637.609 637.654 637.672 637.699 637.665 637.648 637.631 637.7 637.7 637.718 637.639 637.692 637.642 637.671 637.645 637.665 637.67 637.628 637.664 637.62 637.613 637.607 637.64 637.55 637.554 637.55 637.345 637.461 
638.444 637.8 637.921 637.971 637.938 637.983 638.004 638.03 637.993 637.979 637.96 638.031 638.03 638.051 637.969 638.021 637.97 637.999 637.974 637.993 637.999 637.958 637.995 637.95 637.941 637.936 637.969 637.876 637.881 637.877 637.668 637.785 
638.786 638.124 638.25 638.3 638.267 638.312 638.335 638.361 638.321 638.31 638.29 638.361 638.36 638.384 638.299 638.351 638.298 638.326 638.303 638.321 638.328 638.289 638.327 638.279 638.269 638.264 638.298 638.202 638.207 638.204 637.992 638.109 
639.129 638.449 638.579 638.628 638.597 638.639 638.665 638.691 638.649 638.641 638.62 638.689 638.69 638.717 638.629 638.681 638.628 638.654 638.633 638.65 638.656 638.62 638.658 638.608 638.597 638.593 638.627 638.528 638.534 638.53 638.316 638.433 
639.472 638.775 638.907 638.957 638.927 638.967 638.996 639.022 638.977 638.971 638.95 639.017 639.02 639.049 638.957 639.011 638.957 638.982 638.963 638.979 638.985 638.952 638.988 638.936 638.926 638.922 638.956 638.853 638.861 638.856 638.64 638.758 
639.816 639.101 639.235 639.285 639.257 639.294 639.326 639.352 639.305 639.301 639.28 639.345 639.349 639.38 639.286 639.341 639.285 639.31 639.294 639.308 639.314 639.283 639.318 639.264 639.255 639.251 639.284 639.178 639.189 639.183 638.965 639.083 
640.159 639.427 639.561 639.613 639.586 639.621 639.656 639.681 639.632 639.631 639.609 639.674 639.678 639.71 639.614 639.671 639.613 639.639 639.626 639.638 639.643 639.615 639.648 639.592 639.585 639.58 639.611 639.504 639.518 639.51 639.289 639.409 
640.502 639.753 639.888 639.941 639.915 639.949 639.986 640.011 639.96 639.961 639.938 640.004 640.006 640.039 639.941 640.001 639.941 639.967 639.957 639.968 639.972 639.946 639.977 639.92 639.915 639.91 639.938 639.829 639.848 639.838 639.612 639.736 
640.844 640.078 640.214 640.269 640.244 640.277 640.315 640.339 640.287 640.29 640.267 640.334 640.333 640.368 640.269 640.33 640.267 640.295 640.288 640.298 640.302 640.277 640.305 640.249 640.246 640.241 640.264 640.155 640.177 640.167 639.935 640.062 
641.186 640.403 640.541 640.596 640.572 640.606 640.643 640.668 640.614 640.619 640.596 640.664 640.66 640.697 640.598 640.66 640.594 640.623 640.618 640.628 640.631 640.608 640.632 640.579 640.576 640.572 640.59 640.482 640.505 640.496 640.257 640.387 
641.527 640.727 640.868 640.923 640.9 640.936 640.971 640.996 640.942 640.948 640.925 640.994 640.987 641.026 640.928 640.988 640.919 640.951 640.947 640.959 640.959 640.939 640.958 640.909 640.906 640.902 640.917 640.809 640.833 640.826 640.579 640.712 
641.867 641.051 641.196 641.25 641.228 641.266 641.3 641.326 641.27 641.276 641.254 641.323 641.314 641.354 641.257 641.317 641.245 641.279 641.275 641.289 641.286 641.269 641.284 641.24 641.235 641.233 641.244 641.136 641.16 641.156 640.9 641.036 
642.206 641.376 641.522 641.576 641.555 641.595 641.629 641.657 641.597 641.604 641.582 641.652 641.64 641.682 641.587 641.645 641.569 641.607 641.603 641.618 641.613 641.598 641.61 641.57 641.564 641.562 641.571 641.463 641.486 641.486 641.221 641.36 
642.546 641.7 641.848 641.903 641.883 641.924 641.958 641.989 641.924 641.93 641.91 641.981 641.966 642.009 641.916 641.972 641.894 641.935 641.932 641.948 641.94 641.927 641.936 641.9 641.893 641.89 641.899 641.792 641.813 641.815 641.541 641.683 
642.885 642.024 642.173 642.23 642.209 642.252 642.287 642.321 642.25 642.254 642.237 642.31 642.29 642.335 642.245 642.299 642.218 642.262 642.26 642.277 642.267 642.255 642.263 642.229 642.222 642.217 642.228 642.122 642.141 642.144 641.86 642.005 
643.224 642.347 642.496 642.558 642.534 642.579 642.616 642.652 642.576 642.577 642.563 642.638 642.614 642.661 642.573 642.626 642.542 642.588 642.588 642.605 642.594 642.584 642.589 642.556 642.55 642.543 642.557 642.451 642.47 642.471 642.179 642.326 
643.563 642.668 642.82 642.885 642.858 642.905 642.943 642.981 642.901 642.899 642.888 642.966 642.938 642.987 642.901 642.951 642.865 642.912 642.916 642.933 642.921 642.912 642.914 642.881 642.878 642.869 642.887 642.779 642.798 642.796 642.497 642.646 
643.901 642.987 643.144 643.21 643.181 643.229 643.269 643.308 643.227 643.219 643.211 643.293 643.262 643.314 643.227 643.276 643.188 643.236 643.242 643.258 643.248 643.238 643.239 643.204 643.204 643.194 643.215 643.105 643.125 643.12 642.816 642.965 
644.239 643.305 643.467 643.535 643.501 643.553 643.594 643.633 643.552 643.538 643.533 643.619 643.585 643.639 643.552 643.601 643.51 643.558 643.567 643.582 643.574 643.563 643.563 643.525 643.53 643.518 643.543 643.429 643.45 643.442 643.134 643.282 
644.575 643.622 643.789 643.858 643.821 643.874 643.917 643.956 643.876 643.857 643.855 643.943 643.908 643.964 643.876 643.925 643.831 643.879 643.891 643.904 643.898 643.887 643.884 643.846 643.855 643.84 643.869 643.751 643.773 643.763 643.451 643.598 
644.909 643.938 644.109 644.179 644.139 644.195 644.238 644.277 644.199 644.174 644.176 644.266 644.231 644.287 644.197 644.248 644.151 644.199 644.214 644.225 644.221 644.209 644.204 644.166 644.179 644.161 644.194 644.072 644.095 644.082 643.767 643.913 
645.24 644.253 644.427 644.498 644.455 644.514 644.558 644.597 644.52 644.492 644.496 644.587 644.553 644.61 644.518 644.57 644.469 644.518 644.537 644.544 644.542 644.531 644.522 644.486 644.501 644.482 644.517 644.393 644.415 644.4 644.082 644.227 
645.57 644.568 644.743 644.814 644.769 644.832 644.876 644.915 644.84 644.808 644.816 644.907 644.874 644.931 644.839 644.891 644.785 644.836 644.858 644.862 644.86 644.851 644.84 644.805 644.823 644.801 644.839 644.713 644.735 644.716 644.395 644.54 
645.899 644.88 645.057 645.128 645.083 645.148 645.192 645.232 645.158 645.125 645.134 645.225 645.194 645.252 645.159 645.211 645.101 645.152 645.178 645.178 645.176 645.171 645.157 645.124 645.143 645.118 645.16 645.032 645.053 645.031 644.708 644.852 
646.225 645.191 645.368 645.439 645.395 645.463 645.507 645.548 645.475 645.441 645.451 645.542 645.512 645.571 645.478 645.528 645.415 645.468 645.497 645.493 645.491 645.489 645.473 645.442 645.462 645.435 645.479 645.35 645.37 645.345 645.02 645.163 
646.55 645.501 645.678 645.749 645.707 645.776 645.821 645.863 645.79 645.755 645.765 645.858 645.828 645.889 645.794 645.842 645.728 645.783 645.814 645.808 645.804 645.806 645.788 645.759 645.78 645.75 645.796 645.666 645.684 645.657 645.331 645.472 
646.874 645.808 645.986 646.057 646.017 646.089 646.132 646.175 646.104 646.066 646.078 646.172 646.142 646.205 646.108 646.154 646.04 646.097 646.128 646.121 646.115 646.122 646.102 646.074 646.095 646.063 646.111 645.979 645.995 645.968 645.64 645.779 
647.195 646.113 646.294 646.364 646.326 646.399 646.441 646.485 646.416 646.374 646.39 646.484 646.454 646.518 646.42 646.463 646.35 646.409 646.44 646.433 646.425 646.435 646.414 646.386 646.407 646.373 646.423 646.29 646.304 646.277 645.948 646.084 
647.515 646.416 646.6 646.67 646.634 646.708 646.748 646.793 646.726 646.679 646.699 646.794 646.762 646.828 646.73 646.769 646.658 646.719 646.749 646.743 646.733 646.746 646.723 646.695 646.718 646.68 646.732 646.597 646.61 646.584 646.253 646.387 
647.831 646.717 646.903 646.974 646.939 647.013 647.054 647.098 647.034 646.98 647.007 647.101 647.068 647.135 647.037 647.073 646.963 647.026 647.054 647.049 647.039 647.054 647.031 647.001 647.025 646.985 647.039 646.902 646.914 646.89 646.555 646.689 
648.145 647.015 647.204 647.275 647.242 647.315 647.356 647.4 647.34 647.279 647.312 647.405 647.371 647.44 647.34 647.373 647.266 647.33 647.355 647.354 647.343 647.359 647.334 647.304 647.33 647.287 647.343 647.205 647.215 647.192 646.854 646.987 
648.456 647.309 647.5 647.574 647.542 647.613 647.657 647.699 647.643 647.577 647.614 647.706 647.67 647.741 647.639 647.671 647.566 647.631 647.653 647.656 647.645 647.661 647.634 647.605 647.631 647.586 647.645 647.506 647.513 647.49 647.15 647.282 
648.765 647.601 647.793 647.869 647.837 647.909 647.954 647.994 647.942 647.874 647.914 648.004 647.967 648.038 647.934 647.967 647.862 647.929 647.947 647.955 647.944 647.959 647.93 647.903 647.928 647.882 647.943 647.804 647.81 647.786 647.444 647.574 
649.071 647.889 648.082 648.16 648.129 648.201 648.249 648.286 648.237 648.168 648.21 648.297 648.261 648.333 648.225 648.259 648.155 648.224 648.238 648.252 648.24 648.253 648.221 648.198 648.222 648.175 648.238 648.099 648.105 648.078 647.734 647.863 
649.374 648.175 648.368 648.448 648.417 648.49 648.54 648.575 648.528 648.46 648.502 648.587 648.552 648.623 648.512 648.549 648.445 648.516 648.527 648.546 648.533 648.543 648.509 648.49 648.512 648.464 648.529 648.389 648.397 648.367 648.022 648.149 
649.674 648.457 648.65 648.732 648.701 648.776 648.827 648.86 648.815 648.747 648.791 648.874 648.839 648.91 648.795 648.836 648.73 648.804 648.812 648.836 648.821 648.829 648.793 648.777 648.797 648.749 648.816 648.674 648.684 648.652 648.306 648.433 
649.97 648.737 648.929 649.012 648.982 649.059 649.111 649.141 649.098 649.031 649.076 649.156 649.123 649.192 649.075 649.12 649.011 649.089 649.094 649.121 649.105 649.112 649.073 649.061 649.08 649.032 649.099 648.956 648.968 648.933 648.587 648.713 
650.26 649.014 649.206 649.288 649.26 649.338 649.389 649.418 649.377 649.31 649.357 649.434 649.403 649.47 649.35 649.401 649.289 649.37 649.372 649.402 649.385 649.39 649.351 649.34 649.358 649.311 649.377 649.234 649.248 649.211 648.864 648.99 
650.545 649.287 649.478 649.56 649.533 649.614 649.663 649.691 649.652 649.584 649.633 649.708 649.679 649.744 649.622 649.679 649.563 649.647 649.647 649.678 649.66 649.664 649.626 649.614 649.633 649.587 649.651 649.509 649.524 649.483 649.136 649.262 
650.825 649.556 649.747 649.827 649.803 649.885 649.932 649.961 649.922 649.854 649.904 649.978 649.95 650.012 649.891 649.952 649.833 649.919 649.918 649.949 649.931 649.934 649.897 649.885 649.903 649.859 649.919 649.781 649.795 649.752 649.404 649.528 
651.099 649.821 650.012 650.09 650.067 650.152 650.197 650.226 650.188 650.12 650.169 650.244 650.217 650.276 650.155 650.221 650.097 650.187 650.184 650.216 650.198 650.199 650.165 650.15 650.169 650.126 650.184 650.049 650.061 650.016 649.667 649.789 
651.369 650.08 650.271 650.349 650.327 650.415 650.457 650.486 650.448 650.382 650.43 650.504 650.479 650.535 650.416 650.485 650.357 650.45 650.445 650.476 650.461 650.459 650.429 650.411 650.43 650.389 650.443 650.312 650.321 650.275 649.925 650.044 
651.634 650.333 650.525 650.602 650.581 650.672 650.713 650.742 650.704 650.639 650.685 650.759 650.734 650.789 650.672 650.744 650.613 650.707 650.701 650.731 650.719 650.715 650.688 650.666 650.685 650.645 650.699 650.569 650.577 650.529 650.178 650.293 
651.893 650.58 650.773 650.851 650.83 650.923 650.964 650.993 650.954 650.89 650.935 651.008 650.984 651.037 650.924 650.997 650.863 650.958 650.952 650.98 650.971 650.965 650.941 650.916 650.933 650.894 650.949 650.82 650.826 650.777 650.425 650.538 
652.145 650.821 651.015 651.094 651.074 651.168 651.21 651.238 651.199 651.134 651.18 651.251 651.226 651.28 651.17 651.244 651.107 651.202 651.198 651.223 651.217 651.21 651.188 651.161 651.176 651.138 651.195 651.065 651.07 651.019 650.667 650.776 
652.391 651.056 651.25 651.332 651.313 651.406 651.45 651.476 651.438 651.372 651.419 651.488 651.463 651.517 651.411 651.486 651.346 651.44 651.438 651.462 651.456 651.448 651.428 651.399 651.412 651.375 651.434 651.302 651.307 651.255 650.902 651.007 
652.632 651.284 651.48 651.563 651.545 651.637 651.684 651.708 651.67 651.603 651.651 651.718 651.694 651.748 651.645 651.72 651.578 651.672 651.673 651.695 651.687 651.68 651.661 651.632 651.643 651.605 651.666 651.533 651.538 651.484 651.131 651.231 
652.866 651.507 651.704 651.788 651.771 651.861 651.912 651.932 651.894 651.829 651.878 651.941 651.918 651.972 651.873 651.947 651.803 651.897 651.9 651.923 651.912 651.905 651.886 651.858 651.867 651.829 651.892 651.757 651.761 651.706 651.353 651.449 
653.093 651.724 651.922 652.007 651.989 652.077 652.132 652.15 652.111 652.048 652.097 652.158 652.136 652.19 652.093 652.167 652.023 652.116 652.12 652.143 652.129 652.123 652.104 652.077 652.086 652.047 652.11 651.973 651.978 651.921 651.568 651.658 
653.314 651.933 652.133 652.218 652.199 652.287 652.345 652.362 652.321 652.261 652.31 652.368 652.347 652.4 652.307 652.379 652.235 652.327 652.331 652.357 652.339 652.334 652.316 652.288 652.298 652.257 652.32 652.182 652.188 652.129 651.776 651.862 
653.527 652.136 652.337 652.423 652.403 652.49 652.549 652.567 652.523 652.467 652.515 652.571 652.551 652.603 652.513 652.584 652.439 652.531 652.535 652.562 652.542 652.538 652.52 652.491 652.503 652.461 652.523 652.383 652.39 652.329 651.976 652.058 
653.733 652.331 652.534 652.62 652.599 652.687 652.746 652.766 652.719 652.666 652.713 652.766 652.747 652.799 652.712 652.781 652.636 652.728 652.73 652.759 652.737 652.734 652.717 652.686 652.7 652.657 652.718 652.577 652.585 652.522 652.168 652.248 
653.93 652.52 652.722 652.809 652.788 652.877 652.935 652.958 652.907 652.856 652.902 652.955 652.935 652.988 652.903 652.971 652.825 652.917 652.918 652.948 652.925 652.922 652.907 652.873 652.89 652.847 652.906 652.763 652.772 652.708 652.354 652.431 
654.118 652.701 652.903 652.991 652.97 653.059 653.117 653.142 653.088 653.038 653.083 653.137 653.116 653.169 653.086 653.152 653.007 653.1 653.099 653.128 653.105 653.102 653.089 653.052 653.071 653.029 653.087 652.941 652.951 652.886 652.532 652.607 
654.299 652.876 653.077 653.165 653.144 653.233 653.292 653.319 653.261 653.213 653.257 653.312 653.29 653.343 653.261 653.326 653.181 653.275 653.272 653.301 653.278 653.274 653.264 653.224 653.245 653.204 653.261 653.112 653.123 653.057 652.704 652.776 
654.473 653.043 653.242 653.331 653.311 653.4 653.46 653.488 653.429 653.381 653.424 653.481 653.458 653.511 653.429 653.492 653.349 653.443 653.438 653.468 653.444 653.439 653.433 653.389 653.412 653.372 653.428 653.276 653.289 653.222 652.869 652.938 
654.641 653.204 653.402 653.493 653.473 653.56 653.622 653.651 653.591 653.543 653.586 653.644 653.618 653.673 653.591 653.653 653.512 653.605 653.598 653.628 653.604 653.597 653.597 653.549 653.573 653.534 653.589 653.434 653.448 653.38 653.028 653.094 
654.804 653.361 653.556 653.649 653.63 653.714 653.779 653.809 653.749 653.702 653.743 653.803 653.774 653.83 653.747 653.81 653.669 653.762 653.754 653.783 653.759 653.751 653.755 653.704 653.729 653.691 653.744 653.588 653.602 653.534 653.182 653.243 
654.963 653.513 653.706 653.803 653.784 653.865 653.931 653.963 653.903 653.856 653.897 653.958 653.926 653.985 653.9 653.962 653.823 653.915 653.906 653.934 653.91 653.901 653.911 653.855 653.882 653.844 653.896 653.737 653.753 653.683 653.332 653.389 
