625.794 625.794 625.794 625.794 625.794 625.794 625.794 625.794 625.794 625.794 625.794 625.794 625.794 625.794 625.794 625.794 625.794 625.794 625.794 625.794 625.794 625.794 625.794 625.794 625.794 625.794 625.794 625.794 625.794 625.794 625.794 625.794 
625.983 625.971 625.969 625.969 625.974 625.971 625.974 625.972 625.971 625.972 625.973 625.974 625.976 625.972 625.972 625.974 625.974 625.972 625.973 625.971 625.972 625.971 625.974 625.973 625.971 625.974 625.973 625.971 625.973 625.971 625.967 625.967 
626.179 626.153 626.151 626.151 626.159 626.155 626.16 626.156 626.153 626.156 626.157 626.16 626.164 626.157 626.157 626.159 626.16 626.155 626.158 626.154 626.157 626.153 626.16 626.157 626.154 626.159 626.158 626.154 626.156 626.154 626.146 626.146 
626.38 626.34 626.339 626.339 626.35 626.346 626.351 626.346 626.342 626.346 626.346 626.351 626.357 626.348 626.347 626.35 626.352 626.345 626.349 626.343 626.347 626.341 626.35 626.349 626.344 626.349 626.349 626.344 626.346 626.342 626.332 626.332 
626.589 626.534 626.533 626.533 626.546 626.543 626.548 626.543 626.537 626.543 626.542 626.549 626.556 626.545 626.545 626.547 626.55 626.541 626.547 626.54 626.543 626.535 626.548 626.546 626.54 626.545 626.546 626.541 626.541 626.538 626.524 626.524 
626.805 626.734 626.734 626.734 626.749 626.748 626.752 626.747 626.739 626.746 626.745 626.754 626.761 626.75 626.749 626.75 626.755 626.745 626.751 626.743 626.747 626.735 626.751 626.75 626.744 626.748 626.75 626.745 626.743 626.741 626.722 626.724 
627.028 626.941 626.942 626.942 626.958 626.959 626.963 626.958 626.948 626.957 626.955 626.967 626.973 626.962 626.961 626.961 626.967 626.956 626.962 626.954 626.958 626.942 626.962 626.961 626.955 626.958 626.962 626.957 626.953 626.951 626.928 626.932 
627.258 627.155 627.157 627.158 627.174 627.177 627.181 627.177 627.165 627.175 627.172 627.187 627.193 627.18 627.179 627.178 627.185 627.177 627.18 627.172 627.176 627.157 627.18 627.178 627.173 627.176 627.181 627.176 627.169 627.169 627.139 627.149 
627.496 627.376 627.378 627.381 627.396 627.402 627.406 627.402 627.39 627.399 627.396 627.415 627.418 627.406 627.405 627.402 627.41 627.405 627.406 627.398 627.401 627.379 627.404 627.402 627.399 627.401 627.407 627.402 627.393 627.394 627.357 627.373 
627.741 627.604 627.606 627.612 627.625 627.633 627.638 627.634 627.622 627.63 627.627 627.649 627.651 627.639 627.636 627.632 627.64 627.64 627.638 627.63 627.632 627.609 627.635 627.631 627.63 627.634 627.639 627.634 627.624 627.626 627.582 627.604 
627.993 627.839 627.841 627.849 627.861 627.87 627.877 627.873 627.862 627.868 627.864 627.888 627.89 627.879 627.873 627.87 627.877 627.882 627.876 627.868 627.869 627.846 627.873 627.867 627.866 627.873 627.877 627.871 627.862 627.863 627.814 627.842 
628.252 628.08 628.083 628.093 628.103 628.113 628.122 628.117 628.109 628.112 628.108 628.133 628.134 628.126 628.116 628.115 628.12 628.128 628.12 628.112 628.111 628.09 628.118 628.108 628.108 628.118 628.12 628.114 628.106 628.106 628.053 628.086 
628.517 628.327 628.332 628.343 628.351 628.362 628.372 628.368 628.362 628.361 628.358 628.383 628.384 628.379 628.364 628.366 628.37 628.379 628.371 628.362 628.358 628.341 628.368 628.356 628.355 628.368 628.368 628.362 628.357 628.355 628.297 628.335 
628.789 628.581 628.587 628.599 628.606 628.617 628.629 628.625 628.621 628.617 628.615 628.638 628.639 628.638 628.617 628.623 628.627 628.635 628.627 628.618 628.61 628.596 628.625 628.609 628.607 628.624 628.622 628.615 628.613 628.608 628.547 628.589 
629.065 628.84 628.848 628.86 628.868 628.878 628.891 628.889 628.885 628.879 628.877 628.899 628.899 628.9 628.876 628.885 628.889 628.896 628.889 628.879 628.867 628.855 628.887 628.869 628.866 628.884 628.882 628.873 628.874 628.867 628.802 628.847 
629.347 629.103 629.114 629.127 629.135 629.144 629.159 629.158 629.153 629.146 629.144 629.165 629.166 629.168 629.141 629.152 629.156 629.161 629.155 629.146 629.129 629.118 629.155 629.134 629.13 629.148 629.147 629.136 629.139 629.131 629.06 629.109 
629.632 629.371 629.385 629.399 629.408 629.415 629.431 629.432 629.427 629.418 629.415 629.436 629.439 629.44 629.412 629.424 629.429 629.431 629.426 629.418 629.396 629.384 629.428 629.405 629.399 629.417 629.417 629.404 629.408 629.399 629.323 629.377 
629.922 629.644 629.66 629.676 629.686 629.691 629.707 629.711 629.705 629.695 629.691 629.713 629.716 629.716 629.688 629.701 629.708 629.707 629.701 629.696 629.668 629.655 629.706 629.681 629.673 629.691 629.692 629.676 629.68 629.671 629.589 629.65 
630.216 629.92 629.94 629.958 629.968 629.973 629.988 629.994 629.987 629.976 629.971 629.995 629.999 629.998 629.969 629.983 629.991 629.986 629.979 629.977 629.945 629.929 629.989 629.961 629.952 629.97 629.971 629.953 629.956 629.947 629.861 629.928 
630.514 630.2 630.225 630.244 630.253 630.259 630.272 630.28 630.273 630.262 630.255 630.281 630.287 630.284 630.255 630.27 630.278 630.27 630.262 630.261 630.227 630.208 630.275 630.245 630.234 630.253 630.256 630.234 630.236 630.228 630.137 630.21 
630.816 630.483 630.513 630.535 630.542 630.548 630.559 630.569 630.563 630.551 630.543 630.571 630.579 630.575 630.545 630.561 630.568 630.558 630.548 630.549 630.512 630.49 630.565 630.532 630.521 630.54 630.544 630.519 630.52 630.512 630.418 630.497 
631.122 630.77 630.804 630.829 630.835 630.841 630.85 630.862 630.856 630.843 630.834 630.864 630.876 630.87 630.838 630.855 630.86 630.849 630.839 630.841 630.802 630.776 630.858 630.822 630.811 630.831 630.836 630.808 630.808 630.801 630.702 630.788 
631.431 631.06 631.099 631.126 631.129 631.138 631.144 631.158 631.151 631.139 631.129 631.16 631.176 631.168 631.135 631.154 631.155 631.144 631.133 631.137 631.095 631.066 631.154 631.116 631.104 631.124 631.131 631.1 631.1 631.093 630.991 631.083 
631.743 631.353 631.396 631.427 631.427 631.437 631.442 631.457 631.449 631.438 631.427 631.459 631.478 631.469 631.435 631.455 631.452 631.441 631.431 631.435 631.392 631.359 631.454 631.413 631.401 631.42 631.428 631.395 631.397 631.389 631.283 631.382 
632.058 631.65 631.697 631.73 631.726 631.74 631.744 631.759 631.75 631.739 631.728 631.761 631.782 631.771 631.737 631.759 631.751 631.742 631.732 631.737 631.693 631.654 631.755 631.713 631.701 631.718 631.728 631.693 631.697 631.689 631.577 631.683 
632.376 631.949 632.001 632.035 632.027 632.045 632.049 632.064 632.054 632.044 632.032 632.067 632.088 632.076 632.042 632.065 632.054 632.047 632.036 632.042 631.996 631.953 632.06 632.016 632.006 632.019 632.03 631.993 632 631.991 631.875 631.988 
632.697 632.25 632.307 632.344 632.331 632.352 632.356 632.372 632.361 632.35 632.339 632.375 632.394 632.383 632.347 632.375 632.36 632.355 632.343 632.349 632.303 632.254 632.367 632.322 632.315 632.322 632.336 632.296 632.304 632.295 632.174 632.295 
633.021 632.553 632.615 632.655 632.637 632.661 632.664 632.682 632.67 632.659 632.648 632.687 632.702 632.692 632.654 632.686 632.668 632.666 632.651 632.66 632.612 632.558 632.677 632.629 632.627 632.627 632.643 632.602 632.611 632.601 632.474 632.604 
633.347 632.858 632.924 632.968 632.946 632.971 632.975 632.995 632.981 632.97 632.958 633 633.012 633.004 632.963 633 632.979 632.978 632.962 632.972 632.922 632.862 632.988 632.94 632.94 632.936 632.953 632.91 632.918 632.907 632.776 632.914 
633.676 633.166 633.235 633.283 633.258 633.282 633.286 633.309 633.294 633.282 633.271 633.315 633.324 633.317 633.273 633.316 633.291 633.291 633.274 633.286 633.234 633.168 633.3 633.252 633.254 633.247 633.264 633.219 633.228 633.215 633.08 633.227 
634.006 633.477 633.547 633.599 633.573 633.595 633.6 633.626 633.608 633.596 633.584 633.63 633.638 633.633 633.586 633.633 633.604 633.605 633.587 633.602 633.547 633.474 633.614 633.566 633.569 633.56 633.577 633.53 633.538 633.525 633.386 633.54 
634.336 633.789 633.86 633.916 633.889 633.909 633.915 633.944 633.924 633.912 633.9 633.947 633.954 633.95 633.902 633.951 633.918 633.921 633.903 633.919 633.861 633.781 633.929 633.881 633.885 633.875 633.892 633.841 633.85 633.836 633.693 633.856 
634.668 634.103 634.176 634.235 634.207 634.225 634.232 634.262 634.242 634.229 634.217 634.265 634.271 634.27 634.219 634.269 634.234 634.239 634.219 634.238 634.177 634.089 634.245 634.197 634.202 634.192 634.209 634.154 634.164 634.15 634.003 634.172 
635 634.418 634.492 634.554 634.525 634.544 634.55 634.582 634.562 634.546 634.536 634.585 634.59 634.59 634.538 634.587 634.552 634.558 634.538 634.557 634.494 634.399 634.564 634.514 634.52 634.51 634.527 634.469 634.479 634.466 634.313 634.491 
635.332 634.733 634.811 634.873 634.843 634.865 634.869 634.903 634.882 634.865 634.856 634.905 634.91 634.912 634.857 634.906 634.87 634.879 634.858 634.877 634.812 634.71 634.883 634.832 634.84 634.829 634.848 634.785 634.795 634.783 634.624 634.81 
635.665 635.05 635.131 635.193 635.162 635.187 635.189 635.225 635.204 635.184 635.178 635.227 635.231 635.234 635.177 635.225 635.19 635.202 635.179 635.199 635.132 635.023 635.203 635.152 635.161 635.149 635.17 635.102 635.113 635.102 634.936 635.13 
636 635.366 635.452 635.513 635.481 635.51 635.512 635.548 635.527 635.505 635.499 635.549 635.553 635.557 635.497 635.546 635.511 635.525 635.501 635.522 635.453 635.337 635.522 635.473 635.482 635.47 635.494 635.42 635.431 635.421 635.248 635.45 
636.336 635.683 635.775 635.834 635.8 635.833 635.836 635.872 635.85 635.827 635.821 635.872 635.877 635.881 635.818 635.869 635.832 635.85 635.824 635.846 635.774 635.653 635.843 635.796 635.803 635.792 635.818 635.74 635.75 635.74 635.561 635.771 
636.672 636.001 636.097 636.155 636.121 636.156 636.161 636.197 636.173 636.15 636.142 636.195 636.202 636.207 636.14 636.192 636.154 636.175 636.148 636.17 636.095 635.97 636.164 636.119 636.124 636.114 636.142 636.061 636.07 636.061 635.875 636.092 
637.01 636.32 636.42 636.477 636.442 636.48 636.489 636.522 636.496 636.474 636.464 636.521 636.526 636.533 636.463 636.517 636.475 636.499 636.472 636.495 636.416 636.287 636.488 636.443 636.446 636.437 636.467 636.383 636.39 636.383 636.191 636.413 
637.347 636.639 636.743 636.799 636.764 636.804 636.817 636.847 636.819 636.798 636.785 636.847 636.851 636.861 636.787 636.841 636.797 636.824 636.797 636.819 636.738 636.604 636.813 636.768 636.768 636.76 636.792 636.705 636.711 636.705 636.508 636.735 
637.685 636.957 637.067 637.122 637.086 637.129 637.145 637.173 637.142 637.123 637.108 637.174 637.175 637.189 637.113 637.167 637.119 637.148 637.121 637.142 637.059 636.922 637.138 637.094 637.091 637.083 637.116 637.028 637.033 637.028 636.826 637.057 
638.024 637.276 637.392 637.444 637.41 637.454 637.473 637.5 637.465 637.448 637.431 637.501 637.5 637.518 637.439 637.491 637.442 637.472 637.445 637.465 637.381 637.241 637.464 637.419 637.413 637.407 637.441 637.35 637.355 637.35 637.145 637.379 
638.363 637.595 637.716 637.767 637.733 637.779 637.8 637.826 637.788 637.775 637.756 637.827 637.825 637.847 637.765 637.816 637.765 637.795 637.769 637.789 637.703 637.561 637.791 637.745 637.736 637.731 637.765 637.672 637.676 637.673 637.463 637.7 
638.703 637.914 638.041 638.091 638.058 638.103 638.126 638.152 638.112 638.101 638.081 638.152 638.151 638.175 638.09 638.141 638.089 638.118 638.094 638.112 638.024 637.882 638.117 638.069 638.06 638.055 638.09 637.993 637.998 637.995 637.782 638.022 
639.044 638.235 638.364 638.415 638.383 638.425 638.452 638.478 638.435 638.427 638.406 638.475 638.476 638.503 638.415 638.466 638.414 638.441 638.419 638.436 638.346 638.203 638.443 638.393 638.383 638.379 638.414 638.314 638.32 638.316 638.102 638.344 
639.386 638.556 638.688 638.739 638.708 638.748 638.778 638.803 638.759 638.752 638.732 638.799 638.801 638.831 638.739 638.792 638.738 638.764 638.744 638.76 638.667 638.525 638.769 638.717 638.707 638.703 638.738 638.634 638.643 638.638 638.421 638.667 
639.727 638.877 639.011 639.062 639.033 639.07 639.103 639.128 639.082 639.078 639.056 639.122 639.126 639.157 639.062 639.117 639.062 639.087 639.071 639.085 638.989 638.846 639.094 639.04 639.032 639.027 639.061 638.955 638.966 638.96 638.741 638.991 
640.069 639.198 639.333 639.386 639.358 639.393 639.429 639.453 639.404 639.403 639.381 639.446 639.45 639.482 639.385 639.442 639.385 639.411 639.397 639.41 639.311 639.168 639.419 639.363 639.357 639.352 639.383 639.275 639.29 639.282 639.06 639.315 
640.41 639.519 639.654 639.709 639.682 639.716 639.754 639.778 639.727 639.728 639.705 639.771 639.773 639.806 639.709 639.767 639.708 639.735 639.724 639.735 639.633 639.489 639.744 639.687 639.682 639.677 639.705 639.596 639.615 639.605 639.379 639.639 
640.75 639.84 639.976 640.032 640.006 640.039 640.078 640.102 640.049 640.052 640.029 640.096 640.095 640.13 640.032 640.092 640.03 640.058 640.05 640.06 639.955 639.81 640.067 640.011 640.008 640.003 640.027 639.918 639.939 639.929 639.697 639.963 
641.089 640.16 640.298 640.354 640.33 640.364 640.401 640.425 640.372 640.377 640.353 640.422 640.418 640.455 640.356 640.416 640.351 640.382 640.375 640.386 640.277 640.131 640.389 640.336 640.333 640.329 640.348 640.239 640.263 640.254 640.014 640.287 
641.428 640.479 640.621 640.676 640.653 640.689 640.725 640.749 640.695 640.701 640.678 640.746 640.74 640.779 640.68 640.741 640.672 640.705 640.7 640.711 640.598 640.452 640.711 640.662 640.659 640.655 640.67 640.561 640.586 640.579 640.331 640.61 
641.767 640.799 640.943 640.998 640.976 641.014 641.049 641.074 641.018 641.024 641.002 641.071 641.062 641.102 641.005 641.064 640.993 641.028 641.023 641.037 640.918 640.772 641.032 640.987 640.983 640.981 640.993 640.884 640.908 640.904 640.648 640.932 
642.104 641.118 641.265 641.32 641.299 641.339 641.373 641.4 641.341 641.347 641.325 641.395 641.384 641.425 641.33 641.387 641.313 641.351 641.347 641.362 641.238 641.091 641.353 641.313 641.308 641.305 641.315 641.207 641.23 641.229 640.964 641.253 
642.442 641.438 641.586 641.642 641.621 641.663 641.698 641.727 641.662 641.668 641.649 641.719 641.704 641.747 641.655 641.71 641.633 641.674 641.67 641.686 641.558 641.41 641.674 641.638 641.632 641.628 641.639 641.531 641.552 641.554 641.279 641.574 
642.779 641.757 641.906 641.965 641.943 641.986 642.022 642.055 641.984 641.988 641.971 642.043 642.024 642.069 641.979 642.033 641.952 641.996 641.994 642.01 641.878 641.729 641.996 641.962 641.956 641.951 641.963 641.855 641.875 641.878 641.593 641.895 
643.116 642.075 642.225 642.287 642.264 642.308 642.346 642.381 642.305 642.306 642.292 642.367 642.343 642.39 642.302 642.354 642.271 642.317 642.317 642.334 642.197 642.047 642.317 642.284 642.279 642.272 642.287 642.18 642.199 642.2 641.907 642.214 
643.453 642.391 642.544 642.61 642.583 642.629 642.668 642.705 642.626 642.623 642.612 642.69 642.662 642.712 642.625 642.675 642.589 642.637 642.64 642.657 642.517 642.366 642.638 642.604 642.602 642.593 642.612 642.504 642.522 642.521 642.221 642.532 
643.79 642.706 642.862 642.931 642.9 642.949 642.99 643.028 642.947 642.939 642.931 643.012 642.981 643.033 642.947 642.995 642.907 642.956 642.961 642.978 642.837 642.683 642.958 642.922 642.924 642.913 642.936 642.825 642.844 642.839 642.534 642.848 
644.125 643.019 643.181 643.25 643.216 643.267 643.31 643.348 643.267 643.253 643.248 643.333 643.3 643.354 643.267 643.315 643.225 643.274 643.282 643.297 643.157 642.998 643.277 643.239 643.245 643.232 643.259 643.144 643.165 643.157 642.848 643.164 
644.459 643.332 643.498 643.569 643.531 643.584 643.628 643.666 643.586 643.567 643.565 643.653 643.618 643.674 643.586 643.634 643.541 643.59 643.601 643.614 643.474 643.312 643.593 643.555 643.565 643.55 643.58 643.461 643.483 643.473 643.16 643.478 
644.791 643.643 643.813 643.885 643.844 643.9 643.944 643.982 643.904 643.88 643.881 643.971 643.936 643.993 643.903 643.952 643.856 643.905 643.92 643.93 643.79 643.625 643.908 643.87 643.884 643.867 643.9 643.778 643.8 643.787 643.472 643.791 
645.121 643.953 644.127 644.199 644.155 644.214 644.259 644.297 644.221 644.192 644.196 644.287 644.253 644.31 644.219 644.27 644.17 644.219 644.237 644.244 644.104 643.937 644.222 644.185 644.202 644.182 644.219 644.093 644.116 644.1 643.782 644.103 
645.449 644.263 644.438 644.511 644.465 644.527 644.572 644.611 644.535 644.504 644.511 644.603 644.569 644.627 644.535 644.586 644.481 644.532 644.554 644.557 644.416 644.249 644.535 644.5 644.519 644.496 644.536 644.408 644.431 644.412 644.09 644.414 
645.776 644.571 644.747 644.82 644.774 644.839 644.884 644.923 644.849 644.816 644.825 644.916 644.884 644.943 644.85 644.901 644.792 644.844 644.869 644.869 644.725 644.559 644.847 644.814 644.834 644.809 644.852 644.722 644.744 644.722 644.398 644.724 
646.1 644.877 645.054 645.126 645.081 645.149 645.194 645.235 645.161 645.127 645.137 645.228 645.198 645.257 645.164 645.213 645.101 645.155 645.183 645.18 645.033 644.868 645.159 645.127 645.148 645.121 645.166 645.036 645.056 645.031 644.705 645.033 
646.424 645.181 645.359 645.431 645.388 645.458 645.503 645.544 645.472 645.436 645.447 645.539 645.51 645.57 645.476 645.523 645.41 645.465 645.495 645.489 645.339 645.175 645.469 645.439 645.461 645.432 645.479 645.347 645.365 645.338 645.011 645.34 
646.745 645.484 645.662 645.735 645.694 645.765 645.809 645.852 645.781 645.743 645.755 645.848 645.819 645.881 645.785 645.83 645.717 645.774 645.805 645.798 645.644 645.481 645.778 645.749 645.771 645.739 645.788 645.656 645.672 645.644 645.316 645.645 
647.065 645.784 645.965 646.037 645.998 646.071 646.114 646.157 646.088 646.046 646.062 646.156 646.126 646.19 646.092 646.134 646.022 646.082 646.112 646.105 645.947 645.786 646.085 646.057 646.079 646.045 646.095 645.962 645.976 645.949 645.619 645.948 
647.383 646.083 646.266 646.338 646.301 646.375 646.416 646.46 646.393 646.346 646.366 646.461 646.429 646.495 646.397 646.435 646.325 646.387 646.416 646.41 646.248 646.087 646.39 646.361 646.385 646.347 646.4 646.264 646.278 646.252 645.919 646.25 
647.697 646.379 646.565 646.637 646.602 646.675 646.717 646.761 646.696 646.642 646.669 646.763 646.73 646.798 646.699 646.734 646.626 646.689 646.716 646.712 646.547 646.386 646.692 646.662 646.687 646.647 646.702 646.565 646.576 646.552 646.217 646.549 
648.009 646.672 646.86 646.934 646.9 646.973 647.015 647.058 646.997 646.937 646.97 647.063 647.028 647.097 646.997 647.03 646.924 646.989 647.012 647.011 646.845 646.682 646.991 646.961 646.987 646.944 647.002 646.863 646.872 646.849 646.511 646.845 
648.318 646.962 647.152 647.227 647.195 647.266 647.31 647.352 647.295 647.23 647.267 647.359 647.323 647.394 647.292 647.323 647.219 647.285 647.306 647.309 647.14 646.975 647.286 647.257 647.284 647.239 647.299 647.159 647.166 647.143 646.802 647.139 
648.625 647.248 647.44 647.518 647.486 647.557 647.603 647.642 647.59 647.522 647.562 647.652 647.615 647.687 647.582 647.614 647.511 647.578 647.595 647.603 647.433 647.264 647.577 647.55 647.577 647.53 647.592 647.452 647.459 647.434 647.091 647.429 
648.929 647.532 647.725 647.804 647.772 647.844 647.893 647.93 647.881 647.812 647.853 647.941 647.904 647.976 647.868 647.902 647.799 647.869 647.882 647.896 647.722 647.549 647.864 647.84 647.865 647.818 647.883 647.742 647.748 647.721 647.377 647.716 
649.23 647.813 648.005 648.087 648.055 648.128 648.179 648.213 648.167 648.098 648.141 648.226 648.19 648.262 648.151 648.186 648.083 648.156 648.165 648.185 648.008 647.83 648.146 648.127 648.15 648.102 648.169 648.027 648.035 648.005 647.659 648 
649.528 648.091 648.283 648.367 648.335 648.41 648.462 648.494 648.449 648.381 648.425 648.507 648.473 648.543 648.429 648.469 648.364 648.439 648.446 648.47 648.29 648.107 648.425 648.41 648.431 648.383 648.451 648.308 648.318 648.286 647.939 648.281 
649.822 648.365 648.558 648.642 648.611 648.688 648.741 648.77 648.727 648.66 648.705 648.785 648.752 648.821 648.704 648.748 648.64 648.719 648.723 648.75 648.568 648.381 648.701 648.689 648.709 648.661 648.729 648.585 648.598 648.562 648.215 648.559 
650.111 648.637 648.829 648.913 648.884 648.963 649.015 649.042 649.002 648.934 648.981 649.058 649.027 649.094 648.975 649.024 648.914 648.995 648.997 649.026 648.841 648.65 648.974 648.963 648.983 648.935 649.002 648.858 648.873 648.835 648.487 648.834 
650.394 648.906 649.097 649.18 649.153 649.233 649.284 649.311 649.271 649.204 649.252 649.328 649.298 649.363 649.242 649.297 649.183 649.267 649.267 649.297 649.11 648.915 649.244 649.233 649.252 649.206 649.271 649.129 649.144 649.103 648.755 649.104 
650.671 649.17 649.361 649.443 649.417 649.5 649.548 649.575 649.537 649.469 649.518 649.593 649.565 649.627 649.505 649.566 649.447 649.535 649.533 649.564 649.375 649.176 649.511 649.498 649.518 649.474 649.535 649.396 649.41 649.367 649.018 649.368 
650.944 649.43 649.621 649.701 649.677 649.762 649.808 649.836 649.798 649.731 649.779 649.853 649.827 649.886 649.765 649.83 649.707 649.798 649.794 649.826 649.635 649.433 649.774 649.759 649.779 649.736 649.795 649.659 649.671 649.626 649.276 649.627 
651.212 649.685 649.875 649.955 649.932 650.02 650.063 650.091 650.054 649.988 650.035 650.109 650.084 650.14 650.021 650.089 649.963 650.056 650.05 650.081 649.892 649.685 650.033 650.015 650.035 649.994 650.05 649.917 649.927 649.88 649.529 649.88 
651.475 649.933 650.124 650.204 650.182 650.272 650.314 650.343 650.304 650.24 650.286 650.359 650.335 650.389 650.273 650.343 650.213 650.308 650.301 650.331 650.143 649.932 650.287 650.265 650.285 650.245 650.3 650.17 650.177 650.129 649.777 650.128 
651.732 650.175 650.367 650.448 650.426 650.519 650.56 650.588 650.55 650.486 650.531 650.604 650.579 650.633 650.519 650.592 650.459 650.555 650.547 650.575 650.389 650.174 650.536 650.511 650.529 650.49 650.546 650.416 650.422 650.373 650.02 650.37 
651.983 650.411 650.604 650.686 650.665 650.759 650.802 650.828 650.79 650.725 650.771 650.842 650.817 650.871 650.761 650.834 650.698 650.794 650.789 650.814 650.629 650.41 650.778 650.751 650.767 650.729 650.787 650.656 650.661 650.61 650.257 650.606 
652.227 650.641 650.835 650.919 650.899 650.992 651.037 651.062 651.024 650.958 651.005 651.074 651.049 651.103 650.997 651.071 650.932 651.028 651.025 651.048 650.861 650.64 651.013 650.984 650.998 650.961 651.021 650.889 650.893 650.841 650.487 650.836 
652.465 650.865 651.061 651.146 651.127 651.219 651.267 651.289 651.251 651.185 651.233 651.299 651.275 651.33 651.227 651.3 651.159 651.255 651.254 651.276 651.087 650.864 651.241 651.212 651.224 651.187 651.249 651.114 651.119 651.066 650.712 651.058 
652.698 651.083 651.28 651.366 651.347 651.438 651.49 651.509 651.471 651.405 651.454 651.518 651.495 651.549 651.45 651.523 651.38 651.475 651.477 651.499 651.305 651.082 651.462 651.433 651.444 651.406 651.469 651.333 651.338 651.283 650.929 651.273 
652.923 651.295 651.493 651.58 651.561 651.649 651.705 651.722 651.683 651.62 651.669 651.73 651.708 651.762 651.665 651.738 651.594 651.689 651.692 651.715 651.516 651.292 651.675 651.647 651.658 651.619 651.683 651.545 651.55 651.493 651.139 651.481 
653.142 651.499 651.699 651.787 651.767 651.854 651.913 651.929 651.888 651.829 651.877 651.935 651.914 651.967 651.874 651.945 651.802 651.895 651.898 651.924 651.72 651.495 651.882 651.854 651.865 651.824 651.888 651.749 651.755 651.696 651.342 651.682 
653.353 651.697 651.898 651.986 651.965 652.053 652.113 652.13 652.086 652.03 652.078 652.133 652.113 652.165 652.075 652.145 652.002 652.094 652.097 652.124 651.917 651.691 652.081 652.052 652.065 652.023 652.086 651.945 651.953 651.892 651.537 651.877 
653.557 651.888 652.09 652.179 652.156 652.245 652.305 652.324 652.276 652.223 652.271 652.324 652.304 652.357 652.269 652.338 652.194 652.286 652.288 652.316 652.106 651.879 652.274 652.243 652.258 652.215 652.277 652.135 652.143 652.08 651.725 652.065 
653.752 652.072 652.274 652.363 652.341 652.43 652.489 652.51 652.46 652.409 652.455 652.508 652.488 652.541 652.456 652.522 652.378 652.471 652.471 652.5 652.288 652.06 652.459 652.424 652.443 652.4 652.46 652.316 652.325 652.261 651.905 652.246 
653.939 652.249 652.45 652.54 652.518 652.607 652.667 652.69 652.636 652.586 652.632 652.685 652.664 652.717 652.634 652.699 652.555 652.649 652.647 652.676 652.463 652.232 652.636 652.599 652.619 652.577 652.636 652.489 652.499 652.434 652.079 652.42 
654.118 652.418 652.619 652.709 652.687 652.777 652.837 652.862 652.805 652.756 652.801 652.856 652.834 652.887 652.805 652.868 652.725 652.819 652.815 652.845 652.63 652.397 652.806 652.766 652.789 652.748 652.805 652.655 652.667 652.6 652.246 652.587 
654.29 652.581 652.78 652.871 652.85 652.938 653 653.027 652.967 652.919 652.963 653.02 652.996 653.049 652.968 653.03 652.888 652.983 652.976 653.006 652.79 652.555 652.97 652.927 652.951 652.911 652.968 652.814 652.827 652.76 652.406 652.747 
654.456 652.737 652.934 653.028 653.007 653.094 653.157 653.185 653.125 653.077 653.12 653.178 653.152 653.207 653.125 653.186 653.045 653.14 653.132 653.162 652.944 652.707 653.129 653.082 653.107 653.068 653.124 652.968 652.982 652.914 652.561 652.9 
654.617 652.889 653.084 653.18 653.159 653.243 653.309 653.338 653.278 653.231 653.272 653.332 653.303 653.36 653.277 653.337 653.198 653.292 653.283 653.312 653.094 652.853 653.283 653.232 653.258 653.22 653.275 653.117 653.131 653.063 652.71 653.048 
654.774 653.036 653.229 653.328 653.308 653.389 653.457 653.487 653.427 653.38 653.421 653.481 653.45 653.509 653.424 653.485 653.347 653.44 653.429 653.458 653.239 652.996 653.433 653.378 653.406 653.368 653.421 653.261 653.277 653.207 652.855 653.191 
