625.794 625.794 625.794 625.794 625.794 625.794 625.794 625.794 625.794 625.794 625.794 625.794 625.794 625.794 625.794 625.794 625.794 625.794 625.794 625.794 625.794 625.794 625.794 625.794 625.794 625.794 625.794 625.794 625.794 625.794 625.794 625.794 
625.985 625.976 625.975 625.974 625.979 625.976 625.979 625.977 625.976 625.977 625.978 625.979 625.981 625.977 625.977 625.979 625.979 625.977 625.978 625.976 625.979 625.979 625.979 625.978 625.976 625.979 625.978 625.976 625.978 625.976 625.972 625.969 
626.183 626.163 626.161 626.161 626.169 626.165 626.169 626.166 626.163 626.166 626.167 626.169 626.174 626.167 626.166 626.169 626.17 626.165 626.168 626.164 626.169 626.169 626.169 626.167 626.164 626.169 626.168 626.164 626.166 626.163 626.156 626.15 
626.386 626.355 626.353 626.353 626.364 626.36 626.365 626.361 626.356 626.361 626.361 626.365 626.371 626.362 626.362 626.364 626.366 626.359 626.364 626.358 626.366 626.365 626.365 626.363 626.358 626.364 626.363 626.358 626.36 626.357 626.346 626.338 
626.597 626.553 626.552 626.552 626.566 626.562 626.567 626.562 626.556 626.562 626.562 626.568 626.575 626.565 626.564 626.566 626.569 626.56 626.566 626.559 626.569 626.567 626.567 626.565 626.559 626.564 626.565 626.56 626.56 626.557 626.543 626.532 
626.814 626.758 626.758 626.758 626.773 626.772 626.776 626.771 626.763 626.77 626.769 626.778 626.785 626.774 626.773 626.775 626.779 626.769 626.775 626.767 626.779 626.775 626.775 626.774 626.768 626.772 626.774 626.769 626.767 626.765 626.746 626.734 
627.039 626.97 626.971 626.971 626.987 626.988 626.992 626.987 626.977 626.986 626.984 626.995 627.002 626.99 626.989 626.99 626.996 626.985 626.991 626.983 626.996 626.99 626.991 626.99 626.984 626.987 626.991 626.986 626.981 626.98 626.956 626.944 
627.271 627.189 627.19 627.192 627.207 627.211 627.214 627.21 627.199 627.208 627.206 627.22 627.226 627.214 627.213 627.212 627.219 627.21 627.214 627.206 627.221 627.213 627.213 627.212 627.207 627.209 627.214 627.21 627.203 627.203 627.173 627.162 
627.511 627.414 627.416 627.419 627.434 627.44 627.444 627.441 627.428 627.437 627.435 627.453 627.457 627.444 627.443 627.44 627.448 627.443 627.444 627.436 627.452 627.443 627.442 627.44 627.437 627.439 627.445 627.44 627.432 627.433 627.396 627.388 
627.758 627.647 627.649 627.655 627.668 627.676 627.681 627.677 627.665 627.673 627.67 627.692 627.694 627.682 627.679 627.676 627.683 627.683 627.68 627.673 627.69 627.681 627.678 627.674 627.673 627.677 627.682 627.677 627.667 627.669 627.625 627.622 
628.012 627.887 627.889 627.897 627.908 627.917 627.924 627.92 627.909 627.916 627.912 627.936 627.937 627.927 627.921 627.918 627.925 627.929 627.924 627.916 627.933 627.927 627.921 627.915 627.914 627.921 627.924 627.919 627.91 627.911 627.862 627.862 
628.273 628.133 628.135 628.145 628.155 628.165 628.174 628.17 628.161 628.164 628.16 628.186 628.186 628.179 628.168 628.167 628.173 628.181 628.173 628.165 628.181 628.18 628.17 628.161 628.16 628.17 628.172 628.166 628.159 628.159 628.105 628.108 
628.54 628.385 628.389 628.4 628.409 628.419 628.43 628.425 628.419 628.418 628.416 628.44 628.441 628.437 628.421 628.423 628.427 628.437 628.428 628.419 628.435 628.44 628.425 628.413 628.412 628.426 628.425 628.419 628.414 628.412 628.355 628.359 
628.813 628.643 628.649 628.661 628.668 628.679 628.691 628.687 628.683 628.679 628.677 628.7 628.701 628.699 628.679 628.685 628.689 628.697 628.689 628.68 628.694 628.703 628.687 628.671 628.669 628.686 628.684 628.677 628.675 628.67 628.609 628.614 
629.092 628.906 628.915 628.927 628.934 628.945 628.958 628.956 628.951 628.945 628.944 628.965 628.966 628.967 628.943 628.952 628.955 628.962 628.955 628.946 628.958 628.971 628.954 628.936 628.932 628.95 628.948 628.939 628.94 628.934 628.868 628.874 
629.375 629.175 629.185 629.198 629.207 629.215 629.23 629.229 629.225 629.217 629.215 629.236 629.238 629.239 629.213 629.224 629.228 629.232 629.226 629.217 629.227 629.243 629.227 629.206 629.201 629.22 629.218 629.207 629.21 629.202 629.131 629.139 
629.662 629.448 629.461 629.475 629.484 629.491 629.507 629.508 629.503 629.494 629.492 629.512 629.515 629.516 629.488 629.501 629.505 629.508 629.502 629.495 629.501 629.519 629.505 629.482 629.475 629.494 629.493 629.48 629.484 629.475 629.399 629.409 
629.954 629.725 629.741 629.757 629.767 629.772 629.788 629.792 629.786 629.776 629.772 629.794 629.797 629.797 629.769 629.783 629.789 629.787 629.781 629.776 629.78 629.798 629.787 629.762 629.754 629.772 629.772 629.757 629.761 629.752 629.67 629.684 
630.25 630.006 630.026 630.043 630.053 630.058 630.073 630.079 630.073 630.062 630.057 630.08 630.085 630.084 630.055 630.069 630.077 630.072 630.065 630.062 630.064 630.082 630.074 630.047 630.037 630.056 630.057 630.039 630.042 630.033 629.946 629.963 
630.55 630.291 630.315 630.334 630.344 630.349 630.362 630.37 630.364 630.352 630.346 630.371 630.377 630.375 630.345 630.36 630.368 630.361 630.352 630.352 630.352 630.37 630.365 630.335 630.325 630.343 630.346 630.325 630.326 630.318 630.227 630.248 
630.854 630.579 630.608 630.63 630.638 630.644 630.654 630.664 630.658 630.646 630.638 630.666 630.675 630.67 630.64 630.656 630.663 630.653 630.643 630.644 630.645 630.662 630.66 630.627 630.616 630.635 630.639 630.615 630.615 630.607 630.513 630.536 
631.161 630.87 630.904 630.929 630.935 630.941 630.95 630.962 630.956 630.943 630.934 630.963 630.976 630.97 630.938 630.956 630.96 630.949 630.938 630.941 630.941 630.958 630.958 630.922 630.911 630.931 630.936 630.908 630.908 630.901 630.802 630.829 
631.472 631.165 631.204 631.231 631.234 631.242 631.249 631.262 631.256 631.244 631.234 631.264 631.28 631.273 631.24 631.259 631.259 631.248 631.237 631.241 631.242 631.257 631.259 631.221 631.209 631.229 631.235 631.204 631.205 631.198 631.095 631.126 
631.786 631.463 631.506 631.536 631.536 631.547 631.552 631.566 631.559 631.547 631.537 631.568 631.587 631.578 631.545 631.565 631.561 631.551 631.54 631.545 631.546 631.559 631.563 631.523 631.51 631.53 631.537 631.504 631.506 631.499 631.392 631.427 
632.103 631.764 631.812 631.844 631.84 631.854 631.858 631.873 631.864 631.853 631.842 631.875 631.896 631.885 631.852 631.873 631.866 631.857 631.846 631.851 631.853 631.864 631.869 631.828 631.816 631.833 631.842 631.807 631.811 631.803 631.691 631.73 
632.423 632.068 632.12 632.154 632.146 632.164 632.168 632.183 632.173 632.162 632.151 632.185 632.207 632.195 632.16 632.185 632.173 632.166 632.155 632.161 632.164 632.172 632.179 632.136 632.125 632.138 632.149 632.112 632.119 632.11 631.993 632.037 
632.746 632.374 632.431 632.467 632.455 632.476 632.479 632.495 632.484 632.474 632.463 632.499 632.518 632.506 632.471 632.499 632.484 632.479 632.466 632.473 632.477 632.483 632.491 632.446 632.439 632.446 632.459 632.42 632.428 632.419 632.297 632.346 
633.072 632.682 632.743 632.783 632.765 632.789 632.793 632.811 632.798 632.787 632.777 632.815 632.83 632.82 632.783 632.815 632.797 632.794 632.779 632.788 632.793 632.796 632.805 632.758 632.755 632.756 632.772 632.73 632.739 632.729 632.603 632.657 
633.4 632.992 633.058 633.101 633.079 633.104 633.108 633.128 633.114 633.103 633.092 633.133 633.145 633.137 633.096 633.134 633.112 633.111 633.094 633.105 633.111 633.111 633.121 633.073 633.073 633.069 633.086 633.043 633.052 633.041 632.909 632.969 
633.73 633.305 633.373 633.42 633.396 633.42 633.424 633.447 633.432 633.42 633.409 633.452 633.461 633.455 633.411 633.454 633.429 633.429 633.411 633.424 633.43 633.426 633.438 633.39 633.392 633.385 633.402 633.357 633.365 633.353 633.218 633.283 
634.062 633.62 633.69 633.742 633.715 633.738 633.742 633.768 633.751 633.739 633.727 633.772 633.781 633.775 633.729 633.776 633.747 633.748 633.73 633.745 633.75 633.742 633.756 633.709 633.712 633.703 633.72 633.672 633.681 633.667 633.528 633.599 
634.395 633.937 634.008 634.064 634.037 634.057 634.062 634.091 634.072 634.059 634.048 634.094 634.101 634.098 634.049 634.098 634.066 634.069 634.05 634.066 634.071 634.059 634.076 634.029 634.032 634.023 634.039 633.989 633.998 633.983 633.841 633.916 
634.728 634.255 634.328 634.387 634.359 634.377 634.384 634.415 634.394 634.381 634.37 634.417 634.424 634.422 634.371 634.421 634.387 634.391 634.371 634.39 634.394 634.377 634.397 634.35 634.354 634.344 634.361 634.307 634.316 634.302 634.155 634.235 
635.062 634.575 634.65 634.711 634.682 634.701 634.706 634.739 634.719 634.703 634.694 634.741 634.747 634.747 634.695 634.744 634.709 634.715 634.694 634.714 634.718 634.697 634.721 634.672 634.677 634.667 634.684 634.626 634.636 634.623 634.47 634.555 
635.396 634.895 634.973 635.035 635.005 635.026 635.03 635.065 635.044 635.026 635.019 635.067 635.071 635.073 635.019 635.068 635.032 635.041 635.019 635.039 635.044 635.017 635.045 634.995 635.002 634.991 635.01 634.946 634.957 634.945 634.786 634.876 
635.731 635.216 635.298 635.359 635.328 635.353 635.356 635.391 635.371 635.351 635.344 635.393 635.397 635.4 635.343 635.392 635.357 635.368 635.345 635.365 635.371 635.34 635.369 635.319 635.327 635.316 635.337 635.268 635.279 635.268 635.102 635.198 
636.067 635.538 635.624 635.684 635.652 635.681 635.683 635.719 635.698 635.676 635.671 635.719 635.724 635.728 635.668 635.718 635.682 635.696 635.672 635.693 635.699 635.665 635.693 635.645 635.653 635.642 635.665 635.591 635.602 635.592 635.419 635.521 
636.405 635.86 635.951 636.009 635.976 636.008 636.012 636.048 636.026 636.003 635.997 636.047 636.053 636.057 635.994 636.045 636.008 636.025 635.999 636.021 636.027 635.99 636.019 635.972 635.978 635.968 635.994 635.916 635.926 635.916 635.737 635.843 
636.744 636.182 636.278 636.336 636.301 636.336 636.342 636.377 636.353 636.331 636.323 636.376 636.382 636.387 636.32 636.373 636.334 636.355 636.328 636.351 636.356 636.317 636.345 636.3 636.304 636.295 636.323 636.242 636.251 636.242 636.056 636.166 
637.083 636.506 636.606 636.663 636.627 636.665 636.674 636.707 636.681 636.659 636.649 636.705 636.712 636.719 636.648 636.702 636.661 636.685 636.657 636.68 636.684 636.644 636.673 636.629 636.631 636.622 636.653 636.568 636.576 636.568 636.377 636.49 
637.423 636.829 636.934 636.99 636.954 636.994 637.007 637.038 637.009 636.988 636.976 637.036 637.041 637.051 636.977 637.032 636.987 637.014 636.986 637.009 637.012 636.971 637.003 636.959 636.958 636.95 636.982 636.896 636.901 636.895 636.698 636.813 
637.762 637.153 637.263 637.317 637.281 637.324 637.34 637.368 637.337 637.318 637.303 637.368 637.37 637.384 637.308 637.362 637.314 637.343 637.315 637.337 637.341 637.299 637.333 637.289 637.285 637.279 637.311 637.223 637.228 637.223 637.021 637.137 
638.103 637.476 637.592 637.644 637.609 637.654 637.673 637.699 637.665 637.648 637.632 637.7 637.7 637.718 637.639 637.692 637.642 637.671 637.644 637.665 637.67 637.628 637.664 637.62 637.613 637.607 637.64 637.55 637.554 637.55 637.344 637.461 
638.444 637.8 637.921 637.972 637.938 637.983 638.004 638.03 637.993 637.979 637.961 638.031 638.03 638.051 637.969 638.021 637.97 637.999 637.973 637.993 637.999 637.958 637.995 637.95 637.941 637.936 637.97 637.876 637.881 637.877 637.668 637.785 
638.786 638.124 638.25 638.3 638.267 638.312 638.335 638.361 638.321 638.31 638.291 638.36 638.36 638.384 638.299 638.351 638.298 638.327 638.302 638.321 638.328 638.289 638.326 638.279 638.269 638.265 638.299 638.202 638.207 638.204 637.991 638.109 
639.129 638.449 638.579 638.629 638.597 638.639 638.666 638.691 638.649 638.641 638.621 638.689 638.69 638.717 638.629 638.681 638.628 638.655 638.632 638.65 638.657 638.62 638.657 638.608 638.597 638.594 638.628 638.528 638.534 638.53 638.315 638.433 
639.472 638.775 638.907 638.957 638.927 638.967 638.996 639.022 638.977 638.971 638.951 639.017 639.02 639.049 638.957 639.011 638.957 638.983 638.963 638.979 638.985 638.952 638.988 638.936 638.926 638.922 638.956 638.853 638.861 638.856 638.64 638.757 
639.816 639.101 639.235 639.286 639.257 639.294 639.327 639.352 639.305 639.301 639.28 639.345 639.349 639.38 639.286 639.341 639.285 639.311 639.294 639.308 639.314 639.283 639.318 639.264 639.255 639.251 639.284 639.178 639.189 639.183 638.964 639.083 
640.159 639.427 639.561 639.614 639.586 639.621 639.657 639.681 639.632 639.631 639.61 639.674 639.678 639.71 639.614 639.671 639.613 639.639 639.625 639.638 639.643 639.615 639.647 639.592 639.585 639.581 639.612 639.504 639.518 639.51 639.288 639.409 
640.502 639.753 639.888 639.942 639.915 639.949 639.987 640.011 639.96 639.961 639.939 640.003 640.006 640.039 639.941 640.001 639.941 639.968 639.956 639.968 639.973 639.946 639.976 639.92 639.915 639.911 639.938 639.829 639.848 639.838 639.612 639.735 
640.844 640.078 640.214 640.27 640.244 640.277 640.315 640.339 640.287 640.29 640.268 640.333 640.333 640.368 640.269 640.33 640.267 640.296 640.287 640.298 640.302 640.277 640.305 640.249 640.246 640.241 640.265 640.155 640.177 640.167 639.935 640.061 
641.185 640.403 640.541 640.597 640.572 640.606 640.644 640.668 640.614 640.619 640.597 640.663 640.66 640.697 640.598 640.66 640.594 640.624 640.617 640.628 640.631 640.608 640.632 640.579 640.576 640.572 640.591 640.482 640.505 640.496 640.257 640.387 
641.526 640.727 640.868 640.924 640.9 640.936 640.972 640.996 640.942 640.948 640.925 640.993 640.987 641.026 640.928 640.988 640.919 640.952 640.946 640.959 640.96 640.939 640.958 640.909 640.906 640.903 640.918 640.809 640.833 640.826 640.578 640.712 
641.866 641.051 641.196 641.25 641.228 641.266 641.301 641.326 641.27 641.276 641.254 641.322 641.314 641.354 641.257 641.317 641.245 641.28 641.274 641.289 641.287 641.269 641.284 641.24 641.235 641.233 641.245 641.136 641.16 641.156 640.9 641.036 
642.206 641.376 641.522 641.577 641.555 641.595 641.63 641.657 641.597 641.604 641.583 641.651 641.64 641.682 641.587 641.645 641.569 641.608 641.603 641.618 641.614 641.598 641.61 641.57 641.564 641.562 641.572 641.463 641.486 641.486 641.22 641.359 
642.545 641.7 641.848 641.904 641.883 641.924 641.959 641.989 641.924 641.93 641.911 641.98 641.966 642.009 641.916 641.972 641.894 641.936 641.931 641.948 641.941 641.927 641.936 641.9 641.893 641.89 641.9 641.792 641.813 641.815 641.54 641.682 
642.884 642.024 642.173 642.231 642.209 642.252 642.288 642.321 642.25 642.254 642.238 642.309 642.29 642.335 642.245 642.299 642.218 642.262 642.259 642.277 642.268 642.255 642.262 642.229 642.222 642.218 642.229 642.122 642.141 642.144 641.859 642.004 
643.223 642.347 642.496 642.558 642.534 642.579 642.617 642.652 642.576 642.577 642.564 642.637 642.614 642.661 642.573 642.626 642.542 642.588 642.587 642.605 642.595 642.584 642.588 642.556 642.55 642.544 642.558 642.451 642.47 642.471 642.178 642.326 
643.562 642.668 642.82 642.885 642.858 642.905 642.944 642.981 642.901 642.899 642.889 642.965 642.938 642.987 642.901 642.951 642.865 642.913 642.915 642.933 642.922 642.912 642.914 642.881 642.878 642.87 642.887 642.779 642.798 642.796 642.496 642.646 
643.901 642.987 643.144 643.211 643.181 643.229 643.27 643.308 643.227 643.219 643.212 643.292 643.262 643.314 643.227 643.276 643.188 643.237 643.241 643.258 643.248 643.238 643.238 643.204 643.204 643.195 643.216 643.105 643.125 643.12 642.815 642.964 
644.238 643.305 643.467 643.536 643.501 643.553 643.595 643.633 643.552 643.538 643.534 643.618 643.585 643.639 643.552 643.601 643.51 643.559 643.566 643.582 643.575 643.563 643.562 643.525 643.53 643.518 643.544 643.429 643.45 643.442 643.133 643.281 
644.574 643.622 643.789 643.859 643.821 643.874 643.918 643.956 643.876 643.857 643.856 643.942 643.908 643.964 643.876 643.925 643.831 643.88 643.89 643.904 643.899 643.887 643.883 643.846 643.855 643.841 643.87 643.751 643.773 643.763 643.45 643.597 
644.908 643.938 644.109 644.18 644.139 644.195 644.239 644.277 644.199 644.174 644.176 644.265 644.231 644.287 644.197 644.248 644.151 644.2 644.214 644.225 644.222 644.209 644.203 644.166 644.179 644.162 644.195 644.072 644.095 644.082 643.766 643.912 
645.24 644.253 644.427 644.499 644.455 644.514 644.559 644.597 644.52 644.492 644.497 644.586 644.553 644.61 644.518 644.57 644.469 644.519 644.536 644.544 644.542 644.531 644.521 644.486 644.501 644.482 644.518 644.393 644.415 644.4 644.081 644.226 
645.57 644.568 644.743 644.815 644.769 644.832 644.877 644.915 644.84 644.808 644.816 644.906 644.874 644.931 644.839 644.891 644.785 644.836 644.857 644.862 644.861 644.851 644.839 644.805 644.823 644.801 644.84 644.713 644.735 644.716 644.395 644.54 
645.898 644.88 645.057 645.129 645.083 645.148 645.193 645.232 645.158 645.125 645.135 645.224 645.194 645.252 645.159 645.211 645.101 645.153 645.177 645.178 645.177 645.171 645.156 645.124 645.143 645.119 645.161 645.032 645.053 645.031 644.707 644.852 
646.225 645.191 645.368 645.44 645.395 645.463 645.508 645.548 645.475 645.441 645.452 645.541 645.512 645.571 645.478 645.528 645.415 645.469 645.496 645.493 645.492 645.489 645.472 645.442 645.462 645.436 645.48 645.35 645.37 645.345 645.019 645.162 
646.55 645.501 645.678 645.75 645.707 645.776 645.821 645.863 645.79 645.755 645.766 645.857 645.828 645.889 645.794 645.842 645.728 645.784 645.813 645.808 645.805 645.806 645.787 645.759 645.78 645.751 645.797 645.666 645.684 645.657 645.33 645.471 
646.873 645.808 645.986 646.058 646.017 646.089 646.133 646.175 646.104 646.066 646.079 646.171 646.142 646.205 646.108 646.154 646.04 646.098 646.127 646.121 646.116 646.122 646.101 646.074 646.095 646.064 646.112 645.979 645.995 645.968 645.639 645.779 
647.195 646.113 646.294 646.365 646.326 646.399 646.442 646.485 646.416 646.374 646.391 646.483 646.454 646.518 646.42 646.463 646.35 646.41 646.439 646.433 646.426 646.435 646.413 646.386 646.407 646.373 646.424 646.29 646.304 646.277 645.947 646.084 
647.514 646.416 646.6 646.671 646.634 646.708 646.749 646.793 646.726 646.679 646.7 646.793 646.762 646.828 646.73 646.769 646.658 646.72 646.748 646.743 646.733 646.746 646.722 646.695 646.718 646.681 646.733 646.597 646.61 646.584 646.252 646.387 
647.831 646.717 646.903 646.975 646.939 647.013 647.054 647.098 647.034 646.98 647.008 647.1 647.068 647.135 647.037 647.073 646.963 647.027 647.053 647.049 647.04 647.054 647.03 647.001 647.025 646.986 647.04 646.902 646.914 646.89 646.554 646.688 
648.145 647.015 647.204 647.276 647.242 647.315 647.357 647.4 647.34 647.279 647.313 647.404 647.371 647.44 647.34 647.373 647.266 647.331 647.354 647.354 647.344 647.359 647.333 647.304 647.33 647.288 647.344 647.205 647.215 647.192 646.853 646.986 
648.456 647.309 647.5 647.575 647.542 647.613 647.658 647.699 647.643 647.577 647.615 647.705 647.67 647.741 647.639 647.671 647.566 647.632 647.652 647.656 647.646 647.661 647.633 647.605 647.631 647.587 647.646 647.506 647.513 647.49 647.149 647.282 
648.764 647.601 647.793 647.87 647.837 647.909 647.955 647.994 647.942 647.874 647.915 648.003 647.967 648.038 647.934 647.967 647.862 647.93 647.946 647.955 647.945 647.959 647.929 647.903 647.928 647.883 647.944 647.804 647.81 647.786 647.443 647.574 
649.07 647.889 648.082 648.161 648.129 648.201 648.25 648.286 648.237 648.168 648.211 648.296 648.261 648.333 648.225 648.259 648.155 648.225 648.237 648.252 648.241 648.253 648.22 648.198 648.222 648.176 648.239 648.099 648.105 648.078 647.733 647.863 
649.373 648.175 648.368 648.449 648.417 648.49 648.541 648.575 648.528 648.46 648.503 648.586 648.552 648.623 648.512 648.549 648.445 648.517 648.526 648.546 648.534 648.543 648.508 648.49 648.512 648.465 648.53 648.389 648.397 648.367 648.021 648.149 
649.673 648.457 648.65 648.733 648.701 648.776 648.828 648.86 648.815 648.747 648.792 648.873 648.839 648.909 648.795 648.836 648.73 648.805 648.811 648.836 648.822 648.829 648.792 648.777 648.797 648.75 648.817 648.674 648.684 648.652 648.305 648.432 
649.969 648.737 648.929 649.013 648.982 649.059 649.112 649.141 649.098 649.031 649.077 649.155 649.123 649.192 649.075 649.12 649.011 649.09 649.093 649.121 649.107 649.112 649.072 649.061 649.08 649.033 649.1 648.956 648.968 648.933 648.586 648.713 
650.259 649.014 649.206 649.289 649.26 649.338 649.39 649.418 649.377 649.31 649.358 649.433 649.403 649.47 649.35 649.401 649.289 649.371 649.371 649.402 649.386 649.39 649.35 649.34 649.358 649.312 649.378 649.234 649.248 649.211 648.863 648.989 
650.544 649.287 649.478 649.561 649.533 649.614 649.664 649.691 649.652 649.584 649.634 649.707 649.679 649.744 649.622 649.678 649.563 649.648 649.646 649.678 649.661 649.664 649.624 649.614 649.633 649.588 649.652 649.509 649.524 649.483 649.135 649.261 
650.824 649.556 649.747 649.828 649.803 649.885 649.933 649.961 649.922 649.854 649.905 649.977 649.95 650.012 649.891 649.952 649.833 649.92 649.917 649.949 649.932 649.934 649.896 649.885 649.903 649.86 649.921 649.781 649.795 649.752 649.403 649.527 
651.099 649.821 650.012 650.091 650.067 650.152 650.198 650.226 650.188 650.12 650.17 650.242 650.217 650.276 650.155 650.221 650.097 650.188 650.183 650.216 650.199 650.199 650.164 650.15 650.169 650.127 650.185 650.049 650.061 650.016 649.666 649.788 
651.368 650.08 650.271 650.35 650.327 650.415 650.458 650.486 650.448 650.382 650.431 650.503 650.479 650.535 650.416 650.485 650.357 650.451 650.444 650.476 650.462 650.459 650.427 650.411 650.43 650.39 650.444 650.312 650.321 650.275 649.924 650.043 
651.633 650.333 650.525 650.603 650.581 650.672 650.714 650.742 650.704 650.639 650.687 650.758 650.734 650.789 650.672 650.744 650.613 650.708 650.7 650.731 650.72 650.715 650.687 650.666 650.685 650.646 650.7 650.569 650.577 650.529 650.177 650.293 
651.892 650.58 650.773 650.852 650.83 650.923 650.965 650.993 650.954 650.89 650.937 651.007 650.984 651.037 650.924 650.997 650.863 650.959 650.951 650.98 650.972 650.965 650.94 650.916 650.933 650.896 650.95 650.82 650.826 650.777 650.424 650.537 
652.144 650.821 651.015 651.095 651.074 651.168 651.211 651.238 651.199 651.134 651.181 651.25 651.226 651.28 651.17 651.244 651.107 651.203 651.197 651.223 651.218 651.21 651.187 651.161 651.176 651.139 651.196 651.065 651.07 651.019 650.666 650.775 
652.391 651.056 651.25 651.333 651.313 651.406 651.451 651.476 651.438 651.372 651.42 651.486 651.463 651.517 651.411 651.486 651.346 651.441 651.437 651.462 651.457 651.448 651.427 651.399 651.412 651.376 651.435 651.302 651.307 651.255 650.901 651.006 
652.631 651.284 651.48 651.564 651.545 651.637 651.686 651.708 651.67 651.603 651.652 651.716 651.694 651.748 651.645 651.72 651.578 651.673 651.672 651.695 651.689 651.68 651.66 651.632 651.643 651.606 651.668 651.533 651.538 651.484 651.13 651.231 
652.865 651.507 651.704 651.79 651.771 651.861 651.913 651.932 651.894 651.829 651.879 651.94 651.918 651.972 651.873 651.947 651.803 651.898 651.899 651.923 651.913 651.905 651.885 651.858 651.867 651.83 651.893 651.757 651.761 651.706 651.352 651.448 
653.093 651.724 651.922 652.008 651.989 652.077 652.134 652.15 652.111 652.048 652.099 652.157 652.136 652.19 652.093 652.167 652.022 652.117 652.119 652.143 652.13 652.123 652.103 652.077 652.086 652.048 652.111 651.973 651.978 651.921 651.567 651.658 
653.313 651.933 652.133 652.22 652.199 652.287 652.346 652.362 652.321 652.261 652.311 652.367 652.347 652.4 652.307 652.379 652.235 652.328 652.33 652.357 652.34 652.334 652.315 652.288 652.298 652.258 652.321 652.182 652.188 652.129 651.774 651.861 
653.527 652.136 652.337 652.424 652.403 652.49 652.551 652.567 652.523 652.467 652.517 652.569 652.551 652.603 652.513 652.584 652.439 652.532 652.533 652.562 652.543 652.538 652.519 652.491 652.503 652.462 652.524 652.383 652.39 652.329 651.974 652.057 
653.732 652.331 652.534 652.621 652.599 652.687 652.747 652.766 652.719 652.666 652.714 652.765 652.747 652.799 652.712 652.781 652.636 652.729 652.729 652.759 652.738 652.734 652.716 652.686 652.7 652.659 652.719 652.577 652.585 652.522 652.167 652.247 
653.929 652.52 652.722 652.811 652.788 652.877 652.937 652.958 652.907 652.856 652.903 652.954 652.935 652.988 652.903 652.971 652.825 652.919 652.917 652.948 652.926 652.922 652.906 652.873 652.89 652.848 652.907 652.763 652.772 652.708 652.352 652.431 
654.117 652.701 652.903 652.992 652.97 653.059 653.119 653.142 653.088 653.038 653.085 653.136 653.116 653.169 653.086 653.152 653.007 653.101 653.097 653.128 653.106 653.102 653.088 653.052 653.071 653.031 653.088 652.941 652.951 652.886 652.531 652.607 
654.298 652.875 653.077 653.166 653.144 653.233 653.294 653.319 653.261 653.213 653.259 653.311 653.29 653.343 653.261 653.326 653.181 653.276 653.27 653.301 653.279 653.274 653.263 653.224 653.245 653.206 653.262 653.112 653.123 653.057 652.702 652.776 
654.472 653.043 653.242 653.333 653.311 653.4 653.462 653.488 653.429 653.381 653.426 653.48 653.458 653.511 653.429 653.492 653.349 653.444 653.437 653.468 653.445 653.439 653.432 653.389 653.412 653.374 653.429 653.276 653.289 653.222 652.868 652.937 
654.64 653.204 653.402 653.494 653.473 653.56 653.623 653.651 653.591 653.543 653.587 653.643 653.618 653.673 653.591 653.653 653.511 653.606 653.597 653.628 653.605 653.597 653.595 653.549 653.573 653.536 653.59 653.434 653.448 653.38 653.027 653.093 
654.803 653.361 653.556 653.651 653.63 653.714 653.78 653.809 653.749 653.702 653.744 653.801 653.774 653.83 653.747 653.81 653.669 653.763 653.752 653.783 653.76 653.751 653.754 653.704 653.729 653.692 653.746 653.588 653.602 653.534 653.181 653.243 
654.962 653.513 653.706 653.804 653.784 653.865 653.933 653.963 653.903 653.856 653.898 653.956 653.926 653.985 653.9 653.962 653.823 653.916 653.904 653.934 653.911 653.901 653.909 653.855 653.882 653.845 653.897 653.737 653.753 653.683 653.331 653.388 
