0 0 0 0 0 0 0 0 0 0 0 0 0 0 0 0 0 0 0 0 0 0 0 0 0 0 0 0 0 0 0 0 
-0.00129658 -0.00337125 -0.00338183 -0.00338058 -0.00338058 -0.00339117 -0.00339117 -0.00338183 -0.00339117 -0.00338059 -0.00338059 -0.00338183 -0.00337125 -0.00338059 -0.00338058 -0.00338058 -0.00338183 -0.00338059 -0.00338183 -0.00338059 -0.00339117 -0.00337125 -0.00338183 -0.00339117 -0.00338058 -0.00338058 -0.00338183 -0.00339117 -0.00337124 -0.00338058 -0.00338183 -0.00134795 
-0.00252056 -0.00656477 -0.00658593 -0.00658345 -0.00658345 -0.00660461 -0.00660461 -0.00658593 -0.00660462 -0.00658345 -0.00658345 -0.00658594 -0.00656477 -0.00658345 -0.00658345 -0.00658344 -0.00658594 -0.00658345 -0.00658594 -0.00658345 -0.00660461 -0.00656477 -0.00658593 -0.00660461 -0.00658344 -0.00658345 -0.00658593 -0.00660461 -0.00656476 -0.00658344 -0.00658593 -0.0026295 
-0.00374529 -0.00975839 -0.00979015 -0.00978641 -0.00978642 -0.00981816 -0.00981817 -0.00979014 -0.00981817 -0.00978642 -0.00978642 -0.00979015 -0.0097584 -0.00978642 -0.00978642 -0.00978641 -0.00979015 -0.00978642 -0.00979015 -0.00978642 -0.00981816 -0.0097584 -0.00979015 -0.00981817 -0.00978641 -0.00978641 -0.00979015 -0.00981817 -0.00975839 -0.0097864 -0.00979013 -0.00391039 
-0.00496964 -0.0129519 -0.0129942 -0.0129892 -0.0129892 -0.0130316 -0.0130316 -0.0129942 -0.0130316 -0.0129892 -0.0129892 -0.0129942 -0.0129519 -0.0129892 -0.0129892 -0.0129892 -0.0129942 -0.0129892 -0.0129942 -0.0129892 -0.0130316 -0.0129519 -0.0129942 -0.0130316 -0.0129892 -0.0129892 -0.0129942 -0.0130316 -0.0129518 -0.0129892 -0.0129942 -0.00519153 
-0.00619352 -0.0161438 -0.0161967 -0.0161905 -0.0161905 -0.0162434 -0.0162434 -0.0161967 -0.0162435 -0.0161905 -0.0161905 -0.0161968 -0.0161438 -0.0161905 -0.0161905 -0.0161905 -0.0161968 -0.0161905 -0.0161968 -0.0161905 -0.0162434 -0.0161438 -0.0161968 -0.0162435 -0.0161905 -0.0161905 -0.0161967 -0.0162434 -0.0161438 -0.0161905 -0.0161967 -0.00647197 
-0.00741817 -0.019337 -0.0194005 -0.0193931 -0.0193931 -0.0194566 -0.0194566 -0.0194005 -0.0194566 -0.0193931 -0.0193931 -0.0194005 -0.019337 -0.0193931 -0.0193931 -0.019393 -0.0194005 -0.0193931 -0.0194006 -0.0193931 -0.0194566 -0.019337 -0.0194005 -0.0194566 -0.019393 -0.0193931 -0.0194005 -0.0194566 -0.019337 -0.019393 -0.0194005 -0.0077526 
-0.0086431 -0.0225306 -0.0226048 -0.0225961 -0.0225961 -0.0226701 -0.0226701 -0.0226048 -0.0226702 -0.0225961 -0.0225961 -0.0226048 -0.0225307 -0.0225961 -0.0225961 -0.022596 -0.0226048 -0.0225961 -0.0226048 -0.0225961 -0.0226701 -0.0225307 -0.0226048 -0.0226702 -0.022596 -0.0225961 -0.0226047 -0.0226701 -0.0225306 -0.022596 -0.0226047 -0.00903333 
-0.00986805 -0.0257248 -0.0258095 -0.0257996 -0.0257996 -0.0258842 -0.0258842 -0.0258095 -0.0258843 -0.0257996 -0.0257996 -0.0258095 -0.0257249 -0.0257996 -0.0257996 -0.0257995 -0.0258095 -0.0257996 -0.0258096 -0.0257996 -0.0258842 -0.0257248 -0.0258095 -0.0258842 -0.0257995 -0.0257996 -0.0258095 -0.0258842 -0.0257247 -0.0257995 -0.0258094 -0.0103144 
-0.0110925 -0.0289186 -0.0290139 -0.0290027 -0.0290027 -0.029098 -0.029098 -0.0290139 -0.029098 -0.0290028 -0.0290027 -0.0290139 -0.0289187 -0.0290027 -0.0290028 -0.0290027 -0.0290139 -0.0290027 -0.029014 -0.0290027 -0.029098 -0.0289187 -0.0290139 -0.029098 -0.0290027 -0.0290027 -0.0290139 -0.0290979 -0.0289185 -0.0290026 -0.0290138 -0.0115958 
-0.0123173 -0.0321124 -0.0322183 -0.0322059 -0.0322059 -0.0323117 -0.0323117 -0.0322183 -0.0323117 -0.0322059 -0.0322058 -0.0322183 -0.0321125 -0.0322059 -0.0322059 -0.0322058 -0.0322183 -0.0322059 -0.0322184 -0.0322059 -0.0323117 -0.0321124 -0.0322183 -0.0323117 -0.0322058 -0.0322059 -0.0322182 -0.0323116 -0.0321123 -0.0322057 -0.0322181 -0.0128767 
-0.0135415 -0.0353053 -0.0354218 -0.0354081 -0.0354081 -0.0355245 -0.0355245 -0.0354218 -0.0355246 -0.0354081 -0.0354081 -0.0354218 -0.0353053 -0.0354081 -0.0354081 -0.0354081 -0.0354218 -0.0354081 -0.0354218 -0.0354081 -0.0355246 -0.0353053 -0.0354218 -0.0355245 -0.035408 -0.0354081 -0.0354217 -0.0355244 -0.0353052 -0.0354079 -0.0354216 -0.0141576 
-0.0147662 -0.0384987 -0.0386258 -0.0386109 -0.038611 -0.0387379 -0.0387379 -0.0386259 -0.038738 -0.038611 -0.0386109 -0.0386259 -0.0384988 -0.0386109 -0.038611 -0.0386109 -0.0386259 -0.038611 -0.0386259 -0.0386109 -0.038738 -0.0384988 -0.0386259 -0.0387379 -0.0386108 -0.038611 -0.0386257 -0.0387379 -0.0384986 -0.0386107 -0.0386256 -0.0154385 
-0.015991 -0.041693 -0.0418307 -0.0418146 -0.0418146 -0.0419521 -0.0419521 -0.0418307 -0.0419522 -0.0418146 -0.0418145 -0.0418308 -0.0416931 -0.0418145 -0.0418146 -0.0418145 -0.0418308 -0.0418146 -0.0418308 -0.0418145 -0.0419522 -0.0416931 -0.0418308 -0.0419521 -0.0418144 -0.0418146 -0.0418306 -0.041952 -0.0416929 -0.0418143 -0.0418304 -0.0167198 
-0.017215 -0.044887 -0.0450353 -0.0450179 -0.0450179 -0.0451661 -0.045166 -0.0450353 -0.0451662 -0.045018 -0.0450179 -0.0450354 -0.0448871 -0.0450179 -0.045018 -0.0450179 -0.0450354 -0.045018 -0.0450354 -0.0450179 -0.0451662 -0.0448871 -0.0450354 -0.0451661 -0.0450178 -0.045018 -0.0450352 -0.045166 -0.0448869 -0.0450177 -0.045035 -0.0180018 
-0.0184396 -0.0480811 -0.04824 -0.0482214 -0.0482215 -0.0483802 -0.0483801 -0.0482401 -0.0483803 -0.0482215 -0.0482214 -0.0482402 -0.0480813 -0.0482214 -0.0482215 -0.0482214 -0.0482401 -0.0482215 -0.0482402 -0.0482213 -0.0483803 -0.0480813 -0.0482401 -0.0483802 -0.0482213 -0.0482215 -0.0482399 -0.04838 -0.048081 -0.0482211 -0.0482396 -0.0192832 
-0.019666 -0.0512763 -0.0514458 -0.051426 -0.051426 -0.0515953 -0.0515953 -0.0514459 -0.0515955 -0.0514261 -0.051426 -0.051446 -0.0512765 -0.051426 -0.051426 -0.0514259 -0.0514459 -0.0514261 -0.051446 -0.0514259 -0.0515954 -0.0512765 -0.0514459 -0.0515954 -0.0514259 -0.0514261 -0.0514457 -0.0515952 -0.0512762 -0.0514257 -0.0514454 -0.0205637 
-0.0208908 -0.0544712 -0.0546513 -0.0546302 -0.0546303 -0.0548102 -0.0548101 -0.0546514 -0.0548103 -0.0546303 -0.0546303 -0.0546515 -0.0544715 -0.0546302 -0.0546303 -0.0546302 -0.0546514 -0.0546303 -0.0546515 -0.0546301 -0.0548102 -0.0544714 -0.0546515 -0.0548102 -0.0546301 -0.0546303 -0.0546512 -0.05481 -0.0544711 -0.0546299 -0.0546508 -0.0218456 
-0.022116 -0.057666 -0.0578567 -0.0578344 -0.0578345 -0.0580249 -0.0580249 -0.0578568 -0.0580251 -0.0578345 -0.0578344 -0.0578569 -0.0576663 -0.0578344 -0.0578345 -0.0578343 -0.0578568 -0.0578345 -0.057857 -0.0578343 -0.058025 -0.0576662 -0.0578569 -0.058025 -0.0578343 -0.0578345 -0.0578566 -0.0580247 -0.0576659 -0.057834 -0.0578562 -0.0231271 
-0.0233409 -0.0608618 -0.0610632 -0.0610395 -0.0610397 -0.0612407 -0.0612406 -0.0610632 -0.0612409 -0.0610397 -0.0610396 -0.0610634 -0.0608622 -0.0610396 -0.0610396 -0.0610395 -0.0610632 -0.0610397 -0.0610634 -0.0610394 -0.0612408 -0.060862 -0.0610633 -0.0612408 -0.0610394 -0.0610397 -0.061063 -0.0612405 -0.0608617 -0.0610392 -0.0610625 -0.0244096 
-0.0245661 -0.0640573 -0.0642694 -0.0642445 -0.0642446 -0.0644563 -0.0644562 -0.0642694 -0.0644564 -0.0642446 -0.0642446 -0.0642696 -0.0640578 -0.0642446 -0.0642446 -0.0642444 -0.0642694 -0.0642447 -0.0642696 -0.0642444 -0.0644563 -0.0640576 -0.0642695 -0.0644563 -0.0642444 -0.0642446 -0.0642692 -0.064456 -0.0640573 -0.0642441 -0.0642686 -0.0256916 
-0.0257919 -0.0672536 -0.0674763 -0.0674502 -0.0674503 -0.0676726 -0.0676724 -0.0674763 -0.0676727 -0.0674503 -0.0674503 -0.0674765 -0.0672542 -0.0674503 -0.0674503 -0.0674501 -0.0674763 -0.0674504 -0.0674765 -0.0674501 -0.0676726 -0.0672539 -0.0674764 -0.0676726 -0.0674501 -0.0674503 -0.0674761 -0.0676723 -0.0672536 -0.0674497 -0.0674755 -0.0269736 
-0.0270182 -0.0704494 -0.0706828 -0.0706554 -0.0706556 -0.0708884 -0.0708882 -0.0706828 -0.0708885 -0.0706555 -0.0706555 -0.070683 -0.07045 -0.0706555 -0.0706555 -0.0706553 -0.0706828 -0.0706556 -0.070683 -0.0706553 -0.0708884 -0.0704497 -0.0706829 -0.0708884 -0.0706553 -0.0706555 -0.0706825 -0.070888 -0.0704494 -0.0706549 -0.0706818 -0.0282547 
-0.0282444 -0.0736467 -0.0738908 -0.0738621 -0.0738623 -0.0741057 -0.0741055 -0.0738907 -0.0741059 -0.0738623 -0.0738623 -0.0738909 -0.0736474 -0.0738623 -0.0738622 -0.073862 -0.0738908 -0.0738623 -0.073891 -0.073862 -0.0741057 -0.0736471 -0.0738909 -0.0741058 -0.073862 -0.0738623 -0.0738905 -0.0741054 -0.0736467 -0.0738615 -0.0738897 -0.0295371 
-0.0294706 -0.0768436 -0.0770983 -0.0770684 -0.0770685 -0.0773225 -0.0773224 -0.0770982 -0.0773227 -0.0770685 -0.0770685 -0.0770984 -0.0768443 -0.0770685 -0.0770685 -0.0770683 -0.0770982 -0.0770686 -0.0770985 -0.0770682 -0.0773225 -0.076844 -0.0770984 -0.0773226 -0.0770682 -0.0770685 -0.077098 -0.0773222 -0.0768436 -0.0770677 -0.0770971 -0.0308192 
-0.0306959 -0.0800399 -0.0803053 -0.0802741 -0.0802743 -0.0805388 -0.0805387 -0.0803051 -0.080539 -0.0802742 -0.0802742 -0.0803054 -0.0800407 -0.0802743 -0.0802742 -0.080274 -0.0803052 -0.0802743 -0.0803055 -0.0802739 -0.0805388 -0.0800403 -0.0803053 -0.0805389 -0.0802739 -0.0802743 -0.0803049 -0.0805384 -0.0800399 -0.0802734 -0.0803039 -0.0321017 
-0.0319222 -0.0832376 -0.0835136 -0.0834811 -0.0834814 -0.0837564 -0.0837563 -0.0835134 -0.0837567 -0.0834812 -0.0834813 -0.0835137 -0.0832384 -0.0834813 -0.0834813 -0.083481 -0.0835135 -0.0834814 -0.0835138 -0.0834809 -0.0837564 -0.083238 -0.0835136 -0.0837566 -0.0834809 -0.0834813 -0.0835131 -0.083756 -0.0832376 -0.0834803 -0.0835121 -0.0333843 
-0.0331488 -0.0864357 -0.0867224 -0.0866886 -0.086689 -0.0869746 -0.0869744 -0.0867222 -0.0869749 -0.0866888 -0.0866888 -0.0867225 -0.0864366 -0.0866889 -0.0866888 -0.0866886 -0.0867223 -0.0866889 -0.0867226 -0.0866885 -0.0869746 -0.0864362 -0.0867224 -0.0869748 -0.0866884 -0.0866889 -0.0867219 -0.0869742 -0.0864357 -0.0866878 -0.0867208 -0.034667 
-0.0343752 -0.0896344 -0.0899317 -0.0898967 -0.0898971 -0.0901933 -0.0901931 -0.0899315 -0.0901936 -0.0898969 -0.0898969 -0.0899318 -0.0896354 -0.089897 -0.0898969 -0.0898966 -0.0899316 -0.0898971 -0.089932 -0.0898966 -0.0901932 -0.089635 -0.0899317 -0.0901935 -0.0898965 -0.089897 -0.0899312 -0.0901928 -0.0896344 -0.0898958 -0.08993 -0.0359503 
-0.0356013 -0.0928327 -0.0931406 -0.0931043 -0.0931048 -0.0934116 -0.0934114 -0.0931404 -0.0934119 -0.0931046 -0.0931047 -0.0931408 -0.0928337 -0.0931046 -0.0931046 -0.0931043 -0.0931405 -0.0931048 -0.0931409 -0.0931042 -0.0934115 -0.0928333 -0.0931407 -0.0934117 -0.0931042 -0.0931047 -0.0931401 -0.0934111 -0.0928327 -0.0931034 -0.0931388 -0.0372336 
-0.0368277 -0.0960303 -0.0963489 -0.0963113 -0.0963118 -0.0966292 -0.096629 -0.0963487 -0.0966295 -0.0963116 -0.0963117 -0.096349 -0.0960314 -0.0963116 -0.0963117 -0.0963113 -0.0963488 -0.0963118 -0.0963492 -0.0963113 -0.0966291 -0.096031 -0.096349 -0.0966294 -0.0963112 -0.0963117 -0.0963483 -0.0966287 -0.0960304 -0.0963103 -0.096347 -0.0385161 
-0.0380538 -0.0992285 -0.0995578 -0.0995189 -0.0995195 -0.0998474 -0.0998472 -0.0995575 -0.0998477 -0.0995192 -0.0995194 -0.0995579 -0.0992297 -0.0995192 -0.0995193 -0.0995189 -0.0995576 -0.0995194 -0.0995581 -0.0995189 -0.0998473 -0.0992292 -0.0995578 -0.0998476 -0.0995188 -0.0995194 -0.0995571 -0.0998469 -0.0992286 -0.0995179 -0.0995558 -0.0397993 
-0.0392803 -0.102428 -0.102768 -0.102728 -0.102729 -0.103067 -0.103067 -0.102768 -0.103068 -0.102729 -0.102729 -0.102768 -0.10243 -0.102729 -0.102729 -0.102728 -0.102768 -0.102729 -0.102769 -0.102728 -0.103067 -0.102429 -0.102768 -0.103068 -0.102728 -0.102729 -0.102768 -0.103067 -0.102429 -0.102727 -0.102766 -0.0410836 
-0.0405066 -0.105627 -0.105977 -0.105936 -0.105936 -0.106286 -0.106285 -0.105977 -0.106286 -0.105936 -0.105936 -0.105977 -0.105628 -0.105936 -0.105936 -0.105936 -0.105977 -0.105936 -0.105978 -0.105936 -0.106285 -0.105627 -0.105977 -0.106286 -0.105936 -0.105936 -0.105977 -0.106285 -0.105627 -0.105935 -0.105975 -0.0423666 
-0.0417333 -0.108826 -0.109187 -0.109144 -0.109145 -0.109505 -0.109505 -0.109187 -0.109505 -0.109145 -0.109145 -0.109187 -0.108827 -0.109145 -0.109145 -0.109145 -0.109187 -0.109145 -0.109188 -0.109145 -0.109505 -0.108827 -0.109187 -0.109505 -0.109144 -0.109145 -0.109187 -0.109504 -0.108826 -0.109143 -0.109185 -0.0436501 
-0.0429597 -0.112024 -0.112396 -0.112352 -0.112353 -0.112723 -0.112723 -0.112396 -0.112724 -0.112353 -0.112353 -0.112397 -0.112026 -0.112353 -0.112353 -0.112353 -0.112396 -0.112353 -0.112397 -0.112353 -0.112723 -0.112025 -0.112397 -0.112724 -0.112352 -0.112353 -0.112396 -0.112723 -0.112025 -0.112351 -0.112394 -0.0449335 
-0.044186 -0.115224 -0.115606 -0.115561 -0.115562 -0.115943 -0.115943 -0.115606 -0.115943 -0.115562 -0.115562 -0.115606 -0.115225 -0.115562 -0.115562 -0.115561 -0.115606 -0.115562 -0.115607 -0.115561 -0.115943 -0.115225 -0.115606 -0.115943 -0.115561 -0.115562 -0.115606 -0.115942 -0.115224 -0.11556 -0.115604 -0.0462173 
-0.0454129 -0.118423 -0.118816 -0.11877 -0.118771 -0.119162 -0.119162 -0.118816 -0.119163 -0.11877 -0.11877 -0.118816 -0.118425 -0.11877 -0.11877 -0.11877 -0.118816 -0.11877 -0.118817 -0.11877 -0.119162 -0.118424 -0.118816 -0.119162 -0.11877 -0.11877 -0.118816 -0.119161 -0.118423 -0.118768 -0.118814 -0.0475007 
-0.0466404 -0.121623 -0.122027 -0.121979 -0.12198 -0.122382 -0.122382 -0.122026 -0.122382 -0.12198 -0.12198 -0.122027 -0.121625 -0.12198 -0.12198 -0.121979 -0.122027 -0.12198 -0.122027 -0.121979 -0.122382 -0.121624 -0.122027 -0.122382 -0.121979 -0.12198 -0.122026 -0.122381 -0.121623 -0.121978 -0.122024 -0.0487839 
-0.0478675 -0.124823 -0.125238 -0.125189 -0.12519 -0.125602 -0.125602 -0.125237 -0.125603 -0.12519 -0.12519 -0.125238 -0.124825 -0.125189 -0.125189 -0.125189 -0.125238 -0.12519 -0.125238 -0.125189 -0.125602 -0.124824 -0.125238 -0.125602 -0.125189 -0.12519 -0.125237 -0.125602 -0.124824 -0.125187 -0.125235 -0.0500678 
-0.0490951 -0.128023 -0.128448 -0.128398 -0.128399 -0.128822 -0.128822 -0.128448 -0.128823 -0.128399 -0.128399 -0.128448 -0.128025 -0.128399 -0.128399 -0.128398 -0.128448 -0.128399 -0.128449 -0.128398 -0.128822 -0.128024 -0.128448 -0.128822 -0.128398 -0.128399 -0.128448 -0.128822 -0.128023 -0.128396 -0.128445 -0.0513509 
-0.0503221 -0.131222 -0.131658 -0.131607 -0.131608 -0.132042 -0.132041 -0.131658 -0.132042 -0.131608 -0.131608 -0.131659 -0.131224 -0.131607 -0.131607 -0.131607 -0.131658 -0.131608 -0.131659 -0.131607 -0.132041 -0.131224 -0.131658 -0.132042 -0.131607 -0.131608 -0.131658 -0.132041 -0.131223 -0.131605 -0.131655 -0.0526342 
-0.0515497 -0.134422 -0.134869 -0.134816 -0.134817 -0.135262 -0.135262 -0.134869 -0.135262 -0.134817 -0.134817 -0.134869 -0.134424 -0.134817 -0.134817 -0.134817 -0.134869 -0.134817 -0.13487 -0.134817 -0.135261 -0.134424 -0.134869 -0.135262 -0.134816 -0.134817 -0.134868 -0.135261 -0.134423 -0.134815 -0.134865 -0.0539176 
-0.0527768 -0.137623 -0.13808 -0.138026 -0.138027 -0.138482 -0.138482 -0.13808 -0.138483 -0.138027 -0.138027 -0.138081 -0.137625 -0.138027 -0.138027 -0.138027 -0.13808 -0.138027 -0.138081 -0.138027 -0.138482 -0.137625 -0.138081 -0.138482 -0.138026 -0.138027 -0.13808 -0.138482 -0.137624 -0.138025 -0.138077 -0.0552018 
-0.0540039 -0.140823 -0.141292 -0.141236 -0.141237 -0.141703 -0.141703 -0.141291 -0.141704 -0.141237 -0.141237 -0.141292 -0.140826 -0.141237 -0.141237 -0.141237 -0.141292 -0.141237 -0.141292 -0.141237 -0.141703 -0.140825 -0.141292 -0.141703 -0.141236 -0.141237 -0.141291 -0.141702 -0.140824 -0.141234 -0.141288 -0.0564859 
-0.055231 -0.144025 -0.144504 -0.144447 -0.144448 -0.144924 -0.144924 -0.144503 -0.144925 -0.144448 -0.144448 -0.144504 -0.144027 -0.144448 -0.144448 -0.144448 -0.144504 -0.144448 -0.144504 -0.144447 -0.144924 -0.144027 -0.144504 -0.144924 -0.144447 -0.144448 -0.144503 -0.144924 -0.144026 -0.144445 -0.1445 -0.0577707 
-0.0564582 -0.147226 -0.147716 -0.147657 -0.147659 -0.148145 -0.148146 -0.147715 -0.148146 -0.147659 -0.147659 -0.147716 -0.147229 -0.147659 -0.147659 -0.147658 -0.147716 -0.147659 -0.147716 -0.147658 -0.148145 -0.147228 -0.147716 -0.148146 -0.147657 -0.147659 -0.147715 -0.148145 -0.147227 -0.147656 -0.147711 -0.0590553 
-0.0576858 -0.150427 -0.150927 -0.150868 -0.150869 -0.151367 -0.151367 -0.150927 -0.151368 -0.150869 -0.150869 -0.150928 -0.15043 -0.150869 -0.150869 -0.150869 -0.150927 -0.150869 -0.150928 -0.150869 -0.151367 -0.150429 -0.150927 -0.151367 -0.150868 -0.150869 -0.150927 -0.151366 -0.150428 -0.150866 -0.150923 -0.0603395 
-0.0589128 -0.15363 -0.154141 -0.15408 -0.154081 -0.154589 -0.154589 -0.15414 -0.15459 -0.154081 -0.154081 -0.154141 -0.153632 -0.154081 -0.154081 -0.154081 -0.154141 -0.154081 -0.154142 -0.154081 -0.154589 -0.153632 -0.154141 -0.15459 -0.15408 -0.154082 -0.15414 -0.154589 -0.153631 -0.154078 -0.154136 -0.0616255 
-0.0601406 -0.156832 -0.157354 -0.157292 -0.157293 -0.157812 -0.157812 -0.157353 -0.157813 -0.157293 -0.157293 -0.157354 -0.156835 -0.157293 -0.157293 -0.157293 -0.157354 -0.157293 -0.157355 -0.157293 -0.157812 -0.156834 -0.157354 -0.157812 -0.157292 -0.157293 -0.157353 -0.157811 -0.156833 -0.15729 -0.157349 -0.0629105 
-0.0613684 -0.160032 -0.160565 -0.160502 -0.160503 -0.161033 -0.161033 -0.160565 -0.161033 -0.160503 -0.160503 -0.160566 -0.160036 -0.160503 -0.160503 -0.160503 -0.160565 -0.160503 -0.160566 -0.160503 -0.161033 -0.160035 -0.160565 -0.161033 -0.160502 -0.160504 -0.160565 -0.161032 -0.160034 -0.1605 -0.16056 -0.064194 
-0.0625964 -0.163235 -0.163778 -0.163714 -0.163715 -0.164255 -0.164255 -0.163778 -0.164256 -0.163715 -0.163715 -0.163779 -0.163238 -0.163715 -0.163715 -0.163715 -0.163779 -0.163715 -0.16378 -0.163715 -0.164255 -0.163238 -0.163779 -0.164255 -0.163714 -0.163716 -0.163778 -0.164255 -0.163237 -0.163712 -0.163773 -0.0654789 
-0.0638239 -0.166437 -0.166991 -0.166926 -0.166927 -0.167477 -0.167478 -0.166991 -0.167478 -0.166927 -0.166927 -0.166992 -0.166441 -0.166927 -0.166927 -0.166927 -0.166992 -0.166927 -0.166993 -0.166927 -0.167478 -0.16644 -0.166992 -0.167478 -0.166926 -0.166928 -0.166991 -0.167477 -0.166439 -0.166924 -0.166986 -0.0667641 
-0.0650527 -0.169641 -0.170206 -0.170139 -0.17014 -0.170701 -0.170702 -0.170205 -0.170702 -0.17014 -0.17014 -0.170206 -0.169644 -0.17014 -0.170141 -0.17014 -0.170206 -0.170141 -0.170207 -0.17014 -0.170702 -0.169644 -0.170206 -0.170702 -0.170139 -0.170141 -0.170205 -0.170701 -0.169643 -0.170137 -0.170201 -0.0680491 
-0.0662812 -0.172845 -0.17342 -0.173352 -0.173354 -0.173925 -0.173925 -0.17342 -0.173926 -0.173353 -0.173354 -0.173421 -0.172848 -0.173354 -0.173354 -0.173354 -0.173421 -0.173354 -0.173422 -0.173353 -0.173926 -0.172848 -0.173421 -0.173926 -0.173352 -0.173354 -0.17342 -0.173925 -0.172847 -0.17335 -0.173415 -0.0693344 
-0.0675093 -0.176047 -0.176633 -0.176564 -0.176565 -0.177148 -0.177148 -0.176633 -0.177149 -0.176565 -0.176565 -0.176634 -0.176051 -0.176565 -0.176566 -0.176566 -0.176634 -0.176566 -0.176635 -0.176565 -0.177148 -0.17605 -0.176634 -0.177148 -0.176564 -0.176566 -0.176633 -0.177147 -0.176049 -0.176562 -0.176628 -0.070619 
-0.0687381 -0.17925 -0.179848 -0.179777 -0.179778 -0.180371 -0.180371 -0.179847 -0.180372 -0.179778 -0.179778 -0.179848 -0.179254 -0.179778 -0.179779 -0.179779 -0.179848 -0.179779 -0.179849 -0.179778 -0.180372 -0.179254 -0.179848 -0.180372 -0.179777 -0.179779 -0.179847 -0.180371 -0.179253 -0.179775 -0.179842 -0.0719039 
-0.0699673 -0.182455 -0.183063 -0.182991 -0.182992 -0.183596 -0.183596 -0.183062 -0.183597 -0.182992 -0.182992 -0.183063 -0.182458 -0.182992 -0.182992 -0.182992 -0.183063 -0.182992 -0.183064 -0.182992 -0.183596 -0.182458 -0.183063 -0.183596 -0.182991 -0.182993 -0.183062 -0.183595 -0.182457 -0.182988 -0.183056 -0.0731888 
-0.0711965 -0.185659 -0.186278 -0.186205 -0.186206 -0.18682 -0.18682 -0.186277 -0.186821 -0.186206 -0.186206 -0.186278 -0.185663 -0.186206 -0.186206 -0.186206 -0.186278 -0.186206 -0.186279 -0.186206 -0.186821 -0.185663 -0.186278 -0.186821 -0.186205 -0.186207 -0.186277 -0.18682 -0.185662 -0.186202 -0.186272 -0.0744741 
-0.0724252 -0.188863 -0.189493 -0.189419 -0.18942 -0.190045 -0.190045 -0.189492 -0.190046 -0.18942 -0.18942 -0.189493 -0.188868 -0.18942 -0.18942 -0.18942 -0.189493 -0.18942 -0.189495 -0.18942 -0.190045 -0.188867 -0.189493 -0.190045 -0.189419 -0.18942 -0.189492 -0.190044 -0.188866 -0.189416 -0.189486 -0.0757597 
-0.0736542 -0.192068 -0.192708 -0.192632 -0.192633 -0.193269 -0.193269 -0.192707 -0.19327 -0.192633 -0.192634 -0.192708 -0.192072 -0.192634 -0.192634 -0.192634 -0.192708 -0.192634 -0.19271 -0.192633 -0.193269 -0.192072 -0.192708 -0.19327 -0.192633 -0.192634 -0.192707 -0.193268 -0.19207 -0.192629 -0.192701 -0.0770449 
-0.0748826 -0.195271 -0.195922 -0.195845 -0.195846 -0.196493 -0.196493 -0.195921 -0.196493 -0.195846 -0.195847 -0.195922 -0.195275 -0.195847 -0.195847 -0.195847 -0.195922 -0.195847 -0.195924 -0.195846 -0.196493 -0.195275 -0.195922 -0.196493 -0.195845 -0.195847 -0.195921 -0.196492 -0.195274 -0.195842 -0.195915 -0.0783301 
-0.0761116 -0.198475 -0.199137 -0.199059 -0.19906 -0.199717 -0.199717 -0.199136 -0.199718 -0.19906 -0.19906 -0.199137 -0.19848 -0.19906 -0.19906 -0.19906 -0.199137 -0.19906 -0.199139 -0.19906 -0.199717 -0.19848 -0.199137 -0.199717 -0.199059 -0.199061 -0.199136 -0.199716 -0.198478 -0.199056 -0.19913 -0.0796152 
-0.0773407 -0.20168 -0.202352 -0.202273 -0.202274 -0.202941 -0.202941 -0.202351 -0.202942 -0.202274 -0.202274 -0.202353 -0.201684 -0.202274 -0.202274 -0.202275 -0.202353 -0.202274 -0.202354 -0.202274 -0.202942 -0.201684 -0.202353 -0.202942 -0.202273 -0.202275 -0.202351 -0.202941 -0.201683 -0.20227 -0.202345 -0.0809008 
-0.0785689 -0.204884 -0.205568 -0.205487 -0.205488 -0.206166 -0.206166 -0.205567 -0.206167 -0.205488 -0.205488 -0.205568 -0.204889 -0.205488 -0.205488 -0.205489 -0.205568 -0.205488 -0.205569 -0.205488 -0.206166 -0.204889 -0.205568 -0.206167 -0.205487 -0.205489 -0.205567 -0.206166 -0.204887 -0.205484 -0.20556 -0.082187 
-0.0797977 -0.208089 -0.208783 -0.208701 -0.208702 -0.209391 -0.209391 -0.208782 -0.209392 -0.208702 -0.208702 -0.208783 -0.208094 -0.208703 -0.208702 -0.208703 -0.208783 -0.208703 -0.208785 -0.208703 -0.209391 -0.208094 -0.208783 -0.209392 -0.208701 -0.208703 -0.208782 -0.20939 -0.208092 -0.208698 -0.208775 -0.0834727 
-0.0810283 -0.211294 -0.211999 -0.211916 -0.211917 -0.212616 -0.212616 -0.211998 -0.212618 -0.211917 -0.211918 -0.212 -0.2113 -0.211918 -0.211918 -0.211918 -0.212 -0.211918 -0.212001 -0.211918 -0.212617 -0.2113 -0.212 -0.212617 -0.211917 -0.211918 -0.211998 -0.212616 -0.211298 -0.211913 -0.211991 -0.0847575 
-0.0822573 -0.214499 -0.215215 -0.215131 -0.215132 -0.215842 -0.215842 -0.215214 -0.215843 -0.215132 -0.215132 -0.215216 -0.214505 -0.215133 -0.215132 -0.215133 -0.215216 -0.215132 -0.215217 -0.215133 -0.215842 -0.214505 -0.215216 -0.215843 -0.215131 -0.215133 -0.215214 -0.215841 -0.214503 -0.215127 -0.215207 -0.0860436 
-0.0834866 -0.217704 -0.218431 -0.218345 -0.218347 -0.219067 -0.219067 -0.21843 -0.219068 -0.218347 -0.218347 -0.218432 -0.21771 -0.218347 -0.218347 -0.218348 -0.218432 -0.218347 -0.218433 -0.218347 -0.219068 -0.21771 -0.218431 -0.219068 -0.218346 -0.218348 -0.21843 -0.219067 -0.217708 -0.218342 -0.218423 -0.0873292 
-0.0847157 -0.22091 -0.221648 -0.221561 -0.221562 -0.222293 -0.222293 -0.221647 -0.222294 -0.221562 -0.221563 -0.221648 -0.220917 -0.221563 -0.221563 -0.221563 -0.221649 -0.221563 -0.22165 -0.221563 -0.222294 -0.220917 -0.221648 -0.222294 -0.221562 -0.221564 -0.221647 -0.222293 -0.220915 -0.221558 -0.22164 -0.088616 
-0.085945 -0.224116 -0.224864 -0.224776 -0.224778 -0.225519 -0.225519 -0.224864 -0.22552 -0.224778 -0.224778 -0.224865 -0.224123 -0.224778 -0.224778 -0.224779 -0.224865 -0.224778 -0.224867 -0.224779 -0.22552 -0.224123 -0.224865 -0.22552 -0.224777 -0.224779 -0.224864 -0.225519 -0.22412 -0.224773 -0.224856 -0.0899022 
-0.087175 -0.227323 -0.228081 -0.227992 -0.227994 -0.228746 -0.228746 -0.228081 -0.228747 -0.227994 -0.227994 -0.228082 -0.227329 -0.227994 -0.227994 -0.227995 -0.228083 -0.227994 -0.228084 -0.227995 -0.228746 -0.227329 -0.228082 -0.228747 -0.227993 -0.227995 -0.228081 -0.228745 -0.227327 -0.227989 -0.228073 -0.0911882 
-0.0884054 -0.230529 -0.231298 -0.231208 -0.231209 -0.231972 -0.231972 -0.231297 -0.231973 -0.231209 -0.231209 -0.231299 -0.230535 -0.231209 -0.231209 -0.23121 -0.231299 -0.23121 -0.231301 -0.23121 -0.231973 -0.230535 -0.231299 -0.231973 -0.231209 -0.23121 -0.231298 -0.231971 -0.230533 -0.231204 -0.231289 -0.0924735 
-0.0896357 -0.233736 -0.234516 -0.234424 -0.234426 -0.235199 -0.2352 -0.234515 -0.235201 -0.234426 -0.234426 -0.234517 -0.233743 -0.234426 -0.234426 -0.234427 -0.234517 -0.234426 -0.234519 -0.234427 -0.2352 -0.233743 -0.234517 -0.2352 -0.234425 -0.234427 -0.234516 -0.235199 -0.23374 -0.234421 -0.234507 -0.09376 
-0.0908658 -0.236943 -0.237734 -0.237641 -0.237642 -0.238426 -0.238426 -0.237733 -0.238428 -0.237642 -0.237642 -0.237734 -0.23695 -0.237643 -0.237642 -0.237643 -0.237735 -0.237643 -0.237736 -0.237644 -0.238427 -0.23695 -0.237735 -0.238427 -0.237642 -0.237644 -0.237733 -0.238426 -0.236947 -0.237637 -0.237725 -0.0950461 
-0.0920951 -0.240149 -0.24095 -0.240856 -0.240858 -0.241653 -0.241653 -0.24095 -0.241654 -0.240858 -0.240858 -0.240951 -0.240156 -0.240858 -0.240858 -0.240859 -0.240952 -0.240858 -0.240953 -0.240859 -0.241653 -0.240156 -0.240952 -0.241654 -0.240857 -0.240859 -0.24095 -0.241652 -0.240154 -0.240853 -0.240941 -0.0963326 
-0.0933253 -0.243356 -0.244169 -0.244073 -0.244075 -0.24488 -0.24488 -0.244168 -0.244881 -0.244075 -0.244075 -0.244169 -0.243364 -0.244075 -0.244075 -0.244076 -0.24417 -0.244075 -0.244171 -0.244076 -0.244881 -0.243363 -0.24417 -0.244881 -0.244074 -0.244076 -0.244168 -0.24488 -0.243361 -0.244069 -0.244159 -0.0976191 
-0.0945558 -0.246564 -0.247387 -0.24729 -0.247292 -0.248108 -0.248108 -0.247386 -0.248109 -0.247292 -0.247292 -0.247388 -0.246572 -0.247292 -0.247292 -0.247293 -0.247388 -0.247293 -0.24739 -0.247293 -0.248109 -0.246571 -0.247388 -0.248109 -0.247292 -0.247294 -0.247387 -0.248108 -0.246569 -0.247286 -0.247377 -0.0989057 
-0.095786 -0.249772 -0.250606 -0.250508 -0.25051 -0.251336 -0.251336 -0.250605 -0.251338 -0.25051 -0.25051 -0.250607 -0.24978 -0.25051 -0.25051 -0.250511 -0.250607 -0.25051 -0.250609 -0.250511 -0.251337 -0.249779 -0.250607 -0.251337 -0.250509 -0.250511 -0.250605 -0.251336 -0.249777 -0.250504 -0.250596 -0.100193 
-0.0970158 -0.252979 -0.253824 -0.253725 -0.253727 -0.254564 -0.254564 -0.253823 -0.254565 -0.253727 -0.253727 -0.253825 -0.252988 -0.253727 -0.253727 -0.253728 -0.253826 -0.253727 -0.253827 -0.253728 -0.254565 -0.252987 -0.253826 -0.254565 -0.253726 -0.253729 -0.253824 -0.254564 -0.252985 -0.253721 -0.253814 -0.10148 
-0.098246 -0.256186 -0.257042 -0.256941 -0.256943 -0.257791 -0.257791 -0.257041 -0.257792 -0.256943 -0.256943 -0.257043 -0.256195 -0.256943 -0.256943 -0.256944 -0.257043 -0.256944 -0.257045 -0.256944 -0.257791 -0.256194 -0.257043 -0.257792 -0.256943 -0.256945 -0.257041 -0.257791 -0.256192 -0.256937 -0.257032 -0.102766 
-0.0994757 -0.259393 -0.260259 -0.260158 -0.26016 -0.261018 -0.261018 -0.260259 -0.261019 -0.26016 -0.26016 -0.260261 -0.259402 -0.26016 -0.26016 -0.260161 -0.260261 -0.260161 -0.260263 -0.260161 -0.261019 -0.259401 -0.260261 -0.26102 -0.260159 -0.260162 -0.260259 -0.261018 -0.259399 -0.260154 -0.26025 -0.104053 
-0.100706 -0.262602 -0.263479 -0.263376 -0.263378 -0.264247 -0.264247 -0.263478 -0.264248 -0.263378 -0.263378 -0.26348 -0.262611 -0.263378 -0.263378 -0.263379 -0.263481 -0.263379 -0.263482 -0.263379 -0.264248 -0.26261 -0.263481 -0.264249 -0.263378 -0.26338 -0.263479 -0.264247 -0.262608 -0.263372 -0.263469 -0.105341 
-0.101936 -0.265809 -0.266696 -0.266592 -0.266594 -0.267474 -0.267474 -0.266696 -0.267475 -0.266595 -0.266595 -0.266698 -0.265818 -0.266595 -0.266595 -0.266595 -0.266699 -0.266595 -0.2667 -0.266596 -0.267475 -0.265817 -0.266699 -0.267476 -0.266594 -0.266596 -0.266696 -0.267474 -0.265815 -0.266588 -0.266686 -0.106627 
-0.103166 -0.269017 -0.269915 -0.269809 -0.269812 -0.270702 -0.270702 -0.269914 -0.270703 -0.269812 -0.269812 -0.269916 -0.269026 -0.269812 -0.269812 -0.269813 -0.269917 -0.269813 -0.269919 -0.269813 -0.270703 -0.269025 -0.269917 -0.270704 -0.269811 -0.269814 -0.269915 -0.270702 -0.269023 -0.269806 -0.269905 -0.107914 
-0.104395 -0.272224 -0.273132 -0.273025 -0.273028 -0.273929 -0.273929 -0.273132 -0.27393 -0.273028 -0.273029 -0.273134 -0.272233 -0.273029 -0.273028 -0.273029 -0.273135 -0.273029 -0.273136 -0.273029 -0.27393 -0.272232 -0.273135 -0.273931 -0.273028 -0.27303 -0.273133 -0.273929 -0.27223 -0.273022 -0.273122 -0.109201 
-0.105625 -0.275431 -0.27635 -0.276242 -0.276245 -0.277156 -0.277157 -0.27635 -0.277157 -0.276245 -0.276245 -0.276352 -0.27544 -0.276245 -0.276245 -0.276246 -0.276353 -0.276246 -0.276354 -0.276246 -0.277157 -0.27544 -0.276353 -0.277158 -0.276244 -0.276247 -0.276351 -0.277156 -0.275437 -0.276239 -0.27634 -0.110488 
-0.106855 -0.278638 -0.279568 -0.279458 -0.279461 -0.280384 -0.280384 -0.279568 -0.280385 -0.279462 -0.279462 -0.27957 -0.278648 -0.279462 -0.279462 -0.279462 -0.279571 -0.279463 -0.279572 -0.279463 -0.280384 -0.278647 -0.279571 -0.280386 -0.279461 -0.279464 -0.279569 -0.280384 -0.278644 -0.279455 -0.279558 -0.111775 
-0.108086 -0.281845 -0.282787 -0.282675 -0.282678 -0.283611 -0.283612 -0.282786 -0.283612 -0.282679 -0.282679 -0.282788 -0.281855 -0.282679 -0.282679 -0.282679 -0.282789 -0.28268 -0.282791 -0.28268 -0.283612 -0.281855 -0.282789 -0.283613 -0.282678 -0.282681 -0.282787 -0.283611 -0.281852 -0.282672 -0.282776 -0.113061 
-0.109316 -0.285053 -0.286005 -0.285893 -0.285895 -0.286839 -0.286839 -0.286004 -0.28684 -0.285896 -0.285896 -0.286006 -0.285063 -0.285897 -0.285896 -0.285897 -0.286008 -0.285897 -0.286009 -0.285897 -0.28684 -0.285062 -0.286008 -0.286841 -0.285895 -0.285898 -0.286005 -0.286839 -0.285059 -0.285889 -0.285994 -0.114348 
-0.110546 -0.28826 -0.289223 -0.289109 -0.289112 -0.290066 -0.290066 -0.289222 -0.290067 -0.289112 -0.289113 -0.289224 -0.28827 -0.289113 -0.289112 -0.289113 -0.289225 -0.289114 -0.289227 -0.289113 -0.290067 -0.288269 -0.289225 -0.290068 -0.289112 -0.289114 -0.289223 -0.290066 -0.288266 -0.289106 -0.289211 -0.115634 
-0.111776 -0.291466 -0.29244 -0.292324 -0.292327 -0.293293 -0.293293 -0.292439 -0.293293 -0.292328 -0.292329 -0.292441 -0.291476 -0.292329 -0.292328 -0.292329 -0.292442 -0.292329 -0.292444 -0.292329 -0.293293 -0.291476 -0.292442 -0.293295 -0.292328 -0.29233 -0.29244 -0.293292 -0.291473 -0.292321 -0.292428 -0.11692 
-0.113006 -0.294673 -0.295657 -0.29554 -0.295544 -0.296519 -0.296519 -0.295656 -0.29652 -0.295544 -0.295545 -0.295658 -0.294683 -0.295545 -0.295544 -0.295545 -0.29566 -0.295545 -0.295661 -0.295545 -0.29652 -0.294682 -0.295659 -0.296521 -0.295544 -0.295546 -0.295657 -0.296519 -0.294679 -0.295537 -0.295645 -0.118206 
-0.114236 -0.29788 -0.298874 -0.298757 -0.29876 -0.299746 -0.299746 -0.298874 -0.299747 -0.298761 -0.298761 -0.298876 -0.29789 -0.298761 -0.29876 -0.298761 -0.298877 -0.298762 -0.298879 -0.298762 -0.299747 -0.297889 -0.298877 -0.299748 -0.29876 -0.298763 -0.298875 -0.299746 -0.297886 -0.298754 -0.298863 -0.119492 
-0.115466 -0.301086 -0.302092 -0.301973 -0.301976 -0.302973 -0.302973 -0.302091 -0.302974 -0.301977 -0.301977 -0.302093 -0.301097 -0.301977 -0.301976 -0.301978 -0.302095 -0.301978 -0.302096 -0.301978 -0.302974 -0.301096 -0.302094 -0.302975 -0.301976 -0.301979 -0.302092 -0.302973 -0.301093 -0.30197 -0.30208 -0.120779 
-0.116695 -0.304293 -0.305309 -0.305189 -0.305192 -0.3062 -0.3062 -0.305308 -0.306201 -0.305193 -0.305194 -0.305311 -0.304304 -0.305194 -0.305193 -0.305194 -0.305312 -0.305194 -0.305314 -0.305195 -0.306201 -0.304303 -0.305312 -0.306202 -0.305193 -0.305195 -0.30531 -0.3062 -0.3043 -0.305186 -0.305297 -0.122066 
-0.117924 -0.3075 -0.308527 -0.308405 -0.308408 -0.309427 -0.309427 -0.308526 -0.309427 -0.308409 -0.30841 -0.308528 -0.30751 -0.30841 -0.308409 -0.30841 -0.30853 -0.30841 -0.308531 -0.308411 -0.309428 -0.30751 -0.308529 -0.309429 -0.308409 -0.308411 -0.308527 -0.309427 -0.307506 -0.308402 -0.308514 -0.123353 
-0.119154 -0.310706 -0.311743 -0.311621 -0.311624 -0.312653 -0.312653 -0.311742 -0.312654 -0.311625 -0.311625 -0.311745 -0.310717 -0.311626 -0.311624 -0.311626 -0.311747 -0.311626 -0.311748 -0.311626 -0.312654 -0.310716 -0.311746 -0.312655 -0.311624 -0.311627 -0.311744 -0.312653 -0.310713 -0.311617 -0.311731 -0.124639 
-0.120383 -0.313913 -0.314962 -0.314838 -0.314841 -0.31588 -0.31588 -0.31496 -0.315881 -0.314842 -0.314842 -0.314963 -0.313924 -0.314842 -0.314841 -0.314842 -0.314965 -0.314843 -0.314966 -0.314843 -0.315881 -0.313924 -0.314964 -0.315883 -0.314841 -0.314844 -0.314962 -0.31588 -0.31392 -0.314834 -0.314949 -0.125927 
-0.121613 -0.317122 -0.318181 -0.318056 -0.318059 -0.319109 -0.319109 -0.31818 -0.31911 -0.31806 -0.31806 -0.318183 -0.317133 -0.318061 -0.31806 -0.318061 -0.318185 -0.318061 -0.318186 -0.318062 -0.31911 -0.317133 -0.318184 -0.319112 -0.31806 -0.318062 -0.318182 -0.319109 -0.317129 -0.318052 -0.318168 -0.127214 
-0.122924 -0.320528 -0.321598 -0.321471 -0.321474 -0.322535 -0.322535 -0.321596 -0.322536 -0.321475 -0.321476 -0.321599 -0.320539 -0.321476 -0.321475 -0.321476 -0.321601 -0.321476 -0.321602 -0.321477 -0.322536 -0.320538 -0.3216 -0.322537 -0.321475 -0.321477 -0.321598 -0.322535 -0.320534 -0.321467 -0.321584 -0.128575 
