0 0 0 0 0 0 0 0 0 0 0 0 0 0 0 0 0 0 0 0 0 0 0 0 0 0 0 0 0 0 0 0 
4.34011e-06 2.70824e-08 1.35412e-08 2.70833e-08 2.70826e-08 0.00132631 0.00301372 1.06103e-05 1.35411e-08 2.70819e-08 -1.05697e-05 1.06103e-05 -1.05696e-05 -1.05697e-05 2.70823e-08 -1.05696e-05 1.06103e-05 2.70824e-08 1.06103e-05 2.70824e-08 1.35412e-08 2.70826e-08 1.06103e-05 1.35411e-08 2.70824e-08 -1.05696e-05 1.06103e-05 1.35411e-08 -1.05696e-05 2.70824e-08 1.06103e-05 4.22255e-06 
8.4621e-06 5.41656e-08 2.70832e-08 5.4167e-08 5.41659e-08 0.00269509 0.00611189 2.1221e-05 2.70828e-08 5.41654e-08 -2.11397e-05 2.1221e-05 -2.11397e-05 -2.11397e-05 5.41656e-08 -2.11397e-05 2.1221e-05 5.41655e-08 2.1221e-05 5.4166e-08 2.70832e-08 5.41659e-08 2.1221e-05 2.70828e-08 5.4166e-08 -2.11397e-05 2.1221e-05 2.70829e-08 -2.11397e-05 5.41661e-08 2.12209e-05 8.21412e-06 
1.25828e-05 8.12503e-08 4.06255e-08 8.12521e-08 8.12508e-08 0.00410736 0.00929194 3.18321e-05 4.06247e-08 8.12501e-08 -3.17102e-05 3.18321e-05 -3.17102e-05 -3.17102e-05 8.12505e-08 -3.17102e-05 3.18321e-05 8.12503e-08 3.18321e-05 8.12513e-08 4.06255e-08 8.12507e-08 3.18321e-05 4.0625e-08 8.12512e-08 -3.17102e-05 3.18321e-05 4.06253e-08 -3.17102e-05 8.1251e-08 3.1832e-05 1.22073e-05 
1.67039e-05 1.08336e-07 5.41681e-08 1.08338e-07 1.08337e-07 0.00556795 0.0125718 4.24437e-05 5.41676e-08 1.08336e-07 -4.22812e-05 4.24437e-05 -4.22812e-05 -4.22812e-05 1.08336e-07 -4.22812e-05 4.24437e-05 1.08337e-07 4.24438e-05 1.08337e-07 5.41685e-08 1.08337e-07 4.24437e-05 5.41677e-08 1.08338e-07 -4.22812e-05 4.24437e-05 5.41683e-08 -4.22811e-05 1.08337e-07 4.24436e-05 1.61995e-05 
2.0823e-05 1.35423e-07 6.7712e-08 1.35425e-07 1.35424e-07 0.00707624 0.0159595 5.30558e-05 6.77112e-08 1.35423e-07 -5.28527e-05 5.30558e-05 -5.28527e-05 -5.28527e-05 1.35423e-07 -5.28526e-05 5.30559e-05 1.35424e-07 5.30559e-05 1.35424e-07 6.77118e-08 1.35424e-07 5.30558e-05 6.77111e-08 1.35424e-07 -5.28527e-05 5.30558e-05 6.7712e-08 -5.28526e-05 1.35423e-07 5.30556e-05 2.01902e-05 
2.4943e-05 1.62511e-07 8.12558e-08 1.62514e-07 1.62512e-07 0.00863666 0.0194527 6.36684e-05 8.12555e-08 1.62511e-07 -6.34247e-05 6.36684e-05 -6.34247e-05 -6.34247e-05 1.62512e-07 -6.34246e-05 6.36685e-05 1.62512e-07 6.36685e-05 1.62512e-07 8.12558e-08 1.62512e-07 6.36684e-05 8.12554e-08 1.62512e-07 -6.34246e-05 6.36684e-05 8.12565e-08 -6.34245e-05 1.62512e-07 6.36682e-05 2.41829e-05 
2.90634e-05 1.89601e-07 9.4801e-08 1.89603e-07 1.89602e-07 0.0102445 0.0230565 7.42815e-05 9.48005e-08 1.89601e-07 -7.39972e-05 7.42816e-05 -7.39972e-05 -7.39972e-05 1.89602e-07 -7.39971e-05 7.42816e-05 1.89601e-07 7.42817e-05 1.89602e-07 9.48006e-08 1.89602e-07 7.42816e-05 9.48002e-08 1.89603e-07 -7.39972e-05 7.42815e-05 9.48012e-08 -7.39969e-05 1.89601e-07 7.42812e-05 2.81765e-05 
3.31848e-05 2.16692e-07 1.08347e-07 2.16694e-07 2.16693e-07 0.0118969 0.0267599 8.48952e-05 1.08346e-07 2.16692e-07 -8.45702e-05 8.48953e-05 -8.45703e-05 -8.45702e-05 2.16693e-07 -8.45701e-05 8.48953e-05 2.16693e-07 8.48954e-05 2.16693e-07 1.08346e-07 2.16693e-07 8.48953e-05 1.08346e-07 2.16694e-07 -8.45702e-05 8.48951e-05 1.08347e-07 -8.45699e-05 2.16692e-07 8.48948e-05 3.21703e-05 
3.73066e-05 2.43785e-07 1.21893e-07 2.43787e-07 2.43786e-07 0.0135916 0.0305676 9.55095e-05 1.21892e-07 2.43785e-07 -9.51438e-05 9.55096e-05 -9.51439e-05 -9.51439e-05 2.43786e-07 -9.51437e-05 9.55096e-05 2.43786e-07 9.55097e-05 2.43786e-07 1.21893e-07 2.43786e-07 9.55096e-05 1.21893e-07 2.43786e-07 -9.51439e-05 9.55093e-05 1.21893e-07 -9.51435e-05 2.43784e-07 9.5509e-05 3.61629e-05 
4.14276e-05 2.70879e-07 1.3544e-07 2.70882e-07 2.7088e-07 0.015332 0.0344713 0.000106124 1.35439e-07 2.7088e-07 -0.000105718 0.000106124 -0.000105718 -0.000105718 2.7088e-07 -0.000105718 0.000106124 2.7088e-07 0.000106125 2.7088e-07 1.3544e-07 2.7088e-07 0.000106124 1.3544e-07 2.7088e-07 -0.000105718 0.000106124 1.3544e-07 -0.000105718 2.70878e-07 0.000106124 4.01563e-05 
4.55481e-05 2.97974e-07 1.48988e-07 2.97977e-07 2.97976e-07 0.0171078 0.0384746 0.00011674 1.48987e-07 2.97975e-07 -0.000116293 0.00011674 -0.000116293 -0.000116293 2.97976e-07 -0.000116293 0.00011674 2.97975e-07 0.00011674 2.97976e-07 1.48988e-07 2.97975e-07 0.00011674 1.48988e-07 2.97976e-07 -0.000116293 0.00011674 1.48988e-07 -0.000116292 2.97974e-07 0.000116739 4.41478e-05 
4.96687e-05 3.25071e-07 1.62536e-07 3.25075e-07 3.25074e-07 0.0189177 0.042571 0.000127356 1.62536e-07 3.25073e-07 -0.000126868 0.000127356 -0.000126868 -0.000126868 3.25074e-07 -0.000126868 0.000127356 3.25073e-07 0.000127356 3.25073e-07 1.62536e-07 3.25072e-07 0.000127356 1.62536e-07 3.25073e-07 -0.000126868 0.000127356 1.62537e-07 -0.000126868 3.25071e-07 0.000127355 4.81408e-05 
5.37907e-05 3.5217e-07 1.76086e-07 3.52174e-07 3.52173e-07 0.0207765 0.0467595 0.000137973 1.76085e-07 3.52172e-07 -0.000137444 0.000137973 -0.000137444 -0.000137444 3.52173e-07 -0.000137444 0.000137973 3.52172e-07 0.000137973 3.52172e-07 1.76085e-07 3.52172e-07 0.000137973 1.76086e-07 3.52172e-07 -0.000137445 0.000137972 1.76086e-07 -0.000137444 3.5217e-07 0.000137972 5.21345e-05 
5.7914e-05 3.79271e-07 1.89636e-07 3.79274e-07 3.79273e-07 0.0226773 0.0510384 0.00014859 1.89636e-07 3.79272e-07 -0.000148021 0.00014859 -0.000148021 -0.000148021 3.79273e-07 -0.000148021 0.00014859 3.79273e-07 0.00014859 3.79272e-07 1.89636e-07 3.79272e-07 0.00014859 1.89636e-07 3.79272e-07 -0.000148021 0.00014859 1.89636e-07 -0.00014802 3.7927e-07 0.000148589 5.61262e-05 
6.20363e-05 4.06373e-07 2.03188e-07 4.06377e-07 4.06376e-07 0.0246138 0.0554044 0.000159208 2.03186e-07 4.06374e-07 -0.000158599 0.000159208 -0.000158599 -0.000158599 4.06376e-07 -0.000158598 0.000159208 4.06375e-07 0.000159208 4.06375e-07 2.03187e-07 4.06375e-07 0.000159208 2.03187e-07 4.06374e-07 -0.000158599 0.000159208 2.03188e-07 -0.000158598 4.06372e-07 0.000159207 6.01193e-05 
6.6157e-05 4.33477e-07 2.1674e-07 4.33481e-07 4.3348e-07 0.0265923 0.0598542 0.000169827 2.16738e-07 4.33478e-07 -0.000169177 0.000169827 -0.000169177 -0.000169177 4.33479e-07 -0.000169176 0.000169827 4.33479e-07 0.000169827 4.33478e-07 2.16739e-07 4.33478e-07 0.000169827 2.16739e-07 4.33478e-07 -0.000169177 0.000169826 2.1674e-07 -0.000169176 4.33476e-07 0.000169825 6.41165e-05 
7.02804e-05 4.60582e-07 2.30293e-07 4.60587e-07 4.60587e-07 0.0286098 0.0643978 0.000180446 2.30291e-07 4.60584e-07 -0.000179756 0.000180447 -0.000179756 -0.000179755 4.60585e-07 -0.000179755 0.000180446 4.60584e-07 0.000180447 4.60584e-07 2.30291e-07 4.60584e-07 0.000180447 2.30293e-07 4.60584e-07 -0.000179756 0.000180446 2.30292e-07 -0.000179754 4.60581e-07 0.000180444 6.81104e-05 
7.44031e-05 4.8769e-07 2.43847e-07 4.87694e-07 4.87695e-07 0.0306599 0.0690195 0.000191066 2.43845e-07 4.87692e-07 -0.000190335 0.000191067 -0.000190335 -0.000190335 4.87693e-07 -0.000190335 0.000191066 4.87692e-07 0.000191067 4.87692e-07 2.43846e-07 4.87692e-07 0.000191067 2.43847e-07 4.87691e-07 -0.000190335 0.000191066 2.43846e-07 -0.000190334 4.87689e-07 0.000191064 7.21048e-05 
7.85283e-05 5.14799e-07 2.57402e-07 5.14804e-07 5.14804e-07 0.0327389 0.0737204 0.000201687 2.57401e-07 5.14801e-07 -0.000200915 0.000201688 -0.000200915 -0.000200915 5.14802e-07 -0.000200915 0.000201687 5.14802e-07 0.000201688 5.14801e-07 2.57401e-07 5.14801e-07 0.000201688 2.57402e-07 5.14801e-07 -0.000200915 0.000201687 2.57401e-07 -0.000200914 5.14798e-07 0.000201685 7.60992e-05 
8.26525e-05 5.4191e-07 2.70957e-07 5.41915e-07 5.41916e-07 0.0348428 0.0784672 0.000212309 2.70956e-07 5.41912e-07 -0.000211496 0.000212309 -0.000211496 -0.000211496 5.41914e-07 -0.000211496 0.000212309 5.41913e-07 0.000212309 5.41912e-07 2.70957e-07 5.41913e-07 0.000212309 2.70957e-07 5.41912e-07 -0.000211496 0.000212308 2.70956e-07 -0.000211495 5.41909e-07 0.000212306 8.00942e-05 
8.67768e-05 5.69022e-07 2.84514e-07 5.69029e-07 5.69029e-07 0.0369718 0.0832484 0.000222931 2.84513e-07 5.69025e-07 -0.000222078 0.000222932 -0.000222078 -0.000222078 5.69026e-07 -0.000222077 0.000222931 5.69027e-07 0.000222932 5.69026e-07 2.84514e-07 5.69025e-07 0.000222931 2.84514e-07 5.69025e-07 -0.000222078 0.00022293 2.84512e-07 -0.000222076 5.69022e-07 0.000222928 8.40908e-05 
9.08992e-05 5.96137e-07 2.98071e-07 5.96144e-07 5.96144e-07 0.0391154 0.0880398 0.000233554 2.9807e-07 5.96141e-07 -0.00023266 0.000233555 -0.00023266 -0.00023266 5.96141e-07 -0.00023266 0.000233554 5.96142e-07 0.000233555 5.96141e-07 2.98071e-07 5.9614e-07 0.000233554 2.98072e-07 5.9614e-07 -0.00023266 0.000233553 2.98069e-07 -0.000232658 5.96137e-07 0.000233551 8.80881e-05 
9.5025e-05 6.23253e-07 3.1163e-07 6.2326e-07 6.23261e-07 0.0412728 0.092852 0.000244178 3.11629e-07 6.23257e-07 -0.000243243 0.000244178 -0.000243244 -0.000243243 6.23258e-07 -0.000243243 0.000244178 6.23259e-07 0.000244179 6.23257e-07 3.11629e-07 6.23257e-07 0.000244178 3.1163e-07 6.23256e-07 -0.000243243 0.000244177 3.11628e-07 -0.000243241 6.23253e-07 0.000244174 9.20859e-05 
9.91499e-05 6.50371e-07 3.25189e-07 6.50379e-07 6.5038e-07 0.0434447 0.0976952 0.000254802 3.25188e-07 6.50375e-07 -0.000253827 0.000254803 -0.000253827 -0.000253827 6.50377e-07 -0.000253826 0.000254802 6.50378e-07 0.000254803 6.50376e-07 3.25189e-07 6.50376e-07 0.000254803 3.2519e-07 6.50375e-07 -0.000253827 0.000254801 3.25187e-07 -0.000253825 6.50371e-07 0.000254798 9.60834e-05 
0.000103275 6.77492e-07 3.38749e-07 6.775e-07 6.77501e-07 0.0456366 0.102588 0.000265427 3.38748e-07 6.77496e-07 -0.000264412 0.000265428 -0.000264412 -0.000264412 6.77497e-07 -0.000264411 0.000265427 6.77499e-07 0.000265428 6.77496e-07 3.38749e-07 6.77496e-07 0.000265428 3.3875e-07 6.77495e-07 -0.000264412 0.000265426 3.38747e-07 -0.000264409 6.77492e-07 0.000265423 0.000100079 
0.000107402 7.04614e-07 3.52311e-07 7.04622e-07 7.04624e-07 0.0478464 0.107548 0.000276053 3.52309e-07 7.04619e-07 -0.000274997 0.000276054 -0.000274997 -0.000274997 7.0462e-07 -0.000274996 0.000276053 7.04622e-07 0.000276054 7.04619e-07 3.5231e-07 7.04619e-07 0.000276054 3.52312e-07 7.04618e-07 -0.000274997 0.000276052 3.52308e-07 -0.000274995 7.04614e-07 0.000276049 0.000104077 
0.000111529 7.31738e-07 3.65874e-07 7.31747e-07 7.31749e-07 0.0500797 0.112582 0.00028668 3.65872e-07 7.31743e-07 -0.000285583 0.000286681 -0.000285584 -0.000285583 7.31744e-07 -0.000285582 0.00028668 7.31746e-07 0.000286681 7.31743e-07 3.65872e-07 7.31743e-07 0.00028668 3.65874e-07 7.31742e-07 -0.000285583 0.000286679 3.6587e-07 -0.00028558 7.31738e-07 0.000286675 0.000108076 
0.000115657 7.58864e-07 3.79437e-07 7.58873e-07 7.58876e-07 0.0523295 0.117674 0.000297307 3.79435e-07 7.5887e-07 -0.00029617 0.000297308 -0.00029617 -0.00029617 7.5887e-07 -0.000296169 0.000297307 7.58873e-07 0.000297309 7.58869e-07 3.79435e-07 7.58869e-07 0.000297308 3.79437e-07 7.58868e-07 -0.00029617 0.000297306 3.79433e-07 -0.000296167 7.58864e-07 0.000297302 0.000112075 
0.000119785 7.85992e-07 3.93001e-07 7.86001e-07 7.86005e-07 0.0545961 0.1228 0.000307935 3.93e-07 7.85998e-07 -0.000306758 0.000307936 -0.000306758 -0.000306757 7.85999e-07 -0.000306756 0.000307936 7.86002e-07 0.000307937 7.85997e-07 3.92999e-07 7.85997e-07 0.000307936 3.93e-07 7.85996e-07 -0.000306758 0.000307934 3.92998e-07 -0.000306755 7.85991e-07 0.00030793 0.000116073 
0.000123911 8.13122e-07 4.06566e-07 8.1313e-07 8.13135e-07 0.0568667 0.127948 0.000318564 4.06565e-07 8.13129e-07 -0.000317346 0.000318565 -0.000317346 -0.000317346 8.13129e-07 -0.000317344 0.000318565 8.13132e-07 0.000318566 8.13128e-07 4.06564e-07 8.13128e-07 0.000318565 4.06566e-07 8.13126e-07 -0.000317346 0.000318563 4.06562e-07 -0.000317343 8.13121e-07 0.000318559 0.000120071 
0.000128039 8.40253e-07 4.20132e-07 8.40262e-07 8.40267e-07 0.0591463 0.133103 0.000329194 4.20131e-07 8.40261e-07 -0.000327935 0.000329195 -0.000327935 -0.000327935 8.40262e-07 -0.000327933 0.000329194 8.40265e-07 0.000329196 8.4026e-07 4.2013e-07 8.40259e-07 0.000329195 4.20131e-07 8.40258e-07 -0.000327935 0.000329193 4.20128e-07 -0.000327932 8.40252e-07 0.000329188 0.000124069 
0.00013217 8.67386e-07 4.33699e-07 8.67396e-07 8.67401e-07 0.0614346 0.138276 0.000339824 4.33698e-07 8.67395e-07 -0.000338525 0.000339825 -0.000338525 -0.000338524 8.67396e-07 -0.000338523 0.000339825 8.67399e-07 0.000339826 8.67394e-07 4.33697e-07 8.67393e-07 0.000339825 4.33698e-07 8.67391e-07 -0.000338525 0.000339823 4.33695e-07 -0.000338521 8.67385e-07 0.000339818 0.000128068 
0.000136298 8.94521e-07 4.47267e-07 8.94532e-07 8.94537e-07 0.0637283 0.143468 0.000350455 4.47266e-07 8.94531e-07 -0.000349115 0.000350457 -0.000349115 -0.000349115 8.94532e-07 -0.000349114 0.000350456 8.94535e-07 0.000350457 8.9453e-07 4.47264e-07 8.94529e-07 0.000350457 4.47266e-07 8.94527e-07 -0.000349115 0.000350454 4.47263e-07 -0.000349112 8.94521e-07 0.000350449 0.000132067 
0.000140427 9.21659e-07 4.60836e-07 9.21669e-07 9.21675e-07 0.0660386 0.148675 0.000361087 4.60834e-07 9.21669e-07 -0.000359707 0.000361089 -0.000359707 -0.000359706 9.2167e-07 -0.000359705 0.000361088 9.21673e-07 0.000361089 9.21668e-07 4.60833e-07 9.21667e-07 0.000361089 4.60835e-07 9.21665e-07 -0.000359707 0.000361086 4.60832e-07 -0.000359703 9.21658e-07 0.000361081 0.000136067 
0.000144555 9.48797e-07 4.74406e-07 9.48809e-07 9.48815e-07 0.0683544 0.15389 0.00037172 4.74404e-07 9.48809e-07 -0.000370299 0.000371721 -0.000370299 -0.000370298 9.48809e-07 -0.000370297 0.000371721 9.48814e-07 0.000371722 9.48808e-07 4.74402e-07 9.48807e-07 0.000371721 4.74405e-07 9.48804e-07 -0.000370299 0.000371719 4.74402e-07 -0.000370295 9.48797e-07 0.000371713 0.000140065 
0.000148685 9.75938e-07 4.87977e-07 9.7595e-07 9.75956e-07 0.070682 0.159125 0.000382353 4.87975e-07 9.75951e-07 -0.000380891 0.000382355 -0.000380891 -0.000380891 9.75951e-07 -0.00038089 0.000382354 9.75955e-07 0.000382356 9.75949e-07 4.87973e-07 9.75948e-07 0.000382355 4.87976e-07 9.75946e-07 -0.000380891 0.000382352 4.87972e-07 -0.000380888 9.75939e-07 0.000382346 0.000144064 
0.000152814 1.00308e-06 5.01548e-07 1.00309e-06 1.0031e-06 0.0730247 0.164376 0.000392987 5.01547e-07 1.00309e-06 -0.000391485 0.000392989 -0.000391485 -0.000391484 1.00309e-06 -0.000391483 0.000392988 1.0031e-06 0.00039299 1.00309e-06 5.01544e-07 1.00309e-06 0.000392989 5.01548e-07 1.00309e-06 -0.000391485 0.000392986 5.01544e-07 -0.000391481 1.00308e-06 0.000392979 0.000148064 
0.000156943 1.03023e-06 5.15121e-07 1.03024e-06 1.03025e-06 0.0753677 0.169626 0.000403622 5.1512e-07 1.03024e-06 -0.000402079 0.000403624 -0.000402079 -0.000402079 1.03024e-06 -0.000402078 0.000403623 1.03024e-06 0.000403625 1.03024e-06 5.15117e-07 1.03024e-06 0.000403624 5.1512e-07 1.03024e-06 -0.000402079 0.000403621 5.15116e-07 -0.000402075 1.03023e-06 0.000403614 0.000152066 
0.000161073 1.05737e-06 5.28695e-07 1.05739e-06 1.05739e-06 0.0776983 0.174879 0.000414258 5.28694e-07 1.05739e-06 -0.000412674 0.00041426 -0.000412674 -0.000412674 1.05739e-06 -0.000412673 0.000414259 1.05739e-06 0.000414261 1.05739e-06 5.28691e-07 1.05738e-06 0.000414259 5.28694e-07 1.05738e-06 -0.000412674 0.000414257 5.28689e-07 -0.00041267 1.05737e-06 0.000414249 0.000156067 
0.000165202 1.08452e-06 5.4227e-07 1.08453e-06 1.08454e-06 0.0800288 0.180115 0.000424894 5.42268e-07 1.08454e-06 -0.00042327 0.000424896 -0.00042327 -0.000423269 1.08454e-06 -0.000423268 0.000424895 1.08454e-06 0.000424897 1.08454e-06 5.42265e-07 1.08453e-06 0.000424896 5.42268e-07 1.08453e-06 -0.00042327 0.000424893 5.42264e-07 -0.000423265 1.08452e-06 0.000424885 0.000160069 
0.00016933 1.11167e-06 5.55845e-07 1.11169e-06 1.11169e-06 0.0823527 0.185351 0.000435531 5.55844e-07 1.11169e-06 -0.000433866 0.000435533 -0.000433866 -0.000433866 1.11169e-06 -0.000433865 0.000435532 1.11169e-06 0.000435534 1.11169e-06 5.5584e-07 1.11168e-06 0.000435533 5.55844e-07 1.11168e-06 -0.000433866 0.00043553 5.5584e-07 -0.000433862 1.11167e-06 0.000435521 0.000164069 
0.00017346 1.13882e-06 5.69421e-07 1.13884e-06 1.13885e-06 0.084684 0.190584 0.000446169 5.6942e-07 1.13884e-06 -0.000444463 0.000446171 -0.000444463 -0.000444463 1.13884e-06 -0.000444462 0.00044617 1.13884e-06 0.000446172 1.13884e-06 5.69417e-07 1.13884e-06 0.000446171 5.6942e-07 1.13883e-06 -0.000444463 0.000446168 5.69416e-07 -0.000444458 1.13882e-06 0.000446158 0.000168071 
0.000177591 1.16598e-06 5.82999e-07 1.16599e-06 1.166e-06 0.0870097 0.195819 0.000456807 5.82998e-07 1.16599e-06 -0.000455061 0.00045681 -0.000455061 -0.000455061 1.16599e-06 -0.00045506 0.000456809 1.166e-06 0.000456811 1.16599e-06 5.82994e-07 1.16599e-06 0.000456809 5.82997e-07 1.16599e-06 -0.000455061 0.000456806 5.82993e-07 -0.000455056 1.16598e-06 0.000456796 0.000172072 
0.000181722 1.19313e-06 5.96577e-07 1.19315e-06 1.19316e-06 0.0893414 0.201046 0.000467446 5.96576e-07 1.19315e-06 -0.000465659 0.000467449 -0.00046566 -0.000465659 1.19315e-06 -0.000465658 0.000467448 1.19315e-06 0.00046745 1.19315e-06 5.96572e-07 1.19315e-06 0.000467448 5.96575e-07 1.19314e-06 -0.00046566 0.000467446 5.96572e-07 -0.000465655 1.19313e-06 0.000467435 0.000176073 
0.000185855 1.22029e-06 6.10157e-07 1.22031e-06 1.22032e-06 0.0916757 0.206275 0.000478086 6.10156e-07 1.22031e-06 -0.000476259 0.000478089 -0.000476259 -0.000476258 1.22031e-06 -0.000476258 0.000478088 1.22031e-06 0.000478091 1.22031e-06 6.10152e-07 1.2203e-06 0.000478088 6.10154e-07 1.2203e-06 -0.000476259 0.000478086 6.10151e-07 -0.000476254 1.22029e-06 0.000478074 0.000180074 
0.000189987 1.24745e-06 6.23737e-07 1.24746e-06 1.24748e-06 0.0940015 0.211496 0.000488727 6.23736e-07 1.24747e-06 -0.000486859 0.00048873 -0.000486859 -0.000486858 1.24747e-06 -0.000486858 0.000488729 1.24747e-06 0.000488731 1.24747e-06 6.23732e-07 1.24746e-06 0.000488729 6.23733e-07 1.24746e-06 -0.000486859 0.000488726 6.23731e-07 -0.000486853 1.24745e-06 0.000488714 0.000184076 
0.000194119 1.27461e-06 6.37318e-07 1.27463e-06 1.27464e-06 0.0963179 0.216715 0.000499368 6.37316e-07 1.27463e-06 -0.000497459 0.000499371 -0.000497459 -0.000497459 1.27463e-06 -0.000497458 0.00049937 1.27464e-06 0.000499373 1.27463e-06 6.37312e-07 1.27463e-06 0.00049937 6.37314e-07 1.27462e-06 -0.00049746 0.000499368 6.37311e-07 -0.000497454 1.27461e-06 0.000499355 0.000188078 
0.000198255 1.30177e-06 6.509e-07 1.30179e-06 1.3018e-06 0.0986328 0.221939 0.00051001 6.50898e-07 1.30179e-06 -0.000508061 0.000510013 -0.000508061 -0.00050806 1.3018e-06 -0.00050806 0.000510012 1.3018e-06 0.000510015 1.3018e-06 6.50895e-07 1.30179e-06 0.000510012 6.50896e-07 1.30179e-06 -0.000508061 0.00051001 6.50893e-07 -0.000508055 1.30177e-06 0.000509997 0.00019208 
0.000202389 1.32893e-06 6.64482e-07 1.32896e-06 1.32897e-06 0.100948 0.227154 0.000520653 6.64481e-07 1.32896e-06 -0.000518663 0.000520656 -0.000518662 -0.000518662 1.32896e-06 -0.000518662 0.000520655 1.32896e-06 0.000520658 1.32896e-06 6.64477e-07 1.32896e-06 0.000520655 6.64479e-07 1.32895e-06 -0.000518663 0.000520652 6.64475e-07 -0.000518657 1.32894e-06 0.000520639 0.000196083 
0.000206519 1.3561e-06 6.78066e-07 1.35612e-06 1.35613e-06 0.10327 0.232371 0.000531296 6.78065e-07 1.35613e-06 -0.000529265 0.000531299 -0.000529265 -0.000529265 1.35613e-06 -0.000529265 0.000531298 1.35613e-06 0.000531302 1.35613e-06 6.78061e-07 1.35612e-06 0.000531298 6.78063e-07 1.35612e-06 -0.000529266 0.000531296 6.78059e-07 -0.00052926 1.3561e-06 0.000531282 0.000200086 
0.000210652 1.38327e-06 6.9165e-07 1.38329e-06 1.3833e-06 0.105587 0.237595 0.00054194 6.91649e-07 1.38329e-06 -0.000539869 0.000541943 -0.000539868 -0.000539868 1.3833e-06 -0.000539868 0.000541942 1.3833e-06 0.000541946 1.3833e-06 6.91645e-07 1.38329e-06 0.000541943 6.91647e-07 1.38329e-06 -0.00053987 0.00054194 6.91643e-07 -0.000539863 1.38327e-06 0.000541926 0.000204089 
0.000214786 1.41044e-06 7.05235e-07 1.41046e-06 1.41047e-06 0.107909 0.242824 0.000552585 7.05235e-07 1.41046e-06 -0.000550473 0.000552588 -0.000550472 -0.000550472 1.41047e-06 -0.000550473 0.000552587 1.41047e-06 0.000552591 1.41047e-06 7.0523e-07 1.41046e-06 0.000552588 7.05233e-07 1.41046e-06 -0.000550474 0.000552585 7.05229e-07 -0.000550468 1.41044e-06 0.00055257 0.000208092 
0.000218921 1.43761e-06 7.18822e-07 1.43764e-06 1.43765e-06 0.110233 0.248039 0.000563231 7.18821e-07 1.43764e-06 -0.000561078 0.000563234 -0.000561077 -0.000561077 1.43764e-06 -0.000561078 0.000563233 1.43765e-06 0.000563237 1.43764e-06 7.18817e-07 1.43764e-06 0.000563233 7.18819e-07 1.43763e-06 -0.000561079 0.00056323 7.18815e-07 -0.000561072 1.43761e-06 0.000563215 0.000212098 
0.000223056 1.46478e-06 7.32409e-07 1.46481e-06 1.46482e-06 0.112557 0.253237 0.000573877 7.32408e-07 1.46481e-06 -0.000571683 0.00057388 -0.000571682 -0.000571683 1.46482e-06 -0.000571683 0.000573879 1.46482e-06 0.000573883 1.46482e-06 7.32404e-07 1.46481e-06 0.00057388 7.32407e-07 1.4648e-06 -0.000571685 0.000573876 7.32402e-07 -0.000571678 1.46479e-06 0.000573861 0.000216103 
0.000227189 1.49196e-06 7.45997e-07 1.49199e-06 1.492e-06 0.114876 0.258417 0.000584523 7.45996e-07 1.49199e-06 -0.000582289 0.000584527 -0.000582288 -0.000582289 1.49199e-06 -0.00058229 0.000584526 1.492e-06 0.00058453 1.49199e-06 7.45992e-07 1.49199e-06 0.000584527 7.45995e-07 1.49198e-06 -0.000582291 0.000584523 7.4599e-07 -0.000582284 1.49196e-06 0.000584507 0.000220107 
0.000231323 1.51913e-06 7.59586e-07 1.51916e-06 1.51917e-06 0.117194 0.263578 0.000595171 7.59585e-07 1.51916e-06 -0.000592896 0.000595175 -0.000592895 -0.000592896 1.51917e-06 -0.000592897 0.000595174 1.51917e-06 0.000595178 1.51917e-06 7.59581e-07 1.51917e-06 0.000595174 7.59583e-07 1.51916e-06 -0.000592898 0.00059517 7.59579e-07 -0.00059289 1.51914e-06 0.000595154 0.000224113 
0.000235458 1.54631e-06 7.73176e-07 1.54634e-06 1.54635e-06 0.119504 0.268745 0.000605819 7.73175e-07 1.54634e-06 -0.000603504 0.000605823 -0.000603503 -0.000603503 1.54635e-06 -0.000603504 0.000605822 1.54635e-06 0.000605827 1.54635e-06 7.7317e-07 1.54634e-06 0.000605822 7.73173e-07 1.54634e-06 -0.000603505 0.000605819 7.73169e-07 -0.000603498 1.54632e-06 0.000605801 0.000228119 
0.000239594 1.57349e-06 7.86767e-07 1.57352e-06 1.57354e-06 0.121803 0.273909 0.000616468 7.86765e-07 1.57353e-06 -0.000614112 0.000616472 -0.000614111 -0.000614112 1.57353e-06 -0.000614113 0.000616471 1.57354e-06 0.000616476 1.57353e-06 7.86761e-07 1.57353e-06 0.000616471 7.86764e-07 1.57352e-06 -0.000614114 0.000616467 7.8676e-07 -0.000614106 1.5735e-06 0.00061645 0.000232126 
0.00024373 1.60067e-06 8.00358e-07 1.60071e-06 1.60072e-06 0.124088 0.279078 0.000627118 8.00356e-07 1.60071e-06 -0.000624721 0.000627121 -0.000624719 -0.000624721 1.60072e-06 -0.000624722 0.000627121 1.60072e-06 0.000627126 1.60071e-06 8.00352e-07 1.60071e-06 0.000627121 8.00356e-07 1.6007e-06 -0.000624723 0.000627117 8.00351e-07 -0.000624715 1.60068e-06 0.000627099 0.000236132 
0.000247865 1.62786e-06 8.13951e-07 1.62789e-06 1.6279e-06 0.126365 0.284227 0.000637768 8.13949e-07 1.62789e-06 -0.00063533 0.000637772 -0.000635329 -0.00063533 1.6279e-06 -0.000635331 0.000637772 1.6279e-06 0.000637776 1.6279e-06 8.13944e-07 1.62789e-06 0.000637771 8.13948e-07 1.62789e-06 -0.000635332 0.000637767 8.13944e-07 -0.000635324 1.62786e-06 0.000637748 0.000240139 
0.000252 1.65504e-06 8.27544e-07 1.65508e-06 1.65509e-06 0.128624 0.289354 0.000648418 8.27542e-07 1.65508e-06 -0.00064594 0.000648422 -0.000645939 -0.000645941 1.65509e-06 -0.000645941 0.000648423 1.65509e-06 0.000648427 1.65509e-06 8.27538e-07 1.65508e-06 0.000648422 8.27542e-07 1.65508e-06 -0.000645943 0.000648418 8.27536e-07 -0.000645934 1.65505e-06 0.000648398 0.000244144 
0.000256135 1.68223e-06 8.41138e-07 1.68226e-06 1.68228e-06 0.130864 0.294446 0.00065907 8.41135e-07 1.68227e-06 -0.000656551 0.000659074 -0.00065655 -0.000656551 1.68227e-06 -0.000656552 0.000659074 1.68228e-06 0.000659079 1.68228e-06 8.41132e-07 1.68227e-06 0.000659074 8.41136e-07 1.68226e-06 -0.000656553 0.00065907 8.4113e-07 -0.000656545 1.68224e-06 0.000659049 0.00024815 
0.000260271 1.70942e-06 8.54733e-07 1.70945e-06 1.70946e-06 0.133104 0.299506 0.000669722 8.5473e-07 1.70946e-06 -0.000667163 0.000669726 -0.000667161 -0.000667163 1.70946e-06 -0.000667164 0.000669727 1.70947e-06 0.000669731 1.70946e-06 8.54726e-07 1.70946e-06 0.000669726 8.54731e-07 1.70945e-06 -0.000667165 0.000669722 8.54725e-07 -0.000667156 1.70943e-06 0.000669701 0.000252157 
0.000264409 1.73661e-06 8.68328e-07 1.73664e-06 1.73666e-06 0.135335 0.304544 0.000680375 8.68326e-07 1.73665e-06 -0.000677775 0.000680379 -0.000677773 -0.000677775 1.73665e-06 -0.000677776 0.00068038 1.73666e-06 0.000680384 1.73666e-06 8.68322e-07 1.73665e-06 0.000680379 8.68326e-07 1.73664e-06 -0.000677777 0.000680375 8.68321e-07 -0.000677768 1.73662e-06 0.000680353 0.000256162 
0.000268545 1.7638e-06 8.81924e-07 1.76384e-06 1.76385e-06 0.137553 0.309566 0.000691028 8.81921e-07 1.76384e-06 -0.000688387 0.000691032 -0.000688386 -0.000688388 1.76385e-06 -0.000688388 0.000691033 1.76385e-06 0.000691037 1.76385e-06 8.81918e-07 1.76384e-06 0.000691032 8.81923e-07 1.76384e-06 -0.00068839 0.000691028 8.81917e-07 -0.000688381 1.76381e-06 0.000691005 0.000260168 
0.00027268 1.79099e-06 8.95521e-07 1.79103e-06 1.79104e-06 0.139765 0.314574 0.000701682 8.95519e-07 1.79103e-06 -0.000699001 0.000701686 -0.000698999 -0.000699001 1.79104e-06 -0.000699002 0.000701687 1.79104e-06 0.000701691 1.79104e-06 8.95516e-07 1.79103e-06 0.000701686 8.9552e-07 1.79103e-06 -0.000699003 0.000701682 8.95514e-07 -0.000698994 1.791e-06 0.000701659 0.000264179 
0.000276818 1.81818e-06 9.09119e-07 1.81822e-06 1.81824e-06 0.141972 0.319583 0.000712336 9.09116e-07 1.81823e-06 -0.000709614 0.000712341 -0.000709613 -0.000709615 1.81823e-06 -0.000709616 0.000712342 1.81824e-06 0.000712346 1.81824e-06 9.09112e-07 1.81823e-06 0.00071234 9.09118e-07 1.81823e-06 -0.000709617 0.000712337 9.09111e-07 -0.000709607 1.8182e-06 0.000712313 0.000268186 
0.000280954 1.84538e-06 9.22716e-07 1.84542e-06 1.84543e-06 0.144169 0.324575 0.000722991 9.22715e-07 1.84543e-06 -0.000720229 0.000722996 -0.000720227 -0.000720229 1.84543e-06 -0.00072023 0.000722997 1.84544e-06 0.000723001 1.84544e-06 9.22711e-07 1.84543e-06 0.000722995 9.22716e-07 1.84542e-06 -0.000720232 0.000722992 9.22709e-07 -0.000720221 1.84539e-06 0.000722967 0.000272194 
0.000285094 1.87257e-06 9.36315e-07 1.87262e-06 1.87263e-06 0.146354 0.329558 0.000733647 9.36314e-07 1.87263e-06 -0.000730843 0.000733651 -0.000730842 -0.000730844 1.87263e-06 -0.000730845 0.000733652 1.87263e-06 0.000733657 1.87264e-06 9.3631e-07 1.87263e-06 0.000733651 9.36316e-07 1.87262e-06 -0.000730847 0.000733647 9.36308e-07 -0.000730836 1.87259e-06 0.000733622 0.000276201 
0.000289232 1.89977e-06 9.49915e-07 1.89982e-06 1.89983e-06 0.148524 0.334506 0.000744302 9.49914e-07 1.89982e-06 -0.000741459 0.000744307 -0.000741457 -0.000741459 1.89983e-06 -0.000741461 0.000744308 1.89983e-06 0.000744313 1.89984e-06 9.4991e-07 1.89982e-06 0.000744307 9.49915e-07 1.89982e-06 -0.000741462 0.000744303 9.49907e-07 -0.000741451 1.89979e-06 0.000744277 0.000280209 
0.00029337 1.92697e-06 9.63515e-07 1.92702e-06 1.92703e-06 0.150683 0.339418 0.000754959 9.63514e-07 1.92703e-06 -0.000752074 0.000754964 -0.000752073 -0.000752075 1.92703e-06 -0.000752077 0.000754965 1.92703e-06 0.00075497 1.92704e-06 9.6351e-07 1.92703e-06 0.000754964 9.63515e-07 1.92702e-06 -0.000752078 0.00075496 9.63508e-07 -0.000752066 1.92699e-06 0.000754933 0.000284219 
0.000297506 1.95417e-06 9.77116e-07 1.95422e-06 1.95423e-06 0.152822 0.344276 0.000765616 9.77115e-07 1.95423e-06 -0.00076269 0.000765621 -0.00076269 -0.000762691 1.95423e-06 -0.000762693 0.000765622 1.95424e-06 0.000765627 1.95424e-06 9.77111e-07 1.95423e-06 0.000765622 9.77116e-07 1.95423e-06 -0.000762694 0.000765617 9.77109e-07 -0.000762682 1.95419e-06 0.000765589 0.000288229 
0.000301646 1.98137e-06 9.90717e-07 1.98142e-06 1.98144e-06 0.154939 0.349082 0.000776273 9.90716e-07 1.98143e-06 -0.000773307 0.000776278 -0.000773307 -0.000773308 1.98143e-06 -0.00077331 0.00077628 1.98144e-06 0.000776284 1.98145e-06 9.90713e-07 1.98143e-06 0.000776279 9.90718e-07 1.98143e-06 -0.000773311 0.000776275 9.90711e-07 -0.000773299 1.98139e-06 0.000776246 0.000292239 
0.000305784 2.00858e-06 1.00432e-06 2.00863e-06 2.00864e-06 0.157036 0.353826 0.000786931 1.00432e-06 2.00864e-06 -0.000783924 0.000786936 -0.000783924 -0.000783925 2.00864e-06 -0.000783927 0.000786938 2.00864e-06 0.000786942 2.00865e-06 1.00431e-06 2.00863e-06 0.000786937 1.00432e-06 2.00863e-06 -0.000783928 0.000786932 1.00431e-06 -0.000783916 2.0086e-06 0.000786903 0.000296249 
0.000309923 2.03578e-06 1.01792e-06 2.03583e-06 2.03584e-06 0.159114 0.358505 0.000797589 1.01792e-06 2.03584e-06 -0.000794542 0.000797594 -0.000794542 -0.000794542 2.03584e-06 -0.000794545 0.000797596 2.03585e-06 0.000797601 2.03586e-06 1.01792e-06 2.03584e-06 0.000797596 1.01792e-06 2.03584e-06 -0.000794546 0.00079759 1.01792e-06 -0.000794533 2.0358e-06 0.000797561 0.000300257 
0.000314063 2.06299e-06 1.03152e-06 2.06304e-06 2.06305e-06 0.161167 0.36312 0.000808247 1.03152e-06 2.06305e-06 -0.00080516 0.000808253 -0.00080516 -0.00080516 2.06305e-06 -0.000805163 0.000808255 2.06306e-06 0.000808259 2.06306e-06 1.03152e-06 2.06305e-06 0.000808255 1.03153e-06 2.06304e-06 -0.000805164 0.000808249 1.03152e-06 -0.000805151 2.06301e-06 0.000808219 0.000304268 
0.000318202 2.09019e-06 1.04513e-06 2.09024e-06 2.09026e-06 0.163195 0.367674 0.000818906 1.04513e-06 2.09026e-06 -0.000815778 0.000818912 -0.000815778 -0.000815779 2.09025e-06 -0.000815781 0.000818914 2.09026e-06 0.000818918 2.09027e-06 1.04512e-06 2.09025e-06 0.000818914 1.04513e-06 2.09025e-06 -0.000815782 0.000818908 1.04512e-06 -0.000815769 2.09021e-06 0.000818878 0.000308279 
0.000322344 2.1174e-06 1.05873e-06 2.11745e-06 2.11746e-06 0.165191 0.372158 0.000829566 1.05873e-06 2.11746e-06 -0.000826396 0.000829571 -0.000826397 -0.000826397 2.11746e-06 -0.000826399 0.000829573 2.11747e-06 0.000829578 2.11748e-06 1.05873e-06 2.11746e-06 0.000829573 1.05873e-06 2.11746e-06 -0.000826401 0.000829567 1.05873e-06 -0.000826387 2.11742e-06 0.000829536 0.00031229 
0.000326485 2.1446e-06 1.07234e-06 2.14466e-06 2.14467e-06 0.167156 0.376569 0.000840225 1.07234e-06 2.14467e-06 -0.000837015 0.000840231 -0.000837016 -0.000837016 2.14467e-06 -0.000837018 0.000840233 2.14468e-06 0.000840237 2.14469e-06 1.07233e-06 2.14467e-06 0.000840233 1.07234e-06 2.14467e-06 -0.00083702 0.000840226 1.07233e-06 -0.000837006 2.14463e-06 0.000840195 0.000316299 
0.000330623 2.17181e-06 1.08594e-06 2.17187e-06 2.17188e-06 0.169082 0.380908 0.000850885 1.08594e-06 2.17188e-06 -0.000847634 0.000850891 -0.000847635 -0.000847635 2.17188e-06 -0.000847637 0.000850893 2.17189e-06 0.000850897 2.17189e-06 1.08594e-06 2.17188e-06 0.000850893 1.08594e-06 2.17188e-06 -0.000847639 0.000850886 1.08593e-06 -0.000847625 2.17183e-06 0.000850855 0.000320309 
0.000334763 2.19902e-06 1.09954e-06 2.19907e-06 2.19909e-06 0.170974 0.385172 0.000861545 1.09955e-06 2.19909e-06 -0.000858254 0.00086155 -0.000858254 -0.000858254 2.19909e-06 -0.000858256 0.000861553 2.1991e-06 0.000861558 2.1991e-06 1.09954e-06 2.19908e-06 0.000861553 1.09955e-06 2.19909e-06 -0.000858259 0.000861546 1.09954e-06 -0.000858244 2.19904e-06 0.000861514 0.000324318 
0.000338906 2.22623e-06 1.11315e-06 2.22628e-06 2.2263e-06 0.172835 0.38937 0.000872205 1.11315e-06 2.2263e-06 -0.000868873 0.000872211 -0.000868873 -0.000868873 2.2263e-06 -0.000868875 0.000872214 2.22631e-06 0.000872218 2.22631e-06 1.11315e-06 2.2263e-06 0.000872213 1.11315e-06 2.2263e-06 -0.000868879 0.000872206 1.11314e-06 -0.000868864 2.22625e-06 0.000872174 0.000328329 
0.000343046 2.25344e-06 1.12675e-06 2.25349e-06 2.25351e-06 0.174661 0.393504 0.000882865 1.12675e-06 2.25351e-06 -0.000879493 0.000882871 -0.000879493 -0.000879493 2.25351e-06 -0.000879495 0.000882874 2.25352e-06 0.000882879 2.25352e-06 1.12675e-06 2.25351e-06 0.000882874 1.12676e-06 2.25351e-06 -0.000879498 0.000882867 1.12675e-06 -0.000879483 2.25346e-06 0.000882833 0.000332338 
0.000347187 2.28065e-06 1.14036e-06 2.2807e-06 2.28072e-06 0.176459 0.397568 0.000893525 1.14036e-06 2.28072e-06 -0.000890113 0.000893531 -0.000890113 -0.000890113 2.28072e-06 -0.000890114 0.000893535 2.28073e-06 0.00089354 2.28074e-06 1.14036e-06 2.28072e-06 0.000893534 1.14036e-06 2.28072e-06 -0.000890118 0.000893527 1.14036e-06 -0.000890103 2.28067e-06 0.000893493 0.000336349 
0.000351326 2.30786e-06 1.15396e-06 2.30791e-06 2.30793e-06 0.17822 0.40155 0.000904186 1.15396e-06 2.30793e-06 -0.000900733 0.000904192 -0.000900733 -0.000900733 2.30793e-06 -0.000900734 0.000904195 2.30794e-06 0.0009042 2.30795e-06 1.15396e-06 2.30793e-06 0.000904195 1.15397e-06 2.30793e-06 -0.000900738 0.000904188 1.15396e-06 -0.000900722 2.30788e-06 0.000904153 0.000340358 
0.000355467 2.33507e-06 1.16757e-06 2.33512e-06 2.33514e-06 0.179947 0.405451 0.000914846 1.16757e-06 2.33514e-06 -0.000911353 0.000914852 -0.000911353 -0.000911353 2.33514e-06 -0.000911354 0.000914856 2.33516e-06 0.000914861 2.33516e-06 1.16757e-06 2.33514e-06 0.000914856 1.16758e-06 2.33514e-06 -0.000911358 0.000914848 1.16757e-06 -0.000911342 2.3351e-06 0.000914813 0.000344367 
0.000359607 2.36228e-06 1.18117e-06 2.36233e-06 2.36236e-06 0.181641 0.409265 0.000925506 1.18117e-06 2.36235e-06 -0.000921973 0.000925513 -0.000921973 -0.000921973 2.36235e-06 -0.000921974 0.000925517 2.36237e-06 0.000925522 2.36237e-06 1.18118e-06 2.36235e-06 0.000925516 1.18118e-06 2.36235e-06 -0.000921978 0.000925509 1.18117e-06 -0.000921961 2.36231e-06 0.000925473 0.000348377 
0.000363746 2.38949e-06 1.19478e-06 2.38954e-06 2.38957e-06 0.183296 0.412988 0.000936167 1.19478e-06 2.38956e-06 -0.000932593 0.000936173 -0.000932593 -0.000932593 2.38956e-06 -0.000932593 0.000936178 2.38958e-06 0.000936182 2.38958e-06 1.19478e-06 2.38956e-06 0.000936177 1.19479e-06 2.38956e-06 -0.000932597 0.00093617 1.19478e-06 -0.000932581 2.38952e-06 0.000936133 0.000352388 
0.000367887 2.4167e-06 1.20839e-06 2.41675e-06 2.41678e-06 0.184905 0.416624 0.000946827 1.20839e-06 2.41677e-06 -0.000943212 0.000946834 -0.000943212 -0.000943212 2.41677e-06 -0.000943213 0.000946838 2.41679e-06 0.000946843 2.41679e-06 1.20839e-06 2.41677e-06 0.000946838 1.20839e-06 2.41677e-06 -0.000943217 0.00094683 1.20838e-06 -0.0009432 2.41673e-06 0.000946793 0.000356398 
0.000372025 2.4439e-06 1.22199e-06 2.44396e-06 2.44399e-06 0.186469 0.420158 0.000957487 1.22199e-06 2.44398e-06 -0.000953832 0.000957494 -0.000953832 -0.000953832 2.44398e-06 -0.000953833 0.000957499 2.444e-06 0.000957503 2.444e-06 1.22199e-06 2.44398e-06 0.000957498 1.222e-06 2.44398e-06 -0.000953837 0.000957491 1.22199e-06 -0.000953819 2.44393e-06 0.000957453 0.000360409 
0.000376163 2.47111e-06 1.23559e-06 2.47117e-06 2.4712e-06 0.187978 0.423587 0.000968147 1.23559e-06 2.47119e-06 -0.000964451 0.000968154 -0.000964451 -0.000964452 2.47119e-06 -0.000964452 0.000968159 2.47121e-06 0.000968163 2.47121e-06 1.2356e-06 2.47119e-06 0.000968158 1.2356e-06 2.47119e-06 -0.000964456 0.000968151 1.23559e-06 -0.000964439 2.47114e-06 0.000968112 0.000364418 
0.000380301 2.49832e-06 1.2492e-06 2.49838e-06 2.4984e-06 0.189433 0.426896 0.000978807 1.2492e-06 2.4984e-06 -0.000975071 0.000978814 -0.00097507 -0.000975071 2.4984e-06 -0.000975072 0.000978819 2.49842e-06 0.000978823 2.49842e-06 1.2492e-06 2.4984e-06 0.000978818 1.24921e-06 2.4984e-06 -0.000975075 0.000978811 1.2492e-06 -0.000975057 2.49835e-06 0.000978771 0.000368428 
0.000384441 2.52553e-06 1.2628e-06 2.52559e-06 2.52561e-06 0.190852 0.430113 0.000989466 1.2628e-06 2.52561e-06 -0.00098569 0.000989474 -0.000985689 -0.00098569 2.52561e-06 -0.000985691 0.000989479 2.52563e-06 0.000989483 2.52563e-06 1.2628e-06 2.52561e-06 0.000989477 1.26281e-06 2.52561e-06 -0.000985694 0.000989471 1.2628e-06 -0.000985676 2.52556e-06 0.00098943 0.000372437 
0.00038858 2.55274e-06 1.27641e-06 2.55279e-06 2.55282e-06 0.192221 0.433211 0.00100013 1.27641e-06 2.55282e-06 -0.000996308 0.00100013 -0.000996308 -0.000996309 2.55282e-06 -0.000996309 0.00100014 2.55283e-06 0.00100014 2.55284e-06 1.27641e-06 2.55282e-06 0.00100014 1.27641e-06 2.55282e-06 -0.000996313 0.00100013 1.27641e-06 -0.000996294 2.55277e-06 0.00100009 0.000376446 
0.000392721 2.57994e-06 1.29001e-06 2.58e-06 2.58003e-06 0.19354 0.436202 0.00101078 1.29001e-06 2.58003e-06 -0.00100693 0.00101079 -0.00100693 -0.00100693 2.58002e-06 -0.00100693 0.0010108 2.58004e-06 0.0010108 2.58005e-06 1.29001e-06 2.58002e-06 0.0010108 1.29002e-06 2.58003e-06 -0.00100693 0.00101079 1.29001e-06 -0.00100691 2.57997e-06 0.00101075 0.000380454 
0.00039686 2.60715e-06 1.30361e-06 2.60721e-06 2.60723e-06 0.194806 0.43908 0.00102144 1.30361e-06 2.60723e-06 -0.00101754 0.00102145 -0.00101754 -0.00101754 2.60723e-06 -0.00101755 0.00102146 2.60725e-06 0.00102146 2.60725e-06 1.30362e-06 2.60723e-06 0.00102145 1.30362e-06 2.60723e-06 -0.00101755 0.00102145 1.30361e-06 -0.00101753 2.60718e-06 0.0010214 0.000384462 
0.000400999 2.63435e-06 1.31722e-06 2.63441e-06 2.63444e-06 0.196024 0.44185 0.0010321 1.31721e-06 2.63444e-06 -0.00102816 0.00103211 -0.00102816 -0.00102816 2.63444e-06 -0.00102816 0.00103211 2.63445e-06 0.00103212 2.63446e-06 1.31722e-06 2.63443e-06 0.00103211 1.31722e-06 2.63444e-06 -0.00102817 0.00103211 1.31721e-06 -0.00102815 2.63438e-06 0.00103206 0.000388471 
0.000405141 2.66155e-06 1.33082e-06 2.66162e-06 2.66164e-06 0.197202 0.44453 0.00104276 1.33082e-06 2.66164e-06 -0.00103878 0.00104277 -0.00103878 -0.00103878 2.66164e-06 -0.00103878 0.00104277 2.66166e-06 0.00104278 2.66166e-06 1.33082e-06 2.66164e-06 0.00104277 1.33083e-06 2.66164e-06 -0.00103878 0.00104276 1.33082e-06 -0.00103876 2.66159e-06 0.00104272 0.000392478 
0.000409283 2.68876e-06 1.34442e-06 2.68882e-06 2.68884e-06 0.198349 0.447125 0.00105342 1.34442e-06 2.68884e-06 -0.0010494 0.00105342 -0.0010494 -0.0010494 2.68884e-06 -0.0010494 0.00105343 2.68886e-06 0.00105343 2.68887e-06 1.34442e-06 2.68884e-06 0.00105343 1.34443e-06 2.68885e-06 -0.0010494 0.00105342 1.34442e-06 -0.00104938 2.68879e-06 0.00105338 0.00039649 
0.000413667 2.71596e-06 1.35802e-06 2.71602e-06 2.71605e-06 0.199413 0.449618 0.00106407 1.35802e-06 2.71605e-06 -0.00106001 0.00106408 -0.00106001 -0.00106001 2.71605e-06 -0.00106001 0.00106409 2.71606e-06 0.00106409 2.71607e-06 1.35802e-06 2.71605e-06 0.00106409 1.35803e-06 2.71605e-06 -0.00106002 0.00106408 1.35802e-06 -0.00106 2.71599e-06 0.00106403 0.000400757 
