568.15 568.15 568.15 568.15 568.15 568.15 568.15 568.15 568.15 568.15 568.15 568.15 568.15 568.15 568.15 568.15 568.15 568.15 568.15 568.15 568.15 568.15 568.15 568.15 568.15 568.15 568.15 568.15 568.15 568.15 568.15 568.15 
568.354 568.343 568.344 568.344 568.345 568.342 568.341 568.343 568.347 568.347 568.347 568.345 568.343 568.346 568.345 568.343 568.347 568.346 568.347 568.346 568.343 568.347 568.344 568.345 568.342 568.343 568.345 568.346 568.341 568.341 568.338 568.339 
568.564 568.541 568.543 568.543 568.546 568.54 568.538 568.542 568.549 568.549 568.548 568.546 568.542 568.548 568.547 568.541 568.549 568.547 568.549 568.547 568.542 568.549 568.545 568.546 568.54 568.543 568.544 568.546 568.537 568.537 568.531 568.534 
568.782 568.745 568.749 568.75 568.753 568.744 568.741 568.747 568.757 568.758 568.755 568.753 568.749 568.755 568.755 568.745 568.758 568.754 568.758 568.754 568.748 568.756 568.752 568.753 568.744 568.749 568.749 568.752 568.739 568.739 568.731 568.735 
569.007 568.956 568.962 568.963 568.967 568.955 568.95 568.96 568.972 568.973 568.968 568.967 568.964 568.97 568.97 568.957 568.972 568.968 568.973 568.967 568.961 568.97 568.967 568.967 568.955 568.963 568.961 568.964 568.948 568.949 568.938 568.943 
569.24 569.174 569.182 569.185 569.189 569.174 569.166 569.181 569.193 569.194 569.188 569.188 569.188 569.191 569.193 569.176 569.194 569.189 569.197 569.188 569.181 569.19 569.189 569.189 569.174 569.184 569.18 569.181 569.164 569.165 569.153 569.159 
569.48 569.399 569.41 569.413 569.417 569.399 569.389 569.409 569.421 569.423 569.414 569.416 569.418 569.419 569.422 569.403 569.422 569.418 569.428 569.416 569.41 569.416 569.418 569.417 569.4 569.413 569.406 569.406 569.386 569.389 569.375 569.383 
569.726 569.631 569.646 569.649 569.653 569.631 569.618 569.644 569.656 569.658 569.648 569.651 569.655 569.653 569.658 569.637 569.658 569.653 569.665 569.65 569.646 569.65 569.653 569.652 569.634 569.649 569.638 569.637 569.616 569.621 569.604 569.615 
569.98 569.871 569.888 569.892 569.896 569.87 569.854 569.887 569.898 569.901 569.888 569.893 569.897 569.894 569.9 569.878 569.899 569.896 569.909 569.891 569.889 569.89 569.896 569.892 569.874 569.892 569.876 569.875 569.853 569.858 569.841 569.854 
570.24 570.117 570.136 570.14 570.144 570.115 570.096 570.136 570.146 570.15 570.136 570.142 570.144 570.141 570.149 570.126 570.147 570.146 570.158 570.138 570.14 570.137 570.144 570.138 570.12 570.142 570.119 570.12 570.097 570.103 570.084 570.1 
570.506 570.371 570.389 570.395 570.399 570.367 570.344 570.39 570.402 570.405 570.389 570.398 570.397 570.394 570.404 570.381 570.401 570.402 570.413 570.39 570.396 570.39 570.399 570.39 570.373 570.399 570.368 570.372 570.348 570.353 570.333 570.353 
570.779 570.63 570.647 570.655 570.659 570.625 570.598 570.651 570.664 570.667 570.649 570.661 570.655 570.653 570.665 570.641 570.661 570.664 570.672 570.648 570.658 570.649 570.659 570.648 570.632 570.662 570.624 570.629 570.606 570.608 570.588 570.613 
571.059 570.894 570.911 570.921 570.925 570.889 570.859 570.916 570.932 570.934 570.916 570.929 570.921 570.918 570.932 570.908 570.927 570.931 570.938 570.912 570.926 570.915 570.926 570.913 570.897 570.93 570.886 570.892 570.87 570.87 570.847 570.879 
571.343 571.163 571.181 571.193 571.197 571.158 571.125 571.188 571.206 571.206 571.189 571.204 571.192 571.189 571.204 571.179 571.199 571.204 571.21 571.181 571.198 571.186 571.199 571.184 571.168 571.204 571.155 571.161 571.14 571.138 571.111 571.151 
571.633 571.436 571.456 571.47 571.475 571.434 571.397 571.465 571.486 571.484 571.468 571.483 571.471 571.465 571.48 571.456 571.476 571.483 571.489 571.455 571.476 571.463 571.477 571.461 571.445 571.483 571.432 571.434 571.416 571.412 571.381 571.428 
571.928 571.715 571.737 571.75 571.758 571.715 571.674 571.747 571.769 571.766 571.752 571.768 571.755 571.748 571.761 571.737 571.758 571.766 571.774 571.734 571.757 571.744 571.76 571.745 571.727 571.767 571.714 571.712 571.698 571.691 571.656 571.711 
572.227 571.998 572.023 572.035 572.047 572.002 571.956 572.035 572.058 572.053 572.042 572.058 572.045 572.037 572.048 572.023 572.044 572.053 572.063 572.019 572.044 572.031 572.049 572.034 572.015 572.054 572.002 571.997 571.984 571.976 571.937 571.999 
572.531 572.286 572.315 572.324 572.341 572.294 572.243 572.327 572.35 572.345 572.336 572.351 572.34 572.332 572.339 572.314 572.334 572.345 572.357 572.308 572.334 572.321 572.342 572.329 572.306 572.346 572.294 572.286 572.275 572.266 572.222 572.292 
572.839 572.578 572.611 572.619 572.64 572.59 572.535 572.624 572.646 572.64 572.634 572.647 572.64 572.631 572.635 572.61 572.628 572.641 572.653 572.603 572.629 572.616 572.639 572.627 572.602 572.641 572.589 572.58 572.569 572.559 572.513 572.59 
573.152 572.875 572.912 572.918 572.942 572.89 572.831 572.924 572.946 572.94 572.936 572.947 572.944 572.934 572.935 572.911 572.927 572.943 572.954 572.902 572.927 572.914 572.939 572.93 572.902 572.94 572.888 572.88 572.867 572.856 572.807 572.892 
573.467 573.175 573.218 573.221 573.247 573.194 573.131 573.228 573.249 573.244 573.242 573.251 573.251 573.241 573.239 573.215 573.229 573.249 573.257 573.207 573.23 573.216 573.244 573.236 573.206 573.245 573.192 573.184 573.169 573.156 573.105 573.197 
573.787 573.479 573.528 573.53 573.556 573.499 573.434 573.535 573.557 573.552 573.551 573.558 573.561 573.552 573.548 573.523 573.535 573.559 573.565 573.515 573.536 573.522 573.551 573.545 573.514 573.554 573.499 573.491 573.474 573.46 573.406 573.505 
574.108 573.786 573.843 573.842 573.868 573.807 573.74 573.844 573.868 573.864 573.863 573.869 573.874 573.865 573.859 573.834 573.846 573.872 573.876 573.826 573.846 573.831 573.862 573.858 573.825 573.866 573.81 573.802 573.784 573.768 573.709 573.816 
574.433 574.097 574.161 574.158 574.183 574.118 574.049 574.156 574.184 574.178 574.177 574.184 574.19 574.182 574.174 574.149 574.159 574.188 574.19 574.14 574.159 574.144 574.176 574.173 574.14 574.182 574.124 574.115 574.096 574.079 574.015 574.13 
574.76 574.411 574.482 574.476 574.501 574.431 574.361 574.471 574.502 574.495 574.493 574.501 574.509 574.501 574.492 574.467 574.476 574.505 574.509 574.456 574.475 574.461 574.492 574.491 574.457 574.5 574.44 574.43 574.412 574.393 574.324 574.446 
575.091 574.728 574.805 574.796 574.823 574.748 574.675 574.788 574.823 574.814 574.813 574.821 574.83 574.821 574.813 574.786 574.795 574.825 574.829 574.774 574.793 574.781 574.811 574.812 574.775 574.82 574.758 574.747 574.729 574.708 574.636 574.764 
575.425 575.048 575.13 575.118 575.147 575.068 574.991 575.108 575.146 575.135 575.135 575.143 575.153 575.143 575.136 575.108 575.116 575.148 575.153 575.095 575.113 575.105 575.132 575.135 575.094 575.143 575.077 575.067 575.049 575.026 574.951 575.085 
575.763 575.37 575.455 575.44 575.475 575.39 575.31 575.43 575.471 575.458 575.461 575.466 575.478 575.466 575.462 575.431 575.44 575.474 575.478 575.419 575.436 575.43 575.455 575.459 575.416 575.468 575.399 575.391 575.371 575.345 575.269 575.407 
576.103 575.694 575.781 575.762 575.803 575.715 575.63 575.755 575.797 575.784 575.789 575.792 575.805 575.79 575.789 575.755 575.765 575.802 575.805 575.746 575.761 575.758 575.781 575.785 575.741 575.795 575.722 575.716 575.695 575.664 575.59 575.731 
576.445 576.02 576.108 576.086 576.133 576.042 575.952 576.081 576.126 576.112 576.12 576.118 576.133 576.116 576.118 576.081 576.092 576.132 576.134 576.075 576.088 576.086 576.109 576.112 576.068 576.124 576.047 576.044 576.023 575.985 575.913 576.057 
576.789 576.347 576.436 576.41 576.464 576.37 576.276 576.409 576.457 576.442 576.454 576.446 576.462 576.445 576.449 576.408 576.421 576.463 576.465 576.405 576.417 576.416 576.439 576.44 576.396 576.455 576.374 576.373 576.354 576.308 576.238 576.386 
577.133 576.674 576.766 576.735 576.796 576.698 576.602 576.739 576.789 576.774 576.788 576.776 576.793 576.775 576.781 576.738 576.753 576.794 576.796 576.737 576.746 576.746 576.771 576.771 576.726 576.786 576.703 576.704 576.687 576.634 576.564 576.718 
577.478 577.003 577.098 577.063 577.129 577.027 576.93 577.07 577.123 577.108 577.123 577.108 577.124 577.108 577.114 577.071 577.086 577.126 577.129 577.07 577.077 577.079 577.105 577.102 577.057 577.119 577.034 577.036 577.021 576.962 576.892 577.052 
577.824 577.332 577.431 577.393 577.463 577.357 577.259 577.402 577.457 577.444 577.458 577.442 577.457 577.441 577.447 577.407 577.421 577.459 577.462 577.404 577.408 577.413 577.439 577.435 577.389 577.453 577.366 577.369 577.356 577.293 577.221 577.387 
578.172 577.662 577.766 577.726 577.798 577.688 577.59 577.735 577.793 577.781 577.794 577.777 577.791 577.775 577.781 577.744 577.757 577.794 577.797 577.74 577.741 577.748 577.774 577.769 577.724 577.788 577.7 577.704 577.691 577.625 577.55 577.723 
578.521 577.993 578.102 578.061 578.132 578.02 577.922 578.07 578.13 578.119 578.129 578.113 578.126 578.11 578.116 578.082 578.093 578.129 578.132 578.077 578.075 578.084 578.109 578.102 578.06 578.123 578.036 578.04 578.027 577.958 577.88 578.059 
578.871 578.324 578.44 578.398 578.468 578.354 578.256 578.406 578.467 578.457 578.464 578.45 578.463 578.447 578.45 578.422 578.429 578.464 578.469 578.415 578.411 578.421 578.445 578.437 578.398 578.459 578.373 578.377 578.363 578.291 578.211 578.396 
579.223 578.655 578.778 578.734 578.804 578.69 578.59 578.743 578.804 578.795 578.8 578.787 578.8 578.784 578.785 578.761 578.766 578.8 578.806 578.754 578.748 578.758 578.781 578.772 578.738 578.796 578.711 578.715 578.7 578.625 578.542 578.733 
579.575 578.987 579.117 579.07 579.141 579.026 578.925 579.08 579.142 579.133 579.136 579.124 579.139 579.123 579.121 579.102 579.103 579.136 579.145 579.093 579.085 579.096 579.118 579.107 579.077 579.134 579.05 579.054 579.036 578.959 578.873 579.073 
579.927 579.322 579.455 579.407 579.479 579.362 579.259 579.418 579.48 579.471 579.473 579.462 579.477 579.463 579.457 579.442 579.44 579.473 579.485 579.433 579.423 579.434 579.456 579.443 579.416 579.473 579.389 579.394 579.372 579.293 579.204 579.413 
580.279 579.657 579.792 579.743 579.818 579.698 579.593 579.756 579.819 579.808 579.809 579.801 579.817 579.803 579.795 579.782 579.779 579.811 579.826 579.772 579.761 579.772 579.794 579.78 579.755 579.812 579.728 579.734 579.709 579.627 579.535 579.755 
580.631 579.993 580.128 580.079 580.158 580.033 579.926 580.095 580.159 580.145 580.146 580.14 580.156 580.142 580.134 580.122 580.119 580.149 580.167 580.11 580.1 580.109 580.132 580.117 580.091 580.151 580.068 580.073 580.046 579.961 579.866 580.097 
580.983 580.328 580.465 580.415 580.498 580.367 580.259 580.432 580.498 580.482 580.483 580.479 580.494 580.48 580.474 580.462 580.46 580.487 580.508 580.446 580.438 580.446 580.47 580.454 580.427 580.49 580.408 580.413 580.383 580.296 580.196 580.438 
581.333 580.663 580.802 580.751 580.838 580.7 580.592 580.77 580.838 580.819 580.821 580.819 580.832 580.818 580.814 580.802 580.8 580.826 580.849 580.782 580.777 580.783 580.807 580.791 580.761 580.828 580.748 580.752 580.72 580.631 580.527 580.778 
581.685 580.997 581.139 581.087 581.177 581.033 580.925 581.106 581.177 581.156 581.16 581.158 581.17 581.156 581.154 581.142 581.14 581.164 581.191 581.119 581.116 581.12 581.144 581.129 581.094 581.166 581.088 581.09 581.058 580.966 580.858 581.116 
582.037 581.329 581.476 581.423 581.514 581.367 581.256 581.442 581.515 581.494 581.5 581.497 581.507 581.494 581.493 581.482 581.479 581.502 581.532 581.458 581.456 581.458 581.48 581.466 581.428 581.505 581.428 581.429 581.396 581.302 581.19 581.454 
582.39 581.661 581.814 581.759 581.849 581.702 581.587 581.778 581.853 581.831 581.84 581.835 581.843 581.831 581.832 581.821 581.818 581.84 581.872 581.797 581.796 581.796 581.815 581.804 581.762 581.844 581.767 581.767 581.734 581.638 581.523 581.792 
582.743 581.991 582.15 582.095 582.185 582.037 581.917 582.114 582.189 582.168 582.179 582.172 582.179 582.169 582.171 582.16 582.155 582.178 582.211 582.137 582.136 582.135 582.152 582.141 582.098 582.184 582.106 582.104 582.072 581.974 581.857 582.131 
583.096 582.322 582.486 582.432 582.52 582.372 582.246 582.45 582.525 582.504 582.517 582.508 582.514 582.505 582.51 582.498 582.492 582.516 582.55 582.477 582.475 582.474 582.489 582.479 582.435 582.525 582.443 582.441 582.41 582.31 582.191 582.47 
583.447 582.652 582.822 582.77 582.856 582.706 582.576 582.787 582.86 582.839 582.854 582.844 582.849 582.842 582.85 582.837 582.829 582.853 582.887 582.817 582.813 582.812 582.828 582.818 582.772 582.865 582.781 582.779 582.749 582.646 582.524 582.809 
583.797 582.983 583.157 583.108 583.191 583.039 582.907 583.123 583.196 583.173 583.189 583.181 583.182 583.179 583.19 583.176 583.165 583.19 583.225 583.156 583.151 583.15 583.167 583.157 583.11 583.205 583.118 583.117 583.087 582.981 582.856 583.147 
584.146 583.314 583.493 583.445 583.527 583.371 583.239 583.459 583.533 583.507 583.524 583.517 583.514 583.515 583.531 583.515 583.5 583.528 583.563 583.495 583.489 583.489 583.506 583.496 583.446 583.544 583.454 583.454 583.425 583.315 583.189 583.483 
584.494 583.645 583.829 583.783 583.861 583.703 583.572 583.795 583.869 583.842 583.859 583.854 583.846 583.851 583.871 583.855 583.835 583.865 583.901 583.833 583.827 583.826 583.844 583.835 583.782 583.882 583.788 583.791 583.763 583.65 583.521 583.819 
584.842 583.977 584.164 584.12 584.195 584.036 583.904 584.13 584.206 584.177 584.195 584.19 584.179 584.187 584.21 584.195 584.171 584.203 584.239 584.171 584.165 584.164 584.18 584.172 584.117 584.219 584.122 584.127 584.099 583.984 583.853 584.153 
585.19 584.308 584.5 584.457 584.527 584.37 584.237 584.465 584.542 584.512 584.53 584.525 584.513 584.522 584.548 584.534 584.507 584.541 584.577 584.508 584.502 584.5 584.516 584.509 584.453 584.555 584.455 584.462 584.434 584.318 584.184 584.486 
585.539 584.639 584.835 584.793 584.859 584.704 584.569 584.798 584.877 584.848 584.865 584.858 584.847 584.857 584.884 584.872 584.843 584.877 584.914 584.844 584.838 584.836 584.85 584.845 584.79 584.891 584.788 584.797 584.769 584.65 584.514 584.818 
585.888 584.969 585.17 585.129 585.191 585.037 584.899 585.132 585.211 585.182 585.199 585.192 585.181 585.192 585.218 585.208 585.179 585.212 585.252 585.179 585.174 585.171 585.184 585.18 585.126 585.226 585.121 585.13 585.101 584.981 584.843 585.15 
586.237 585.297 585.505 585.463 585.522 585.37 585.228 585.465 585.545 585.516 585.533 585.524 585.514 585.526 585.55 585.544 585.515 585.545 585.588 585.514 585.509 585.506 585.518 585.514 585.463 585.561 585.454 585.463 585.434 585.311 585.171 585.48 
586.584 585.625 585.839 585.796 585.854 585.702 585.555 585.797 585.877 585.848 585.865 585.857 585.846 585.861 585.881 585.878 585.851 585.877 585.923 585.849 585.843 585.84 585.852 585.849 585.799 585.895 585.786 585.795 585.765 585.64 585.499 585.81 
586.931 585.952 586.173 586.129 586.184 586.032 585.881 586.128 586.208 586.18 586.197 586.188 586.177 586.196 586.21 586.21 586.186 586.208 586.257 586.184 586.176 586.174 586.185 586.183 586.134 586.229 586.118 586.128 586.097 585.97 585.825 586.14 
587.276 586.28 586.505 586.46 586.514 586.361 586.206 586.458 586.538 586.511 586.528 586.519 586.507 586.53 586.538 586.542 586.519 586.538 586.59 586.518 586.507 586.507 586.517 586.518 586.468 586.561 586.451 586.46 586.429 586.3 586.152 586.47 
587.62 586.606 586.836 586.79 586.843 586.689 586.529 586.787 586.867 586.842 586.858 586.847 586.837 586.862 586.865 586.872 586.852 586.868 586.922 586.851 586.838 586.838 586.849 586.852 586.802 586.892 586.783 586.792 586.76 586.63 586.477 586.799 
587.962 586.932 587.165 587.118 587.172 587.015 586.851 587.116 587.196 587.173 587.187 587.176 587.167 587.193 587.191 587.202 587.184 587.197 587.252 587.183 587.167 587.168 587.178 587.184 587.134 587.223 587.115 587.123 587.091 586.961 586.802 587.128 
588.303 587.255 587.492 587.446 587.499 587.34 587.173 587.444 587.524 587.503 587.516 587.503 587.497 587.522 587.518 587.531 587.514 587.524 587.581 587.514 587.495 587.497 587.506 587.514 587.465 587.552 587.446 587.452 587.42 587.29 587.125 587.455 
588.641 587.577 587.818 587.772 587.825 587.664 587.493 587.771 587.85 587.832 587.845 587.83 587.826 587.85 587.844 587.858 587.842 587.851 587.908 587.844 587.821 587.825 587.832 587.841 587.794 587.881 587.775 587.779 587.748 587.617 587.448 587.781 
588.978 587.896 588.141 588.096 588.151 587.986 587.812 588.096 588.175 588.158 588.172 588.156 588.153 588.177 588.169 588.186 588.168 588.175 588.233 588.172 588.146 588.152 588.155 588.166 588.121 588.209 588.102 588.103 588.073 587.942 587.769 588.106 
589.314 588.214 588.462 588.42 588.475 588.307 588.13 588.42 588.498 588.483 588.497 588.481 588.478 588.502 588.494 588.512 588.492 588.498 588.556 588.5 588.469 588.477 588.478 588.489 588.447 588.535 588.426 588.426 588.396 588.266 588.089 588.43 
589.648 588.53 588.78 588.741 588.797 588.625 588.446 588.742 588.819 588.805 588.82 588.803 588.801 588.825 588.817 588.837 588.815 588.819 588.877 588.827 588.791 588.8 588.799 588.811 588.771 588.859 588.748 588.746 588.716 588.587 588.408 588.753 
589.98 588.846 589.096 589.06 589.118 588.942 588.761 589.06 589.138 589.125 589.14 589.124 589.12 589.145 589.137 589.16 589.135 589.139 589.197 589.152 589.112 589.122 589.119 589.13 589.093 589.18 589.068 589.063 589.034 588.906 588.724 589.074 
590.312 589.159 589.41 589.377 589.436 589.257 589.074 589.377 589.456 589.443 589.456 589.441 589.438 589.462 589.455 589.481 589.454 589.456 589.516 589.475 589.43 589.441 589.438 589.448 589.413 589.499 589.386 589.38 589.349 589.223 589.037 589.393 
590.641 589.472 589.723 589.692 589.751 589.57 589.386 589.69 589.771 589.757 589.77 589.756 589.754 589.776 589.77 589.8 589.77 589.772 589.832 589.796 589.746 589.757 589.757 589.763 589.73 589.815 589.703 589.694 589.662 589.538 589.348 589.709 
590.969 589.783 590.034 590.003 590.064 589.881 589.696 590.001 590.083 590.07 590.081 590.068 590.069 590.088 590.082 590.116 590.084 590.087 590.146 590.114 590.06 590.07 590.074 590.076 590.045 590.128 590.017 590.007 589.974 589.85 589.657 590.022 
591.294 590.092 590.343 590.312 590.373 590.19 590.003 590.309 590.394 590.381 590.39 590.378 590.381 590.398 590.39 590.428 590.394 590.399 590.457 590.428 590.371 590.38 590.388 590.386 590.356 590.44 590.328 590.319 590.283 590.16 589.963 590.333 
591.616 590.397 590.65 590.619 590.681 590.496 590.308 590.615 590.702 590.69 590.697 590.684 590.692 590.705 590.695 590.737 590.702 590.708 590.764 590.739 590.679 590.687 590.699 590.694 590.665 590.748 590.636 590.629 590.591 590.467 590.268 590.641 
591.934 590.699 590.953 590.924 590.986 590.799 590.61 590.918 591.008 590.998 591.002 590.988 590.999 591.01 590.998 591.043 591.007 591.014 591.068 591.046 590.984 590.991 591.006 591 590.971 591.054 590.94 590.937 590.895 590.772 590.57 590.947 
592.248 590.998 591.254 591.225 591.288 591.1 590.909 591.219 591.31 591.303 591.305 591.289 591.304 591.312 591.297 591.345 591.309 591.316 591.369 591.349 591.286 591.292 591.309 591.302 591.273 591.357 591.24 591.241 591.197 591.073 590.87 591.25 
592.558 591.292 591.551 591.524 591.587 591.397 591.204 591.517 591.609 591.604 591.604 591.587 591.604 591.611 591.594 591.643 591.608 591.615 591.666 591.647 591.584 591.589 591.607 591.602 591.573 591.657 591.537 591.541 591.494 591.37 591.167 591.549 
592.863 591.584 591.844 591.817 591.881 591.69 591.494 591.811 591.903 591.9 591.899 591.882 591.901 591.906 591.888 591.937 591.904 591.91 591.96 591.94 591.878 591.883 591.902 591.898 591.868 591.953 591.83 591.837 591.789 591.663 591.46 591.843 
593.164 591.871 592.134 592.106 592.172 591.98 591.78 592.103 592.194 592.192 592.19 592.172 592.192 592.196 592.179 592.226 592.197 592.202 592.249 592.229 592.168 592.173 592.193 592.191 592.16 592.246 592.119 592.13 592.079 591.951 591.749 592.132 
593.461 592.155 592.418 592.389 592.458 592.264 592.061 592.39 592.479 592.478 592.476 592.458 592.479 592.482 592.466 592.51 592.485 592.49 592.536 592.512 592.454 592.458 592.481 592.479 592.447 592.535 592.405 592.418 592.367 592.236 592.034 592.417 
593.755 592.435 592.698 592.666 592.739 592.543 592.337 592.672 592.76 592.76 592.759 592.739 592.762 592.763 592.749 592.789 592.769 592.774 592.819 592.791 592.736 592.739 592.764 592.762 592.729 592.819 592.688 592.702 592.651 592.518 592.315 592.698 
594.044 592.711 592.972 592.939 593.016 592.818 592.61 592.95 593.036 593.036 593.038 593.015 593.04 593.04 593.027 593.064 593.048 593.055 593.099 593.067 593.014 593.017 593.043 593.043 593.007 593.099 592.966 592.981 592.93 592.796 592.592 592.975 
594.33 592.982 593.242 593.208 593.288 593.088 592.879 593.222 593.307 593.307 593.312 593.287 593.314 593.314 593.301 593.335 593.322 593.331 593.374 593.339 593.288 593.29 593.318 593.319 593.28 593.374 593.24 593.256 593.204 593.07 592.863 593.247 
594.611 593.249 593.508 593.471 593.556 593.354 593.144 593.489 593.573 593.574 593.582 593.553 593.583 593.582 593.57 593.602 593.591 593.602 593.645 593.607 593.557 593.56 593.587 593.591 593.548 593.643 593.509 593.526 593.473 593.34 593.13 593.515 
594.888 593.511 593.769 593.73 593.82 593.616 593.405 593.75 593.834 593.836 593.848 593.815 593.848 593.847 593.833 593.864 593.855 593.869 593.909 593.871 593.822 593.824 593.852 593.858 593.811 593.907 593.772 593.79 593.735 593.606 593.391 593.778 
595.158 593.768 594.026 593.983 594.077 593.872 593.66 594.006 594.09 594.094 594.107 594.072 594.108 594.106 594.091 594.12 594.113 594.129 594.168 594.13 594.08 594.083 594.11 594.12 594.07 594.165 594.03 594.049 593.991 593.865 593.647 594.036 
595.423 594.018 594.277 594.232 594.329 594.124 593.909 594.256 594.34 594.347 594.361 594.323 594.361 594.36 594.342 594.371 594.366 594.384 594.42 594.382 594.332 594.337 594.363 594.376 594.323 594.417 594.282 594.301 594.241 594.119 593.897 594.287 
595.682 594.263 594.524 594.475 594.575 594.369 594.151 594.5 594.584 594.594 594.608 594.569 594.608 594.609 594.588 594.618 594.613 594.633 594.666 594.628 594.578 594.584 594.61 594.625 594.57 594.662 594.53 594.548 594.485 594.365 594.142 594.532 
595.934 594.501 594.765 594.713 594.815 594.609 594.387 594.739 594.822 594.834 594.849 594.809 594.849 594.85 594.827 594.858 594.855 594.875 594.906 594.868 594.818 594.825 594.85 594.866 594.811 594.901 594.772 594.788 594.723 594.604 594.38 594.77 
596.178 594.733 594.999 594.945 595.048 594.842 594.616 594.971 595.054 595.068 595.083 595.044 595.082 595.086 595.059 595.093 595.089 595.11 595.14 595.103 595.052 595.058 595.083 595.1 595.046 595.133 595.008 595.022 594.955 594.836 594.612 595.003 
596.415 594.958 595.226 595.17 595.275 595.069 594.839 595.198 595.28 595.295 595.311 595.272 595.309 595.314 595.285 595.322 595.318 595.337 595.367 595.331 595.279 595.285 595.31 595.326 595.275 595.36 595.238 595.249 595.181 595.062 594.836 595.229 
596.645 595.178 595.446 595.389 595.495 595.288 595.054 595.417 595.498 595.514 595.532 595.493 595.529 595.536 595.503 595.544 595.539 595.556 595.586 595.554 595.499 595.506 595.528 595.546 595.496 595.58 595.46 595.47 595.4 595.281 595.054 595.448 
596.867 595.391 595.657 595.602 595.707 595.5 595.262 595.63 595.71 595.726 595.746 595.706 595.742 595.751 595.716 595.758 595.754 595.768 595.799 595.769 595.713 595.719 595.739 595.758 595.711 595.793 595.674 595.683 595.611 595.493 595.264 595.661 
597.081 595.598 595.861 595.808 595.912 595.704 595.463 595.834 595.915 595.931 595.953 595.913 595.948 595.958 595.921 595.964 595.961 595.971 596.004 595.977 595.92 595.926 595.943 595.964 595.917 595.999 595.881 595.889 595.815 595.699 595.467 595.865 
597.287 595.797 596.058 596.007 596.11 595.899 595.657 596.03 596.112 596.128 596.152 596.112 596.146 596.157 596.12 596.162 596.16 596.168 596.202 596.177 596.119 596.125 596.139 596.163 596.116 596.197 596.079 596.087 596.012 595.897 595.662 596.061 
597.485 595.988 596.247 596.199 596.3 596.087 595.843 596.219 596.301 596.317 596.343 596.302 596.336 596.348 596.311 596.352 596.35 596.357 596.392 596.369 596.31 596.316 596.328 596.354 596.307 596.388 596.269 596.278 596.202 596.087 595.848 596.249 
597.676 596.171 596.43 596.383 596.483 596.268 596.022 596.399 596.484 596.5 596.526 596.485 596.519 596.53 596.495 596.534 596.534 596.539 596.576 596.553 596.494 596.499 596.51 596.537 596.491 596.571 596.452 596.461 596.384 596.27 596.026 596.43 
597.859 596.347 596.606 596.56 596.659 596.441 596.194 596.572 596.659 596.677 596.701 596.66 596.696 596.706 596.671 596.709 596.71 596.715 596.753 596.73 596.67 596.675 596.686 596.713 596.667 596.747 596.627 596.636 596.559 596.445 596.196 596.604 
598.036 596.515 596.777 596.73 596.828 596.609 596.359 596.739 596.828 596.847 596.869 596.827 596.866 596.875 596.841 596.879 596.881 596.884 596.923 596.9 596.839 596.845 596.855 596.882 596.837 596.916 596.796 596.806 596.727 596.614 596.361 596.771 
598.207 596.677 596.944 596.895 596.992 596.772 596.518 596.901 596.992 597.011 597.032 596.989 597.031 597.04 597.007 597.044 597.047 597.049 597.088 597.066 597.003 597.011 597.02 597.047 597.003 597.081 596.96 596.969 596.89 596.777 596.521 596.934 
598.374 596.834 597.107 597.055 597.152 596.931 596.674 597.059 597.152 597.17 597.192 597.146 597.192 597.2 597.169 597.206 597.209 597.208 597.249 597.227 597.162 597.174 597.18 597.208 597.163 597.241 597.12 597.128 597.048 596.936 596.679 597.093 
