568.15 568.15 568.15 568.15 568.15 568.15 568.15 568.15 568.15 568.15 568.15 568.15 568.15 568.15 568.15 568.15 568.15 568.15 568.15 568.15 568.15 568.15 568.15 568.15 568.15 568.15 568.15 568.15 568.15 568.15 568.15 568.15 
568.354 568.343 568.344 568.344 568.345 568.344 568.344 568.343 568.347 568.347 568.347 568.345 568.343 568.346 568.345 568.343 568.347 568.346 568.347 568.346 568.343 568.347 568.344 568.345 568.342 568.343 568.345 568.346 568.341 568.341 568.338 568.339 
568.564 568.541 568.543 568.543 568.546 568.543 568.544 568.542 568.549 568.549 568.548 568.546 568.542 568.548 568.547 568.541 568.55 568.547 568.549 568.547 568.542 568.549 568.545 568.546 568.54 568.543 568.544 568.546 568.537 568.537 568.531 568.534 
568.782 568.745 568.749 568.75 568.753 568.749 568.75 568.747 568.757 568.758 568.755 568.753 568.749 568.755 568.755 568.745 568.758 568.754 568.758 568.754 568.748 568.756 568.752 568.753 568.744 568.749 568.749 568.752 568.739 568.739 568.731 568.735 
569.007 568.956 568.962 568.963 568.967 568.961 568.963 568.96 568.972 568.973 568.968 568.967 568.964 568.97 568.97 568.957 568.972 568.968 568.974 568.967 568.961 568.97 568.967 568.967 568.955 568.963 568.961 568.964 568.948 568.949 568.938 568.943 
569.24 569.174 569.182 569.185 569.189 569.181 569.182 569.181 569.193 569.194 569.188 569.188 569.187 569.191 569.193 569.176 569.194 569.189 569.197 569.188 569.181 569.19 569.189 569.189 569.174 569.184 569.18 569.181 569.164 569.165 569.153 569.159 
569.48 569.399 569.41 569.413 569.417 569.408 569.408 569.409 569.421 569.423 569.414 569.416 569.418 569.419 569.422 569.403 569.422 569.418 569.428 569.416 569.41 569.416 569.418 569.417 569.4 569.412 569.406 569.406 569.386 569.389 569.375 569.383 
569.726 569.631 569.646 569.649 569.653 569.641 569.641 569.644 569.656 569.658 569.648 569.651 569.655 569.653 569.658 569.636 569.658 569.653 569.666 569.65 569.646 569.65 569.654 569.652 569.634 569.649 569.638 569.637 569.616 569.621 569.604 569.615 
569.98 569.871 569.888 569.892 569.896 569.882 569.88 569.887 569.898 569.901 569.888 569.893 569.897 569.894 569.9 569.878 569.899 569.896 569.909 569.891 569.889 569.89 569.896 569.892 569.874 569.892 569.876 569.875 569.852 569.858 569.841 569.854 
570.24 570.117 570.136 570.14 570.144 570.129 570.126 570.136 570.146 570.15 570.135 570.142 570.144 570.141 570.149 570.126 570.147 570.146 570.158 570.138 570.14 570.137 570.144 570.138 570.12 570.142 570.119 570.12 570.097 570.103 570.085 570.1 
570.506 570.371 570.389 570.395 570.399 570.382 570.378 570.391 570.402 570.405 570.389 570.398 570.397 570.394 570.404 570.38 570.401 570.402 570.413 570.39 570.396 570.39 570.399 570.39 570.373 570.399 570.368 570.372 570.348 570.353 570.334 570.353 
570.779 570.63 570.647 570.655 570.659 570.642 570.637 570.651 570.664 570.667 570.649 570.661 570.655 570.653 570.665 570.641 570.661 570.664 570.672 570.648 570.658 570.649 570.66 570.648 570.632 570.662 570.624 570.629 570.606 570.608 570.588 570.613 
571.059 570.894 570.911 570.921 570.925 570.908 570.902 570.917 570.932 570.934 570.916 570.929 570.921 570.918 570.932 570.908 570.927 570.931 570.938 570.912 570.926 570.915 570.926 570.913 570.897 570.93 570.886 570.892 570.87 570.87 570.847 570.879 
571.344 571.163 571.181 571.193 571.197 571.179 571.172 571.188 571.206 571.206 571.189 571.204 571.192 571.188 571.204 571.179 571.199 571.204 571.21 571.181 571.198 571.186 571.199 571.184 571.168 571.204 571.156 571.161 571.14 571.138 571.111 571.151 
571.633 571.436 571.456 571.47 571.475 571.457 571.448 571.465 571.486 571.484 571.468 571.484 571.47 571.465 571.48 571.456 571.476 571.483 571.489 571.455 571.476 571.463 571.477 571.461 571.445 571.483 571.432 571.434 571.416 571.412 571.381 571.428 
571.928 571.715 571.737 571.75 571.758 571.74 571.729 571.748 571.769 571.766 571.752 571.768 571.755 571.748 571.761 571.737 571.758 571.766 571.774 571.734 571.757 571.744 571.76 571.745 571.727 571.766 571.715 571.712 571.698 571.691 571.656 571.711 
572.227 571.998 572.023 572.035 572.047 572.029 572.016 572.035 572.058 572.053 572.041 572.058 572.044 572.037 572.048 572.023 572.044 572.053 572.063 572.019 572.044 572.031 572.049 572.034 572.015 572.054 572.002 571.997 571.984 571.976 571.937 571.999 
572.531 572.286 572.315 572.324 572.341 572.323 572.308 572.327 572.35 572.345 572.336 572.351 572.34 572.332 572.339 572.314 572.334 572.345 572.357 572.308 572.334 572.321 572.342 572.329 572.306 572.345 572.294 572.286 572.275 572.266 572.223 572.292 
572.839 572.578 572.611 572.619 572.64 572.621 572.604 572.624 572.646 572.64 572.634 572.647 572.64 572.631 572.635 572.61 572.628 572.641 572.654 572.603 572.629 572.616 572.639 572.627 572.602 572.641 572.589 572.58 572.569 572.559 572.513 572.59 
573.152 572.875 572.912 572.918 572.942 572.923 572.905 572.925 572.946 572.94 572.936 572.947 572.943 572.934 572.935 572.91 572.927 572.943 572.954 572.902 572.927 572.914 572.94 572.93 572.902 572.94 572.888 572.88 572.867 572.856 572.808 572.892 
573.468 573.175 573.218 573.221 573.247 573.228 573.209 573.229 573.249 573.244 573.242 573.251 573.251 573.241 573.239 573.215 573.229 573.249 573.258 573.207 573.23 573.216 573.244 573.236 573.206 573.245 573.192 573.184 573.168 573.156 573.105 573.197 
573.787 573.479 573.528 573.53 573.556 573.536 573.517 573.535 573.557 573.552 573.551 573.558 573.561 573.551 573.548 573.523 573.536 573.559 573.565 573.515 573.536 573.522 573.551 573.545 573.514 573.553 573.499 573.491 573.474 573.46 573.406 573.505 
574.109 573.786 573.843 573.842 573.868 573.846 573.828 573.845 573.868 573.864 573.863 573.869 573.874 573.865 573.859 573.834 573.846 573.872 573.876 573.826 573.846 573.831 573.862 573.858 573.825 573.866 573.81 573.802 573.783 573.768 573.709 573.816 
574.433 574.097 574.161 574.158 574.183 574.159 574.142 574.156 574.184 574.178 574.177 574.184 574.19 574.182 574.174 574.149 574.16 574.188 574.191 574.14 574.159 574.144 574.176 574.173 574.14 574.182 574.124 574.115 574.096 574.079 574.015 574.13 
574.76 574.411 574.482 574.476 574.501 574.475 574.458 574.471 574.502 574.495 574.493 574.501 574.508 574.501 574.492 574.466 574.476 574.505 574.509 574.456 574.475 574.461 574.492 574.491 574.457 574.5 574.44 574.43 574.412 574.393 574.324 574.446 
575.091 574.728 574.805 574.796 574.823 574.794 574.778 574.788 574.823 574.814 574.813 574.821 574.83 574.821 574.813 574.786 574.795 574.825 574.83 574.774 574.793 574.781 574.811 574.812 574.775 574.82 574.758 574.747 574.729 574.708 574.636 574.765 
575.425 575.048 575.13 575.118 575.147 575.116 575.099 575.108 575.146 575.135 575.135 575.143 575.153 575.143 575.136 575.108 575.117 575.148 575.153 575.095 575.113 575.105 575.132 575.135 575.094 575.143 575.078 575.067 575.049 575.026 574.952 575.085 
575.763 575.37 575.455 575.44 575.475 575.44 575.422 575.431 575.471 575.458 575.46 575.467 575.478 575.465 575.462 575.431 575.44 575.474 575.478 575.419 575.436 575.43 575.455 575.459 575.416 575.468 575.399 575.391 575.37 575.345 575.27 575.407 
576.104 575.694 575.781 575.762 575.803 575.768 575.747 575.755 575.797 575.784 575.789 575.792 575.805 575.789 575.789 575.755 575.765 575.802 575.805 575.746 575.761 575.758 575.781 575.785 575.741 575.795 575.722 575.716 575.695 575.664 575.59 575.731 
576.446 576.02 576.108 576.086 576.133 576.097 576.074 576.082 576.126 576.112 576.12 576.119 576.133 576.116 576.118 576.08 576.092 576.132 576.134 576.075 576.088 576.086 576.109 576.112 576.068 576.124 576.047 576.044 576.023 575.985 575.913 576.057 
576.789 576.347 576.436 576.41 576.464 576.427 576.404 576.41 576.457 576.442 576.453 576.447 576.462 576.444 576.449 576.408 576.422 576.463 576.465 576.405 576.417 576.416 576.44 576.44 576.396 576.454 576.374 576.373 576.354 576.308 576.238 576.386 
577.133 576.674 576.766 576.735 576.796 576.758 576.735 576.739 576.789 576.774 576.788 576.776 576.792 576.775 576.781 576.738 576.753 576.794 576.797 576.737 576.746 576.746 576.772 576.771 576.726 576.786 576.703 576.704 576.687 576.634 576.564 576.718 
577.478 577.003 577.098 577.063 577.129 577.089 577.068 577.07 577.123 577.108 577.123 577.108 577.124 577.107 577.114 577.071 577.087 577.126 577.129 577.07 577.077 577.079 577.105 577.102 577.057 577.119 577.034 577.036 577.021 576.962 576.892 577.052 
577.825 577.332 577.431 577.393 577.463 577.421 577.403 577.402 577.457 577.444 577.458 577.442 577.457 577.44 577.447 577.406 577.422 577.459 577.463 577.404 577.408 577.413 577.439 577.435 577.389 577.453 577.366 577.369 577.356 577.293 577.221 577.387 
578.172 577.662 577.766 577.726 577.798 577.754 577.739 577.736 577.793 577.781 577.793 577.777 577.791 577.775 577.781 577.744 577.757 577.794 577.797 577.74 577.741 577.748 577.774 577.769 577.724 577.788 577.701 577.704 577.691 577.625 577.55 577.723 
578.521 577.993 578.102 578.061 578.132 578.089 578.076 578.071 578.13 578.119 578.128 578.114 578.126 578.11 578.116 578.082 578.093 578.129 578.133 578.077 578.075 578.084 578.109 578.102 578.06 578.123 578.036 578.04 578.027 577.958 577.88 578.059 
578.872 578.324 578.44 578.398 578.468 578.425 578.415 578.406 578.467 578.457 578.464 578.45 578.463 578.446 578.45 578.421 578.429 578.464 578.469 578.415 578.411 578.421 578.445 578.437 578.398 578.459 578.373 578.377 578.363 578.291 578.211 578.396 
579.223 578.655 578.778 578.734 578.804 578.763 578.754 578.743 578.804 578.795 578.8 578.787 578.8 578.784 578.785 578.761 578.766 578.8 578.807 578.754 578.748 578.758 578.782 578.772 578.738 578.796 578.711 578.715 578.699 578.625 578.543 578.734 
579.575 578.987 579.117 579.07 579.141 579.101 579.094 579.08 579.142 579.133 579.136 579.125 579.138 579.123 579.121 579.101 579.103 579.136 579.146 579.093 579.085 579.096 579.119 579.107 579.077 579.134 579.05 579.054 579.036 578.959 578.874 579.073 
579.927 579.322 579.455 579.407 579.479 579.44 579.434 579.418 579.48 579.471 579.472 579.463 579.477 579.463 579.457 579.441 579.441 579.473 579.485 579.433 579.423 579.434 579.456 579.443 579.416 579.472 579.389 579.394 579.372 579.293 579.205 579.413 
580.28 579.657 579.792 579.743 579.818 579.778 579.773 579.757 579.819 579.808 579.809 579.801 579.816 579.802 579.795 579.781 579.78 579.811 579.826 579.772 579.761 579.772 579.795 579.78 579.755 579.812 579.728 579.734 579.708 579.627 579.536 579.755 
580.632 579.993 580.128 580.079 580.158 580.115 580.111 580.095 580.159 580.145 580.145 580.14 580.155 580.142 580.134 580.121 580.12 580.149 580.167 580.11 580.1 580.109 580.133 580.117 580.091 580.151 580.068 580.073 580.045 579.961 579.866 580.097 
580.983 580.328 580.465 580.415 580.498 580.451 580.45 580.433 580.498 580.482 580.483 580.48 580.494 580.48 580.474 580.462 580.46 580.487 580.508 580.446 580.438 580.446 580.471 580.454 580.427 580.489 580.408 580.413 580.382 580.296 580.197 580.438 
581.334 580.663 580.802 580.751 580.838 580.787 580.788 580.77 580.838 580.819 580.821 580.819 580.832 580.817 580.814 580.802 580.801 580.826 580.85 580.782 580.777 580.783 580.808 580.791 580.761 580.828 580.748 580.752 580.72 580.631 580.527 580.778 
581.685 580.997 581.139 581.087 581.177 581.122 581.126 581.106 581.177 581.156 581.16 581.159 581.169 581.155 581.154 581.142 581.141 581.164 581.191 581.119 581.116 581.12 581.144 581.129 581.094 581.166 581.089 581.09 581.058 580.966 580.858 581.116 
582.037 581.329 581.476 581.423 581.514 581.459 581.463 581.442 581.515 581.494 581.5 581.497 581.506 581.493 581.493 581.482 581.48 581.502 581.532 581.458 581.456 581.458 581.48 581.466 581.428 581.504 581.428 581.429 581.395 581.302 581.191 581.454 
582.39 581.661 581.814 581.759 581.849 581.796 581.799 581.778 581.853 581.831 581.84 581.835 581.843 581.831 581.832 581.821 581.818 581.84 581.872 581.797 581.796 581.796 581.816 581.804 581.762 581.844 581.768 581.767 581.733 581.638 581.524 581.793 
582.744 581.991 582.15 582.095 582.185 582.133 582.134 582.114 582.189 582.168 582.179 582.172 582.179 582.168 582.171 582.159 582.156 582.178 582.212 582.137 582.136 582.135 582.152 582.141 582.098 582.184 582.106 582.104 582.072 581.974 581.857 582.131 
583.096 582.322 582.486 582.433 582.52 582.47 582.468 582.451 582.525 582.504 582.517 582.509 582.514 582.505 582.51 582.498 582.493 582.516 582.55 582.477 582.475 582.474 582.49 582.479 582.435 582.524 582.444 582.441 582.41 582.31 582.191 582.47 
583.447 582.652 582.822 582.77 582.856 582.807 582.803 582.787 582.86 582.839 582.853 582.845 582.848 582.842 582.85 582.836 582.829 582.853 582.888 582.817 582.813 582.812 582.828 582.818 582.772 582.865 582.781 582.779 582.748 582.646 582.524 582.809 
583.797 582.983 583.157 583.108 583.191 583.142 583.139 583.124 583.196 583.173 583.189 583.181 583.181 583.178 583.19 583.175 583.165 583.19 583.226 583.156 583.151 583.15 583.167 583.157 583.11 583.205 583.118 583.117 583.087 582.981 582.857 583.147 
584.146 583.314 583.493 583.445 583.527 583.477 583.476 583.46 583.533 583.507 583.524 583.518 583.514 583.514 583.531 583.515 583.501 583.528 583.563 583.495 583.489 583.489 583.506 583.496 583.446 583.544 583.454 583.454 583.425 583.315 583.189 583.483 
584.494 583.645 583.829 583.783 583.861 583.811 583.814 583.796 583.869 583.842 583.859 583.855 583.846 583.85 583.871 583.855 583.836 583.865 583.901 583.833 583.827 583.826 583.844 583.835 583.782 583.882 583.789 583.791 583.762 583.65 583.522 583.819 
584.842 583.977 584.164 584.12 584.195 584.146 584.153 584.131 584.206 584.177 584.194 584.191 584.179 584.186 584.21 584.195 584.171 584.203 584.239 584.171 584.165 584.164 584.181 584.172 584.117 584.218 584.123 584.127 584.099 583.984 583.853 584.153 
585.19 584.308 584.5 584.457 584.527 584.482 584.49 584.465 584.542 584.512 584.529 584.525 584.512 584.521 584.548 584.534 584.507 584.541 584.577 584.508 584.502 584.5 584.516 584.509 584.453 584.554 584.456 584.462 584.434 584.318 584.184 584.486 
585.539 584.639 584.835 584.793 584.859 584.819 584.827 584.799 584.877 584.848 584.864 584.859 584.847 584.856 584.884 584.871 584.843 584.877 584.915 584.844 584.838 584.836 584.851 584.845 584.79 584.89 584.789 584.797 584.768 584.65 584.515 584.819 
585.888 584.969 585.17 585.129 585.191 585.155 585.162 585.132 585.211 585.182 585.198 585.192 585.181 585.191 585.218 585.208 585.18 585.212 585.252 585.179 585.174 585.171 585.185 585.18 585.126 585.226 585.121 585.13 585.101 584.981 584.844 585.15 
586.237 585.297 585.505 585.463 585.522 585.49 585.497 585.465 585.545 585.516 585.532 585.525 585.514 585.526 585.55 585.543 585.516 585.545 585.589 585.514 585.509 585.506 585.519 585.514 585.463 585.56 585.454 585.463 585.433 585.311 585.172 585.481 
586.584 585.625 585.839 585.796 585.854 585.824 585.829 585.798 585.877 585.848 585.865 585.858 585.845 585.861 585.881 585.877 585.852 585.877 585.924 585.849 585.843 585.84 585.852 585.849 585.799 585.895 585.787 585.795 585.765 585.64 585.499 585.811 
586.931 585.952 586.173 586.129 586.184 586.156 586.16 586.129 586.208 586.18 586.196 586.189 586.176 586.195 586.21 586.21 586.186 586.208 586.258 586.184 586.176 586.174 586.186 586.183 586.134 586.228 586.119 586.128 586.097 585.97 585.826 586.14 
587.276 586.28 586.505 586.46 586.514 586.488 586.49 586.459 586.538 586.511 586.527 586.519 586.506 586.529 586.538 586.541 586.52 586.538 586.591 586.518 586.507 586.507 586.518 586.518 586.468 586.56 586.451 586.46 586.428 586.3 586.152 586.47 
587.62 586.606 586.836 586.79 586.843 586.818 586.818 586.788 586.867 586.842 586.857 586.848 586.836 586.861 586.865 586.872 586.853 586.868 586.922 586.851 586.838 586.838 586.849 586.852 586.802 586.892 586.784 586.792 586.76 586.63 586.478 586.799 
587.962 586.932 587.165 587.118 587.172 587.146 587.146 587.117 587.196 587.173 587.187 587.176 587.166 587.192 587.191 587.201 587.185 587.197 587.253 587.183 587.167 587.168 587.179 587.184 587.134 587.222 587.116 587.123 587.09 586.961 586.803 587.128 
588.303 587.255 587.492 587.446 587.499 587.474 587.472 587.445 587.524 587.503 587.516 587.504 587.496 587.521 587.518 587.53 587.515 587.524 587.581 587.514 587.495 587.497 587.507 587.514 587.465 587.551 587.447 587.452 587.42 587.29 587.126 587.455 
588.641 587.577 587.818 587.772 587.825 587.8 587.798 587.772 587.85 587.832 587.844 587.831 587.825 587.85 587.844 587.858 587.843 587.851 587.908 587.844 587.821 587.825 587.832 587.841 587.794 587.88 587.776 587.779 587.747 587.617 587.448 587.781 
588.978 587.896 588.141 588.096 588.151 588.124 588.122 588.097 588.175 588.158 588.171 588.157 588.153 588.177 588.169 588.185 588.169 588.175 588.233 588.172 588.146 588.152 588.156 588.166 588.121 588.208 588.102 588.103 588.073 587.942 587.77 588.106 
589.314 588.214 588.462 588.42 588.475 588.447 588.445 588.421 588.498 588.483 588.497 588.482 588.478 588.502 588.494 588.511 588.493 588.498 588.557 588.5 588.469 588.477 588.478 588.489 588.447 588.534 588.426 588.426 588.395 588.266 588.09 588.43 
589.648 588.53 588.78 588.741 588.797 588.767 588.766 588.742 588.819 588.805 588.819 588.804 588.8 588.824 588.817 588.836 588.815 588.819 588.878 588.827 588.791 588.8 588.8 588.811 588.771 588.858 588.748 588.746 588.716 588.587 588.408 588.753 
589.981 588.846 589.096 589.06 589.118 589.086 589.086 589.061 589.138 589.125 589.139 589.124 589.12 589.144 589.137 589.159 589.136 589.139 589.198 589.152 589.112 589.122 589.12 589.13 589.093 589.179 589.069 589.063 589.033 588.906 588.725 589.074 
590.312 589.159 589.41 589.377 589.436 589.403 589.404 589.377 589.456 589.443 589.456 589.442 589.437 589.461 589.455 589.481 589.455 589.456 589.517 589.475 589.43 589.441 589.439 589.448 589.413 589.498 589.387 589.38 589.348 589.223 589.038 589.393 
590.642 589.472 589.723 589.692 589.751 589.719 589.721 589.691 589.771 589.757 589.769 589.757 589.753 589.776 589.77 589.799 589.771 589.772 589.833 589.796 589.746 589.757 589.757 589.763 589.73 589.814 589.704 589.694 589.662 589.538 589.349 589.709 
590.969 589.783 590.034 590.003 590.064 590.032 590.035 590.001 590.083 590.07 590.08 590.069 590.068 590.088 590.082 590.115 590.084 590.087 590.147 590.114 590.06 590.07 590.074 590.076 590.045 590.128 590.018 590.007 589.973 589.85 589.658 590.022 
591.294 590.092 590.343 590.312 590.373 590.343 590.348 590.31 590.394 590.381 590.389 590.378 590.381 590.397 590.39 590.427 590.395 590.399 590.457 590.428 590.371 590.38 590.389 590.386 590.356 590.439 590.329 590.319 590.283 590.16 589.964 590.333 
591.616 590.397 590.65 590.619 590.681 590.651 590.657 590.615 590.702 590.69 590.697 590.685 590.691 590.704 590.695 590.736 590.703 590.708 590.765 590.739 590.679 590.687 590.7 590.694 590.665 590.748 590.637 590.629 590.59 590.467 590.269 590.642 
591.935 590.699 590.953 590.924 590.986 590.956 590.964 590.919 591.008 590.998 591.001 590.989 590.998 591.009 590.998 591.042 591.007 591.014 591.069 591.046 590.984 590.991 591.007 591 590.971 591.053 590.941 590.937 590.895 590.772 590.571 590.948 
592.249 590.998 591.254 591.225 591.288 591.259 591.267 591.22 591.31 591.303 591.304 591.29 591.303 591.312 591.297 591.344 591.309 591.316 591.37 591.349 591.286 591.292 591.309 591.302 591.273 591.356 591.241 591.241 591.196 591.073 590.871 591.25 
592.558 591.292 591.551 591.524 591.587 591.558 591.567 591.518 591.609 591.604 591.603 591.588 591.604 591.611 591.594 591.643 591.609 591.615 591.667 591.647 591.584 591.589 591.608 591.602 591.573 591.656 591.537 591.541 591.494 591.37 591.167 591.549 
592.863 591.584 591.844 591.817 591.881 591.854 591.862 591.812 591.903 591.9 591.898 591.882 591.9 591.905 591.888 591.936 591.905 591.91 591.961 591.94 591.878 591.883 591.903 591.898 591.868 591.953 591.83 591.837 591.788 591.663 591.46 591.843 
593.164 591.871 592.134 592.106 592.172 592.145 592.152 592.103 592.194 592.192 592.189 592.173 592.191 592.195 592.179 592.225 592.198 592.202 592.25 592.229 592.168 592.173 592.194 592.191 592.16 592.246 592.12 592.13 592.079 591.951 591.75 592.133 
593.462 592.155 592.418 592.389 592.458 592.431 592.437 592.391 592.479 592.478 592.476 592.459 592.478 592.481 592.466 592.509 592.486 592.49 592.537 592.512 592.454 592.458 592.481 592.479 592.447 592.534 592.406 592.418 592.366 592.236 592.035 592.418 
593.755 592.435 592.698 592.666 592.739 592.713 592.718 592.673 592.76 592.76 592.758 592.74 592.761 592.762 592.749 592.788 592.77 592.774 592.82 592.791 592.736 592.739 592.765 592.762 592.729 592.819 592.689 592.702 592.65 592.518 592.316 592.698 
594.045 592.711 592.972 592.939 593.016 592.989 592.995 592.95 593.036 593.036 593.037 593.016 593.039 593.04 593.027 593.063 593.049 593.055 593.1 593.067 593.014 593.017 593.044 593.043 593.007 593.098 592.967 592.981 592.929 592.796 592.593 592.975 
594.33 592.982 593.242 593.208 593.288 593.261 593.268 593.223 593.307 593.307 593.311 593.288 593.313 593.313 593.301 593.334 593.323 593.331 593.375 593.339 593.288 593.29 593.319 593.319 593.28 593.373 593.241 593.256 593.203 593.07 592.864 593.247 
594.612 593.249 593.508 593.471 593.556 593.529 593.538 593.49 593.573 593.574 593.581 593.554 593.583 593.582 593.57 593.601 593.592 593.602 593.646 593.607 593.557 593.56 593.588 593.591 593.548 593.642 593.51 593.526 593.472 593.34 593.131 593.516 
594.888 593.511 593.769 593.73 593.82 593.792 593.802 593.751 593.834 593.836 593.847 593.816 593.848 593.846 593.833 593.863 593.856 593.869 593.91 593.871 593.822 593.824 593.853 593.858 593.811 593.906 593.773 593.79 593.734 593.606 593.392 593.779 
595.159 593.768 594.026 593.983 594.077 594.051 594.061 594.007 594.09 594.094 594.106 594.072 594.107 594.105 594.091 594.119 594.114 594.129 594.169 594.13 594.08 594.083 594.111 594.12 594.07 594.164 594.031 594.049 593.991 593.865 593.648 594.036 
595.424 594.018 594.277 594.232 594.329 594.304 594.314 594.257 594.34 594.347 594.36 594.324 594.361 594.359 594.342 594.371 594.367 594.384 594.421 594.382 594.332 594.337 594.364 594.376 594.323 594.416 594.283 594.301 594.24 594.119 593.898 594.288 
595.682 594.263 594.524 594.475 594.575 594.551 594.56 594.501 594.584 594.594 594.607 594.57 594.607 594.608 594.588 594.617 594.614 594.633 594.667 594.628 594.578 594.584 594.611 594.625 594.57 594.661 594.531 594.548 594.484 594.365 594.143 594.532 
595.934 594.501 594.765 594.713 594.815 594.792 594.8 594.74 594.822 594.834 594.848 594.81 594.848 594.849 594.827 594.857 594.855 594.875 594.907 594.869 594.818 594.825 594.851 594.866 594.811 594.9 594.773 594.788 594.722 594.604 594.381 594.771 
596.179 594.733 594.999 594.945 595.048 595.027 595.033 594.972 595.054 595.068 595.082 595.045 595.081 595.085 595.059 595.092 595.09 595.11 595.141 595.103 595.052 595.058 595.084 595.1 595.046 595.132 595.009 595.022 594.954 594.836 594.613 595.003 
596.416 594.958 595.226 595.17 595.275 595.255 595.259 595.199 595.28 595.295 595.31 595.273 595.308 595.313 595.285 595.321 595.319 595.337 595.368 595.331 595.279 595.285 595.311 595.326 595.275 595.359 595.239 595.249 595.18 595.062 594.837 595.229 
596.645 595.178 595.446 595.389 595.495 595.476 595.478 595.418 595.498 595.514 595.531 595.494 595.528 595.535 595.503 595.543 595.54 595.556 595.587 595.554 595.499 595.506 595.529 595.546 595.496 595.579 595.461 595.47 595.399 595.281 595.055 595.449 
596.867 595.391 595.657 595.602 595.707 595.69 595.689 595.631 595.71 595.726 595.745 595.707 595.741 595.75 595.716 595.757 595.755 595.768 595.8 595.769 595.713 595.719 595.74 595.758 595.711 595.792 595.675 595.683 595.61 595.493 595.265 595.661 
597.081 595.598 595.861 595.808 595.912 595.895 595.893 595.835 595.915 595.931 595.952 595.914 595.947 595.957 595.921 595.963 595.962 595.971 596.005 595.977 595.92 595.926 595.944 595.964 595.917 595.998 595.882 595.889 595.814 595.699 595.468 595.865 
597.288 595.797 596.058 596.007 596.11 596.092 596.09 596.031 596.112 596.128 596.151 596.113 596.145 596.156 596.12 596.161 596.161 596.168 596.203 596.177 596.119 596.125 596.14 596.163 596.116 596.196 596.08 596.087 596.011 595.897 595.663 596.061 
597.486 595.988 596.247 596.199 596.3 596.281 596.279 596.22 596.301 596.317 596.342 596.303 596.335 596.347 596.311 596.351 596.351 596.357 596.393 596.369 596.31 596.316 596.329 596.354 596.307 596.387 596.27 596.278 596.2 596.087 595.849 596.249 
597.676 596.171 596.43 596.383 596.483 596.462 596.461 596.4 596.484 596.5 596.525 596.486 596.518 596.529 596.495 596.533 596.535 596.539 596.577 596.553 596.494 596.499 596.511 596.537 596.491 596.57 596.453 596.461 596.383 596.27 596.027 596.43 
597.859 596.347 596.606 596.56 596.659 596.637 596.635 596.573 596.659 596.677 596.7 596.661 596.695 596.705 596.671 596.708 596.711 596.715 596.754 596.73 596.67 596.675 596.687 596.713 596.667 596.746 596.628 596.636 596.558 596.445 596.197 596.604 
598.036 596.515 596.777 596.73 596.828 596.806 596.803 596.74 596.828 596.847 596.868 596.828 596.865 596.874 596.841 596.878 596.882 596.884 596.924 596.9 596.839 596.845 596.856 596.882 596.838 596.915 596.797 596.806 596.726 596.614 596.362 596.772 
598.208 596.677 596.944 596.895 596.992 596.97 596.965 596.902 596.992 597.011 597.031 596.99 597.03 597.039 597.007 597.043 597.048 597.049 597.089 597.066 597.003 597.011 597.021 597.047 597.003 597.08 596.961 596.969 596.889 596.777 596.522 596.935 
598.374 596.834 597.107 597.055 597.152 597.131 597.123 597.06 597.152 597.17 597.19 597.147 597.191 597.199 597.169 597.205 597.21 597.208 597.25 597.227 597.162 597.174 597.181 597.208 597.163 597.24 597.121 597.128 597.047 596.936 596.68 597.094 
