568.15 568.15 568.15 568.15 568.15 568.15 568.15 568.15 568.15 568.15 568.15 568.15 568.15 568.15 568.15 568.15 568.15 568.15 568.15 568.15 568.15 568.15 568.15 568.15 568.15 568.15 568.15 568.15 568.15 568.15 568.15 568.15 
568.353 568.34 568.341 568.34 568.342 568.34 568.341 568.34 568.344 568.344 568.343 568.342 568.34 568.343 568.342 568.339 568.344 568.343 568.343 568.342 568.34 568.344 568.341 568.342 568.339 568.34 568.341 568.342 568.337 568.338 568.335 568.338 
568.562 568.535 568.537 568.537 568.539 568.536 568.538 568.535 568.543 568.543 568.542 568.539 568.536 568.541 568.54 568.534 568.543 568.541 568.542 568.54 568.536 568.542 568.538 568.539 568.533 568.536 568.537 568.54 568.53 568.53 568.525 568.531 
568.778 568.735 568.739 568.74 568.743 568.739 568.74 568.738 568.747 568.748 568.745 568.743 568.739 568.746 568.745 568.735 568.748 568.745 568.748 568.744 568.738 568.746 568.742 568.743 568.734 568.739 568.739 568.742 568.729 568.73 568.721 568.731 
569.002 568.943 568.949 568.95 568.954 568.948 568.95 568.947 568.959 568.96 568.955 568.954 568.951 568.957 568.957 568.944 568.959 568.955 568.961 568.954 568.948 568.957 568.954 568.954 568.942 568.95 568.948 568.951 568.935 568.936 568.925 568.938 
569.234 569.158 569.166 569.168 569.173 569.164 569.166 569.164 569.176 569.178 569.172 569.172 569.171 569.175 569.176 569.16 569.178 569.173 569.181 569.172 569.165 569.173 569.173 569.172 569.158 569.168 569.164 569.165 569.148 569.149 569.136 569.153 
569.472 569.38 569.391 569.394 569.398 569.388 569.389 569.389 569.401 569.403 569.395 569.397 569.399 569.399 569.403 569.383 569.403 569.398 569.408 569.396 569.39 569.397 569.398 569.397 569.381 569.393 569.387 569.386 569.367 569.37 569.355 569.376 
569.718 569.609 569.623 569.627 569.631 569.619 569.618 569.622 569.633 569.636 569.625 569.629 569.632 569.631 569.635 569.614 569.635 569.631 569.643 569.628 569.623 569.627 569.631 569.629 569.611 569.626 569.616 569.614 569.593 569.598 569.582 569.606 
569.97 569.845 569.862 569.866 569.87 569.856 569.855 569.861 569.872 569.875 569.863 569.868 569.871 569.868 569.874 569.852 569.873 569.87 569.883 569.865 569.864 569.864 569.87 569.866 569.848 569.866 569.85 569.849 569.827 569.833 569.815 569.844 
570.228 570.089 570.107 570.111 570.115 570.1 570.097 570.107 570.117 570.121 570.106 570.113 570.115 570.112 570.12 570.097 570.118 570.117 570.129 570.109 570.111 570.108 570.115 570.109 570.091 570.113 570.09 570.091 570.068 570.074 570.056 570.088 
570.494 570.339 570.357 570.362 570.366 570.35 570.346 570.358 570.37 570.373 570.357 570.366 570.364 570.362 570.372 570.348 570.368 570.369 570.38 570.358 570.364 570.357 570.367 570.358 570.341 570.367 570.336 570.34 570.316 570.32 570.301 570.34 
570.766 570.595 570.612 570.62 570.623 570.607 570.601 570.615 570.629 570.631 570.614 570.625 570.62 570.618 570.63 570.606 570.625 570.628 570.637 570.613 570.623 570.614 570.624 570.613 570.597 570.626 570.588 570.594 570.57 570.573 570.552 570.598 
571.044 570.856 570.872 570.883 570.886 570.869 570.863 570.878 570.894 570.895 570.877 570.891 570.882 570.879 570.893 570.869 570.888 570.893 570.9 570.873 570.887 570.876 570.888 570.874 570.859 570.892 570.848 570.854 570.831 570.832 570.808 570.863 
571.328 571.121 571.139 571.151 571.155 571.137 571.13 571.146 571.164 571.164 571.147 571.162 571.151 571.147 571.162 571.137 571.157 571.163 571.169 571.139 571.156 571.144 571.157 571.142 571.126 571.162 571.114 571.119 571.098 571.096 571.07 571.134 
571.616 571.391 571.411 571.425 571.43 571.411 571.403 571.42 571.44 571.439 571.423 571.439 571.425 571.42 571.435 571.411 571.431 571.438 571.444 571.41 571.43 571.418 571.432 571.416 571.4 571.438 571.387 571.389 571.371 571.367 571.336 571.41 
571.91 571.666 571.689 571.702 571.71 571.691 571.681 571.699 571.721 571.718 571.704 571.72 571.706 571.7 571.713 571.689 571.709 571.717 571.726 571.686 571.709 571.696 571.712 571.697 571.679 571.718 571.666 571.664 571.649 571.643 571.608 571.691 
572.208 571.946 571.972 571.984 571.996 571.977 571.964 571.984 572.006 572.002 571.99 572.006 571.993 571.986 571.996 571.972 571.992 572.002 572.012 571.967 571.992 571.979 571.997 571.983 571.963 572.003 571.951 571.945 571.933 571.925 571.885 571.978 
572.51 572.231 572.26 572.27 572.286 572.268 572.253 572.273 572.295 572.29 572.281 572.296 572.285 572.277 572.284 572.26 572.279 572.29 572.302 572.253 572.279 572.267 572.287 572.274 572.252 572.291 572.239 572.231 572.22 572.211 572.168 572.27 
572.817 572.521 572.553 572.561 572.582 572.563 572.546 572.566 572.588 572.582 572.576 572.59 572.582 572.573 572.577 572.552 572.571 572.584 572.596 572.545 572.571 572.558 572.581 572.569 572.544 572.583 572.531 572.522 572.511 572.501 572.455 572.567 
573.128 572.814 572.851 572.857 572.881 572.862 572.844 572.864 572.885 572.879 572.875 572.886 572.883 572.873 572.874 572.849 572.866 572.882 572.893 572.841 572.866 572.853 572.879 572.868 572.841 572.879 572.827 572.819 572.806 572.795 572.746 572.868 
573.443 573.111 573.154 573.157 573.183 573.164 573.145 573.164 573.185 573.18 573.178 573.187 573.186 573.177 573.175 573.15 573.165 573.184 573.193 573.143 573.165 573.152 573.18 573.171 573.141 573.18 573.127 573.119 573.104 573.092 573.041 573.171 
573.761 573.411 573.461 573.462 573.489 573.468 573.449 573.468 573.489 573.485 573.484 573.491 573.493 573.484 573.48 573.455 573.468 573.491 573.497 573.448 573.469 573.455 573.484 573.477 573.446 573.486 573.432 573.424 573.407 573.393 573.338 573.478 
574.082 573.715 573.772 573.771 573.797 573.775 573.757 573.774 573.797 573.793 573.792 573.799 573.803 573.794 573.788 573.764 573.775 573.801 573.805 573.756 573.775 573.761 573.791 573.787 573.755 573.796 573.74 573.731 573.713 573.697 573.638 573.788 
574.405 574.023 574.087 574.084 574.109 574.085 574.067 574.083 574.11 574.104 574.103 574.11 574.116 574.108 574.1 574.075 574.086 574.114 574.117 574.066 574.085 574.071 574.102 574.099 574.066 574.108 574.05 574.041 574.023 574.005 573.941 574.1 
574.731 574.334 574.405 574.399 574.424 574.398 574.381 574.394 574.425 574.418 574.416 574.424 574.431 574.424 574.415 574.389 574.399 574.428 574.432 574.379 574.398 574.384 574.415 574.414 574.379 574.423 574.363 574.353 574.335 574.315 574.247 574.415 
575.06 574.648 574.725 574.716 574.742 574.713 574.697 574.708 574.742 574.733 574.732 574.741 574.75 574.741 574.733 574.706 574.715 574.745 574.749 574.694 574.712 574.701 574.73 574.731 574.694 574.74 574.678 574.667 574.649 574.628 574.556 574.732 
575.393 574.965 575.046 575.034 575.064 575.032 575.015 575.025 575.062 575.051 575.051 575.06 575.07 575.059 575.053 575.024 575.033 575.065 575.069 575.012 575.029 575.021 575.048 575.051 575.011 575.059 574.994 574.984 574.965 574.942 574.868 575.051 
575.73 575.284 575.368 575.353 575.388 575.353 575.335 575.344 575.384 575.371 575.374 575.38 575.392 575.379 575.375 575.344 575.353 575.387 575.391 575.332 575.349 575.344 575.369 575.372 575.33 575.381 575.312 575.304 575.284 575.258 575.183 575.372 
576.069 575.605 575.691 575.672 575.713 575.678 575.657 575.665 575.707 575.694 575.699 575.702 575.715 575.7 575.699 575.665 575.675 575.712 575.715 575.656 575.671 575.668 575.691 575.695 575.651 575.705 575.632 575.626 575.605 575.574 575.5 575.695 
576.41 575.927 576.014 575.992 576.04 576.003 575.981 575.989 576.033 576.019 576.027 576.025 576.04 576.023 576.025 575.987 575.999 576.039 576.041 575.982 575.995 575.993 576.016 576.018 575.975 576.031 575.954 575.951 575.93 575.892 575.82 576.02 
576.752 576.251 576.34 576.313 576.368 576.33 576.307 576.313 576.36 576.346 576.357 576.35 576.366 576.348 576.353 576.312 576.325 576.366 576.369 576.309 576.32 576.32 576.343 576.344 576.3 576.358 576.278 576.277 576.258 576.212 576.142 576.348 
577.095 576.575 576.667 576.635 576.697 576.658 576.635 576.639 576.689 576.674 576.688 576.677 576.693 576.676 576.682 576.639 576.653 576.695 576.697 576.637 576.646 576.647 576.672 576.671 576.626 576.686 576.604 576.604 576.587 576.535 576.465 576.678 
577.439 576.9 576.995 576.96 577.027 576.986 576.965 576.967 577.019 577.005 577.02 577.005 577.021 577.004 577.011 576.968 576.984 577.024 577.026 576.967 576.974 576.977 577.002 576.999 576.954 577.016 576.931 576.933 576.918 576.86 576.789 577.011 
577.784 577.227 577.325 577.287 577.357 577.314 577.296 577.296 577.351 577.338 577.352 577.336 577.351 577.334 577.342 577.301 577.316 577.353 577.357 577.298 577.302 577.307 577.333 577.329 577.283 577.347 577.26 577.263 577.25 577.187 577.115 577.345 
578.131 577.553 577.657 577.617 577.688 577.645 577.629 577.627 577.684 577.672 577.684 577.668 577.682 577.665 577.672 577.635 577.648 577.684 577.688 577.631 577.632 577.639 577.665 577.659 577.614 577.678 577.591 577.595 577.582 577.515 577.441 577.679 
578.478 577.881 577.99 577.949 578.02 577.976 577.963 577.958 578.017 578.006 578.016 578.001 578.014 577.997 578.003 577.97 577.981 578.016 578.02 577.964 577.963 577.972 577.997 577.99 577.948 578.01 577.924 577.927 577.915 577.845 577.768 578.014 
578.827 578.208 578.324 578.282 578.352 578.309 578.299 578.291 578.351 578.341 578.348 578.335 578.347 578.331 578.335 578.306 578.314 578.349 578.354 578.299 578.295 578.305 578.33 578.321 578.283 578.343 578.258 578.261 578.248 578.176 578.096 578.35 
579.177 578.536 578.659 578.615 578.685 578.644 578.635 578.624 578.685 578.676 578.681 578.669 578.682 578.665 578.667 578.642 578.647 578.681 578.688 578.635 578.629 578.639 578.663 578.652 578.619 578.677 578.592 578.595 578.581 578.506 578.424 578.686 
579.528 578.866 578.995 578.949 579.019 578.979 578.972 578.958 579.02 579.011 579.014 579.003 579.016 579.001 578.999 578.979 578.981 579.014 579.024 578.971 578.963 578.974 578.997 578.985 578.955 579.012 578.928 578.931 578.914 578.837 578.752 579.024 
579.879 579.197 579.329 579.281 579.354 579.314 579.308 579.293 579.355 579.346 579.347 579.337 579.352 579.338 579.332 579.316 579.316 579.348 579.36 579.308 579.298 579.309 579.331 579.318 579.291 579.347 579.264 579.268 579.247 579.168 579.08 579.363 
580.231 579.529 579.663 579.614 579.69 579.649 579.644 579.628 579.69 579.68 579.68 579.673 579.688 579.674 579.667 579.653 579.651 579.682 579.698 579.644 579.633 579.644 579.666 579.651 579.626 579.683 579.6 579.605 579.58 579.499 579.407 579.704 
580.581 579.862 579.997 579.947 580.027 579.983 579.979 579.963 580.027 580.014 580.014 580.009 580.024 580.01 580.003 579.99 579.988 580.017 580.035 579.978 579.968 579.978 580.001 579.985 579.96 580.019 579.936 579.941 579.914 579.83 579.734 580.044 
580.931 580.194 580.33 580.28 580.363 580.316 580.314 580.298 580.363 580.347 580.348 580.345 580.359 580.345 580.339 580.327 580.325 580.352 580.374 580.311 580.303 580.312 580.336 580.319 580.292 580.355 580.273 580.277 580.248 580.161 580.062 580.384 
581.281 580.526 580.663 580.613 580.7 580.648 580.649 580.632 580.699 580.681 580.683 580.681 580.694 580.679 580.676 580.664 580.663 580.688 580.712 580.644 580.638 580.646 580.67 580.653 580.623 580.69 580.61 580.613 580.582 580.493 580.389 580.723 
581.631 580.856 580.998 580.946 581.035 580.981 580.984 580.965 581.035 581.015 581.018 581.017 581.028 581.014 581.013 581 581 581.022 581.05 580.978 580.975 580.98 581.003 580.987 580.953 581.025 580.947 580.949 580.917 580.825 580.717 581.06 
581.982 581.185 581.332 581.278 581.369 581.314 581.318 581.298 581.37 581.349 581.355 581.353 581.362 581.349 581.349 581.337 581.335 581.357 581.388 581.313 581.311 581.314 581.336 581.322 581.283 581.36 581.284 581.284 581.251 581.158 581.046 581.397 
582.334 581.513 581.666 581.611 581.702 581.647 581.65 581.63 581.704 581.684 581.692 581.688 581.695 581.683 581.685 581.673 581.67 581.692 581.725 581.65 581.648 581.649 581.668 581.656 581.614 581.696 581.62 581.619 581.586 581.491 581.376 581.734 
582.686 581.841 581.999 581.945 582.034 581.982 581.982 581.963 582.038 582.017 582.028 582.021 582.028 582.017 582.02 582.008 582.005 582.027 582.061 581.986 581.985 581.985 582.001 581.99 581.947 582.033 581.955 581.953 581.921 581.824 581.706 582.071 
583.037 582.168 582.332 582.278 582.366 582.316 582.314 582.297 582.37 582.35 582.363 582.355 582.36 582.351 582.356 582.343 582.338 582.362 582.396 582.323 582.32 582.32 582.335 582.325 582.281 582.37 582.29 582.287 582.256 582.156 582.037 582.409 
583.387 582.495 582.664 582.613 582.698 582.649 582.645 582.63 582.702 582.682 582.696 582.687 582.691 582.684 582.693 582.679 582.672 582.696 582.731 582.66 582.656 582.655 582.671 582.66 582.615 582.708 582.624 582.621 582.591 582.488 582.367 582.746 
583.736 582.823 582.997 582.947 583.031 582.981 582.978 582.963 583.035 583.013 583.028 583.021 583.021 583.018 583.03 583.015 583.005 583.03 583.065 582.996 582.99 582.99 583.007 582.996 582.949 583.044 582.957 582.956 582.927 582.82 582.696 583.083 
584.083 583.151 583.329 583.282 583.363 583.313 583.312 583.296 583.368 583.343 583.36 583.354 583.35 583.351 583.367 583.351 583.337 583.364 583.4 583.331 583.325 583.325 583.342 583.332 583.282 583.38 583.29 583.29 583.262 583.152 583.026 583.418 
584.43 583.479 583.662 583.616 583.694 583.644 583.647 583.629 583.702 583.675 583.692 583.688 583.679 583.684 583.704 583.688 583.669 583.699 583.734 583.666 583.66 583.66 583.677 583.667 583.615 583.715 583.622 583.624 583.596 583.483 583.355 583.752 
584.777 583.807 583.994 583.95 584.025 583.976 583.982 583.961 584.035 584.007 584.024 584.02 584.009 584.016 584.04 584.024 584.001 584.033 584.069 584.001 583.994 583.994 584.011 584.002 583.947 584.048 583.952 583.957 583.929 583.814 583.683 584.085 
585.124 584.135 584.327 584.284 584.354 584.308 584.316 584.292 584.368 584.339 584.356 584.352 584.339 584.348 584.374 584.36 584.334 584.368 584.404 584.334 584.328 584.327 584.343 584.335 584.28 584.381 584.282 584.289 584.261 584.145 584.011 584.417 
585.472 584.463 584.659 584.617 584.683 584.641 584.65 584.622 584.7 584.671 584.687 584.682 584.67 584.68 584.707 584.695 584.667 584.701 584.738 584.667 584.661 584.66 584.674 584.668 584.613 584.714 584.612 584.62 584.592 584.474 584.338 584.748 
585.82 584.789 584.991 584.949 585.011 584.974 584.982 584.953 585.031 585.002 585.019 585.012 585.001 585.011 585.038 585.028 585 585.032 585.072 584.999 584.993 584.992 585.005 585 584.947 585.046 584.942 584.95 584.922 584.801 584.664 585.078 
586.167 585.115 585.322 585.28 585.339 585.306 585.313 585.282 585.361 585.333 585.349 585.342 585.331 585.343 585.367 585.36 585.333 585.362 585.406 585.331 585.325 585.323 585.336 585.331 585.28 585.377 585.271 585.279 585.25 585.128 584.989 585.407 
586.513 585.439 585.653 585.61 585.667 585.637 585.642 585.611 585.69 585.662 585.678 585.671 585.66 585.675 585.695 585.691 585.665 585.691 585.738 585.663 585.656 585.655 585.666 585.662 585.612 585.708 585.6 585.608 585.579 585.454 585.313 585.736 
586.858 585.763 585.983 585.939 585.995 585.966 585.97 585.939 586.018 585.99 586.007 586 585.987 586.006 586.02 586.02 585.997 586.019 586.068 585.994 585.986 585.985 585.996 585.993 585.944 586.039 585.93 585.938 585.908 585.781 585.636 586.065 
587.202 586.088 586.312 586.267 586.322 586.294 586.297 586.266 586.345 586.318 586.334 586.326 586.314 586.337 586.345 586.348 586.327 586.346 586.398 586.325 586.314 586.314 586.325 586.325 586.275 586.368 586.259 586.267 586.236 586.108 585.959 586.393 
587.545 586.411 586.64 586.594 586.648 586.621 586.622 586.592 586.671 586.647 586.661 586.652 586.641 586.666 586.669 586.676 586.657 586.672 586.726 586.655 586.641 586.643 586.653 586.655 586.606 586.696 586.588 586.596 586.564 586.435 586.282 586.721 
587.886 586.733 586.966 586.919 586.972 586.946 586.946 586.918 586.996 586.974 586.988 586.977 586.968 586.993 586.992 587.002 586.986 586.998 587.053 586.984 586.967 586.969 586.98 586.984 586.935 587.023 586.917 586.924 586.892 586.761 586.603 587.048 
588.226 587.053 587.29 587.243 587.297 587.271 587.269 587.242 587.321 587.301 587.313 587.301 587.294 587.319 587.315 587.328 587.313 587.322 587.379 587.312 587.292 587.295 587.304 587.311 587.263 587.349 587.244 587.249 587.218 587.087 586.924 587.374 
588.563 587.372 587.612 587.566 587.62 587.593 587.591 587.566 587.644 587.626 587.639 587.625 587.62 587.644 587.638 587.652 587.638 587.645 587.703 587.638 587.615 587.62 587.627 587.635 587.589 587.675 587.57 587.573 587.542 587.411 587.243 587.699 
588.899 587.688 587.932 587.888 587.942 587.915 587.912 587.888 587.965 587.95 587.963 587.948 587.945 587.968 587.96 587.976 587.96 587.967 588.025 587.964 587.936 587.943 587.947 587.957 587.913 587.999 587.893 587.894 587.864 587.734 587.561 588.023 
589.233 588.003 588.25 588.208 588.263 588.234 588.232 588.209 588.285 588.271 588.285 588.27 588.266 588.29 588.282 588.299 588.281 588.286 588.345 588.289 588.257 588.266 588.266 588.277 588.235 588.322 588.214 588.213 588.184 588.054 587.878 588.346 
589.566 588.316 588.565 588.526 588.582 588.551 588.55 588.527 588.603 588.59 588.604 588.589 588.585 588.609 588.601 588.621 588.6 588.604 588.663 588.612 588.575 588.586 588.584 588.595 588.556 588.643 588.533 588.53 588.501 588.372 588.193 588.667 
589.897 588.628 588.877 588.842 588.9 588.867 588.867 588.843 588.919 588.907 588.921 588.906 588.902 588.926 588.919 588.941 588.918 588.92 588.98 588.934 588.892 588.904 588.901 588.911 588.874 588.961 588.85 588.844 588.815 588.688 588.506 588.987 
590.227 588.939 589.188 589.156 589.214 589.181 589.182 589.156 589.233 589.221 589.234 589.22 589.216 589.24 589.234 589.259 589.233 589.235 589.295 589.254 589.208 589.22 589.217 589.225 589.191 589.276 589.166 589.157 589.127 589.002 588.817 589.304 
590.556 589.248 589.498 589.467 589.526 589.493 589.495 589.466 589.545 589.533 589.545 589.532 589.529 589.551 589.545 589.574 589.546 589.548 589.608 589.571 589.521 589.533 589.533 589.537 589.506 589.589 589.479 589.469 589.437 589.313 589.124 589.619 
590.882 589.556 589.806 589.775 589.836 589.803 589.806 589.773 589.855 589.842 589.852 589.841 589.841 589.86 589.854 589.887 589.856 589.859 589.919 589.886 589.831 589.842 589.846 589.847 589.817 589.9 589.79 589.779 589.746 589.622 589.429 589.931 
591.206 589.861 590.112 590.081 590.142 590.111 590.116 590.078 590.162 590.15 590.158 590.147 590.15 590.166 590.159 590.196 590.164 590.168 590.226 590.197 590.139 590.149 590.158 590.154 590.125 590.208 590.097 590.087 590.052 589.929 589.733 590.241 
591.527 590.163 590.415 590.385 590.446 590.416 590.422 590.381 590.467 590.456 590.462 590.45 590.457 590.47 590.461 590.502 590.468 590.474 590.53 590.505 590.444 590.453 590.465 590.459 590.431 590.513 590.402 590.394 590.356 590.233 590.034 590.548 
591.844 590.462 590.716 590.686 590.748 590.718 590.725 590.681 590.769 590.76 590.764 590.751 590.762 590.772 590.76 590.804 590.77 590.776 590.832 590.809 590.745 590.754 590.769 590.761 590.733 590.816 590.703 590.698 590.658 590.534 590.333 590.852 
592.157 590.757 591.013 590.985 591.047 591.017 591.026 590.979 591.068 591.062 591.063 591.049 591.063 591.071 591.056 591.103 591.068 591.075 591.129 591.108 591.044 591.051 591.069 591.061 591.032 591.115 591 590.999 590.956 590.832 590.63 591.154 
592.465 591.049 591.307 591.28 591.343 591.313 591.322 591.273 591.364 591.36 591.359 591.344 591.36 591.367 591.35 591.399 591.365 591.371 591.423 591.403 591.339 591.346 591.364 591.357 591.329 591.412 591.293 591.296 591.25 591.126 590.923 591.451 
592.769 591.337 591.597 591.57 591.634 591.606 591.614 591.565 591.655 591.653 591.651 591.635 591.653 591.658 591.641 591.689 591.658 591.663 591.713 591.693 591.63 591.637 591.656 591.65 591.621 591.705 591.583 591.589 591.541 591.415 591.213 591.744 
593.069 591.621 591.883 591.855 591.921 591.894 591.901 591.853 591.942 591.941 591.938 591.922 591.942 591.945 591.928 591.975 591.947 591.951 592 591.978 591.916 591.923 591.944 591.939 591.909 591.995 591.869 591.878 591.829 591.701 591.499 592.032 
593.365 591.902 592.164 592.135 592.204 592.177 592.183 592.137 592.225 592.225 592.222 592.205 592.225 592.227 592.212 592.255 592.232 592.236 592.283 592.258 592.199 592.205 592.228 592.224 592.193 592.281 592.152 592.163 592.113 591.982 591.781 592.316 
593.657 592.179 592.44 592.41 592.482 592.455 592.46 592.416 592.502 592.503 592.501 592.483 592.505 592.505 592.492 592.531 592.513 592.517 592.563 592.534 592.478 592.483 592.508 592.505 592.472 592.562 592.432 592.444 592.394 592.261 592.059 592.596 
593.945 592.451 592.712 592.679 592.756 592.728 592.734 592.69 592.775 592.776 592.777 592.756 592.78 592.779 592.767 592.803 592.789 592.795 592.839 592.807 592.753 592.757 592.784 592.782 592.747 592.838 592.707 592.72 592.67 592.536 592.332 592.871 
594.23 592.72 592.979 592.944 593.025 592.997 593.004 592.959 593.043 593.044 593.048 593.024 593.05 593.049 593.037 593.071 593.06 593.067 593.112 593.075 593.024 593.028 593.055 593.055 593.017 593.11 592.977 592.992 592.941 592.807 592.601 593.142 
594.51 592.983 593.241 593.204 593.29 593.261 593.27 593.223 593.306 593.307 593.315 593.287 593.317 593.315 593.303 593.334 593.325 593.336 593.379 593.34 593.29 593.294 593.322 593.323 593.282 593.376 593.243 593.258 593.206 593.074 592.864 593.409 
594.785 593.242 593.499 593.46 593.55 593.521 593.531 593.481 593.563 593.567 593.577 593.546 593.579 593.576 593.563 593.593 593.586 593.599 593.64 593.601 593.551 593.555 593.583 593.588 593.542 593.637 593.503 593.519 593.465 593.336 593.122 593.671 
595.054 593.496 593.752 593.71 593.804 593.777 593.787 593.734 593.816 593.821 593.833 593.799 593.835 593.832 593.818 593.846 593.841 593.856 593.896 593.857 593.806 593.811 593.838 593.846 593.797 593.891 593.758 593.775 593.718 593.592 593.375 593.927 
595.318 593.743 594.001 593.955 594.053 594.027 594.037 593.981 594.063 594.071 594.084 594.048 594.085 594.083 594.066 594.094 594.091 594.108 594.144 594.106 594.055 594.061 594.088 594.099 594.047 594.139 594.007 594.024 593.965 593.843 593.622 594.177 
595.575 593.984 594.245 594.196 594.296 594.271 594.28 594.222 594.304 594.314 594.328 594.29 594.329 594.328 594.308 594.337 594.335 594.353 594.387 594.349 594.298 594.305 594.331 594.344 594.291 594.381 594.251 594.267 594.205 594.086 593.863 594.421 
595.826 594.219 594.482 594.43 594.532 594.509 594.516 594.457 594.539 594.552 594.565 594.527 594.566 594.567 594.544 594.575 594.573 594.592 594.624 594.586 594.534 594.543 594.568 594.583 594.529 594.617 594.49 594.504 594.44 594.322 594.098 594.658 
596.069 594.448 594.713 594.659 594.763 594.74 594.746 594.686 594.767 594.782 594.796 594.759 594.796 594.799 594.773 594.807 594.804 594.824 594.855 594.817 594.765 594.773 594.798 594.813 594.76 594.846 594.723 594.735 594.669 594.551 594.327 594.889 
596.305 594.67 594.937 594.881 594.986 594.965 594.969 594.91 594.99 595.006 595.021 594.983 595.02 595.024 594.995 595.032 595.029 595.048 595.078 595.042 594.989 594.997 595.021 595.036 594.986 595.07 594.95 594.959 594.891 594.773 594.548 595.114 
596.533 594.886 595.153 595.097 595.202 595.183 595.185 595.126 595.205 595.222 595.239 595.201 595.237 595.243 595.211 595.251 595.248 595.264 595.295 595.261 595.206 595.214 595.237 595.252 595.204 595.286 595.168 595.177 595.107 594.989 594.763 595.332 
596.754 595.096 595.362 595.306 595.412 595.393 595.393 595.335 595.414 595.431 595.45 595.412 595.447 595.455 595.42 595.462 595.459 595.472 595.504 595.474 595.416 595.424 595.445 595.462 595.415 595.496 595.38 595.387 595.315 595.198 594.97 595.543 
596.967 595.3 595.562 595.509 595.614 595.595 595.594 595.536 595.615 595.632 595.653 595.615 595.649 595.659 595.623 595.664 595.663 595.672 595.706 595.679 595.62 595.628 595.645 595.664 595.619 595.699 595.583 595.589 595.516 595.4 595.169 595.746 
597.172 595.496 595.756 595.705 595.808 595.789 595.787 595.729 595.809 595.826 595.849 595.81 595.844 595.854 595.818 595.859 595.859 595.866 595.9 595.876 595.816 595.823 595.838 595.86 595.814 595.894 595.778 595.784 595.71 595.595 595.361 595.941 
597.369 595.684 595.942 595.893 595.995 595.975 595.973 595.914 595.995 596.012 596.037 595.998 596.031 596.041 596.006 596.046 596.046 596.052 596.088 596.064 596.004 596.011 596.024 596.048 596.002 596.082 595.965 595.972 595.896 595.782 595.544 596.127 
597.558 595.864 596.121 596.074 596.175 596.153 596.152 596.092 596.174 596.192 596.216 596.177 596.211 596.221 596.186 596.225 596.226 596.231 596.268 596.245 596.184 596.191 596.203 596.228 596.182 596.261 596.144 596.151 596.075 595.962 595.718 596.307 
597.74 596.036 596.294 596.248 596.347 596.325 596.323 596.262 596.346 596.365 596.388 596.349 596.384 596.393 596.359 596.397 596.399 596.403 596.442 596.418 596.357 596.364 596.375 596.4 596.356 596.434 596.316 596.324 596.247 596.134 595.886 596.479 
597.916 596.201 596.462 596.415 596.513 596.49 596.487 596.425 596.512 596.532 596.553 596.513 596.551 596.559 596.527 596.563 596.567 596.57 596.609 596.585 596.523 596.531 596.541 596.566 596.523 596.6 596.482 596.49 596.412 596.299 596.047 596.646 
598.086 596.36 596.625 596.577 596.674 596.651 596.646 596.584 596.673 596.693 596.713 596.672 596.713 596.72 596.689 596.725 596.73 596.731 596.771 596.747 596.684 596.694 596.702 596.728 596.684 596.762 596.643 596.65 596.572 596.459 596.204 596.808 
598.251 596.514 596.785 596.734 596.831 596.808 596.801 596.739 596.83 596.849 596.869 596.826 596.87 596.877 596.848 596.884 596.888 596.887 596.929 596.905 596.839 596.853 596.859 596.885 596.842 596.918 596.799 596.806 596.727 596.615 596.358 596.965 
