0 0 0 0 0 0 0 0 0 0 0 0 0 0 0 0 0 0 0 0 0 0 0 0 0 0 0 0 0 0 0 0 
2.48184e-05 4.19037e-08 8.38074e-08 4.19039e-08 8.38073e-08 1.80997e-05 -1.7974e-05 1.80997e-05 1.80997e-05 8.38079e-08 -1.7974e-05 1.80997e-05 -1.7974e-05 1.80997e-05 8.38072e-08 8.38079e-08 1.80997e-05 4.19036e-08 8.38079e-08 8.38074e-08 -1.7974e-05 1.80997e-05 1.80997e-05 -1.7974e-05 8.38077e-08 4.19035e-08 0.000974988 0.00201154 4.19042e-08 8.38075e-08 -1.79739e-05 2.41808e-05 
4.83875e-05 8.38087e-08 1.67617e-07 8.38094e-08 1.67618e-07 3.61999e-05 -3.59485e-05 3.61999e-05 3.61999e-05 1.67618e-07 -3.59485e-05 3.61999e-05 -3.59485e-05 3.61999e-05 1.67617e-07 1.67618e-07 3.61999e-05 8.38085e-08 1.67618e-07 1.67618e-07 -3.59484e-05 3.61999e-05 3.61999e-05 -3.59484e-05 1.67617e-07 8.38087e-08 0.00198234 0.00408875 8.3809e-08 1.67617e-07 -3.59484e-05 4.70386e-05 
7.1949e-05 1.25715e-07 2.5143e-07 1.25715e-07 2.5143e-07 5.43006e-05 -5.39235e-05 5.43006e-05 5.43006e-05 2.5143e-07 -5.39235e-05 5.43007e-05 -5.39235e-05 5.43006e-05 2.51429e-07 2.5143e-07 5.43007e-05 1.25715e-07 2.5143e-07 2.5143e-07 -5.39235e-05 5.43006e-05 5.43007e-05 -5.39235e-05 2.5143e-07 1.25715e-07 0.00302405 0.00623401 1.25716e-07 2.5143e-07 -5.39234e-05 6.99051e-05 
9.55127e-05 1.67622e-07 3.35246e-07 1.67624e-07 3.35246e-07 7.2402e-05 -7.18991e-05 7.24019e-05 7.2402e-05 3.35245e-07 -7.18991e-05 7.2402e-05 -7.18991e-05 7.2402e-05 3.35244e-07 3.35245e-07 7.2402e-05 1.67622e-07 3.35246e-07 3.35246e-07 -7.18991e-05 7.2402e-05 7.2402e-05 -7.1899e-05 3.35246e-07 1.67622e-07 0.00410214 0.00845775 1.67624e-07 3.35246e-07 -7.18989e-05 9.27663e-05 
0.000119064 2.09532e-07 4.19064e-07 2.09533e-07 4.19064e-07 9.0504e-05 -8.98754e-05 9.05039e-05 9.0504e-05 4.19063e-07 -8.98754e-05 9.0504e-05 -8.98754e-05 9.05039e-05 4.19062e-07 4.19063e-07 9.0504e-05 2.09531e-07 4.19065e-07 4.19064e-07 -8.98753e-05 9.0504e-05 9.0504e-05 -8.98752e-05 4.19064e-07 2.09531e-07 0.0052158 0.0107665 2.09533e-07 4.19063e-07 -8.98751e-05 0.000115618 
0.000142621 2.51442e-07 5.02885e-07 2.51443e-07 5.02885e-07 0.000108607 -0.000107852 0.000108606 0.000108607 5.02884e-07 -0.000107852 0.000108607 -0.000107852 0.000108607 5.02884e-07 5.02884e-07 0.000108607 2.51442e-07 5.02886e-07 5.02886e-07 -0.000107852 0.000108607 0.000108607 -0.000107852 5.02885e-07 2.51442e-07 0.00636994 0.0131597 2.51444e-07 5.02884e-07 -0.000107852 0.000138481 
0.000166179 2.93355e-07 5.8671e-07 2.93356e-07 5.8671e-07 0.00012671 -0.00012583 0.00012671 0.00012671 5.86709e-07 -0.00012583 0.00012671 -0.00012583 0.00012671 5.86708e-07 5.86708e-07 0.00012671 2.93354e-07 5.86711e-07 5.8671e-07 -0.00012583 0.00012671 0.00012671 -0.00012583 5.86709e-07 2.93354e-07 0.00756288 0.0156425 2.93356e-07 5.86708e-07 -0.000125829 0.000161348 
0.000189744 3.35268e-07 6.70538e-07 3.3527e-07 6.70538e-07 0.000144814 -0.000143808 0.000144814 0.000144814 6.70537e-07 -0.000143808 0.000144814 -0.000143808 0.000144814 6.70536e-07 6.70536e-07 0.000144814 3.35268e-07 6.70538e-07 6.70538e-07 -0.000143808 0.000144814 0.000144814 -0.000143808 6.70537e-07 3.35267e-07 0.00879596 0.0182069 3.3527e-07 6.70535e-07 -0.000143807 0.000184217 
0.00021331 3.77184e-07 7.54369e-07 3.77186e-07 7.54369e-07 0.000162919 -0.000161787 0.000162919 0.000162919 7.54368e-07 -0.000161787 0.000162919 -0.000161787 0.000162919 7.54366e-07 7.54367e-07 0.000162919 3.77183e-07 7.54369e-07 7.54369e-07 -0.000161787 0.000162919 0.000162919 -0.000161787 7.54368e-07 3.77183e-07 0.0100691 0.0208555 3.77186e-07 7.54365e-07 -0.000161786 0.000207078 
0.000236871 4.19101e-07 8.38204e-07 4.19103e-07 8.38204e-07 0.000181024 -0.000179767 0.000181024 0.000181024 8.38203e-07 -0.000179767 0.000181024 -0.000179767 0.000181024 8.38201e-07 8.38202e-07 0.000181024 4.19101e-07 8.38204e-07 8.38204e-07 -0.000179767 0.000181024 0.000181024 -0.000179766 8.38203e-07 4.19099e-07 0.0113849 0.0235818 4.19103e-07 8.38199e-07 -0.000179766 0.000229943 
0.000260429 4.6102e-07 9.22043e-07 4.61023e-07 9.22043e-07 0.000199131 -0.000197747 0.00019913 0.000199131 9.22042e-07 -0.000197747 0.000199131 -0.000197747 0.00019913 9.22039e-07 9.2204e-07 0.000199131 4.6102e-07 9.22042e-07 9.22042e-07 -0.000197747 0.000199131 0.000199131 -0.000197747 9.22041e-07 4.61019e-07 0.0127339 0.0263896 4.61022e-07 9.22035e-07 -0.000197746 0.000252797 
0.000283988 5.02941e-07 1.00589e-06 5.02944e-07 1.00589e-06 0.000217238 -0.000215729 0.000217238 0.000217238 1.00588e-06 -0.000215729 0.000217238 -0.000215729 0.000217237 1.00588e-06 1.00588e-06 0.000217238 5.02941e-07 1.00588e-06 1.00588e-06 -0.000215728 0.000217238 0.000217238 -0.000215728 1.00588e-06 5.0294e-07 0.0141128 0.0292749 5.02943e-07 1.00588e-06 -0.000215727 0.000275659 
0.000307554 5.44864e-07 1.08973e-06 5.44868e-07 1.08973e-06 0.000235346 -0.000233711 0.000235346 0.000235346 1.08973e-06 -0.000233711 0.000235346 -0.000233711 0.000235345 1.08973e-06 1.08973e-06 0.000235346 5.44864e-07 1.08973e-06 1.08973e-06 -0.00023371 0.000235346 0.000235346 -0.00023371 1.08973e-06 5.44863e-07 0.0155322 0.0322368 5.44865e-07 1.08972e-06 -0.000233709 0.000298525 
0.000331127 5.86789e-07 1.17358e-06 5.86793e-07 1.17358e-06 0.000253455 -0.000251694 0.000253454 0.000253455 1.17358e-06 -0.000251694 0.000253455 -0.000251694 0.000253454 1.17358e-06 1.17358e-06 0.000253455 5.86789e-07 1.17358e-06 1.17358e-06 -0.000251693 0.000253454 0.000253454 -0.000251693 1.17358e-06 5.86788e-07 0.016985 0.0352706 5.8679e-07 1.17357e-06 -0.000251691 0.000321378 
0.000354694 6.28715e-07 1.25744e-06 6.2872e-07 1.25744e-06 0.000271564 -0.000269678 0.000271564 0.000271565 1.25743e-06 -0.000269678 0.000271565 -0.000269678 0.000271564 1.25743e-06 1.25743e-06 0.000271564 6.28716e-07 1.25743e-06 1.25743e-06 -0.000269677 0.000271564 0.000271564 -0.000269677 1.25743e-06 6.28714e-07 0.0184645 0.0383687 6.28717e-07 1.25742e-06 -0.000269675 0.00034424 
0.000378252 6.70644e-07 1.3413e-06 6.70649e-07 1.34129e-06 0.000289675 -0.000287663 0.000289675 0.000289675 1.34129e-06 -0.000287663 0.000289675 -0.000287663 0.000289674 1.34129e-06 1.34129e-06 0.000289675 6.70645e-07 1.34129e-06 1.34129e-06 -0.000287662 0.000289675 0.000289674 -0.000287662 1.34129e-06 6.70643e-07 0.0199758 0.041523 6.70646e-07 1.34128e-06 -0.000287659 0.000367125 
0.000401825 7.12575e-07 1.42516e-06 7.1258e-07 1.42516e-06 0.000307786 -0.000305649 0.000307786 0.000307787 1.42516e-06 -0.000305648 0.000307787 -0.000305649 0.000307786 1.42515e-06 1.42515e-06 0.000307786 7.12576e-07 1.42515e-06 1.42515e-06 -0.000305648 0.000307786 0.000307786 -0.000305647 1.42515e-06 7.12574e-07 0.0215171 0.0447386 7.12577e-07 1.42514e-06 -0.000305644 0.000389989 
0.000425394 7.54509e-07 1.50903e-06 7.54514e-07 1.50902e-06 0.000325899 -0.000323635 0.000325899 0.000325899 1.50902e-06 -0.000323635 0.0003259 -0.000323635 0.000325898 1.50902e-06 1.50902e-06 0.000325899 7.54509e-07 1.50902e-06 1.50902e-06 -0.000323634 0.000325898 0.000325898 -0.000323634 1.50902e-06 7.54506e-07 0.0230844 0.0480062 7.5451e-07 1.509e-06 -0.00032363 0.000412857 
0.000448977 7.96444e-07 1.5929e-06 7.96449e-07 1.5929e-06 0.000344012 -0.000341623 0.000344012 0.000344013 1.59289e-06 -0.000341622 0.000344013 -0.000341623 0.000344012 1.59289e-06 1.59289e-06 0.000344012 7.96445e-07 1.59289e-06 1.59289e-06 -0.000341622 0.000344012 0.000344012 -0.000341621 1.59289e-06 7.96442e-07 0.0246757 0.0513312 7.96445e-07 1.59287e-06 -0.000341617 0.000435724 
0.000472553 8.38382e-07 1.67678e-06 8.38387e-07 1.67677e-06 0.000362126 -0.000359611 0.000362126 0.000362127 1.67677e-06 -0.000359611 0.000362127 -0.000359611 0.000362126 1.67676e-06 1.67677e-06 0.000362126 8.38382e-07 1.67677e-06 1.67677e-06 -0.00035961 0.000362126 0.000362126 -0.000359609 1.67676e-06 8.38379e-07 0.0262893 0.0546973 8.38382e-07 1.67675e-06 -0.000359605 0.000458593 
0.00049613 8.80322e-07 1.76066e-06 8.80327e-07 1.76065e-06 0.000380241 -0.000377601 0.000380242 0.000380242 1.76065e-06 -0.0003776 0.000380243 -0.000377601 0.000380241 1.76064e-06 1.76065e-06 0.000380242 8.80322e-07 1.76065e-06 1.76064e-06 -0.000377599 0.000380241 0.000380241 -0.000377599 1.76064e-06 8.80319e-07 0.0279261 0.0581036 8.80321e-07 1.76062e-06 -0.000377594 0.000481472 
0.000519696 9.22265e-07 1.84454e-06 9.22269e-07 1.84454e-06 0.000398358 -0.000395591 0.000398358 0.000398359 1.84453e-06 -0.000395591 0.000398359 -0.000395591 0.000398357 1.84453e-06 1.84453e-06 0.000398358 9.22264e-07 1.84453e-06 1.84453e-06 -0.00039559 0.000398357 0.000398357 -0.000395589 1.84452e-06 9.2226e-07 0.0295786 0.0615377 9.22262e-07 1.84451e-06 -0.000395584 0.000504354 
0.000543281 9.64209e-07 1.92843e-06 9.64214e-07 1.92843e-06 0.000416475 -0.000413583 0.000416475 0.000416476 1.92842e-06 -0.000413582 0.000416476 -0.000413583 0.000416474 1.92842e-06 1.92842e-06 0.000416475 9.64209e-07 1.92842e-06 1.92842e-06 -0.000413581 0.000416474 0.000416474 -0.00041358 1.92841e-06 9.64204e-07 0.0312474 0.0650059 9.64206e-07 1.92839e-06 -0.000413574 0.000527239 
0.000566861 1.00616e-06 2.01232e-06 1.00616e-06 2.01232e-06 0.000434593 -0.000431575 0.000434593 0.000434594 2.01232e-06 -0.000431575 0.000434595 -0.000431575 0.000434593 2.01231e-06 2.01231e-06 0.000434593 1.00615e-06 2.01231e-06 2.01231e-06 -0.000431573 0.000434592 0.000434593 -0.000431572 2.0123e-06 1.00615e-06 0.0329342 0.0685102 1.00615e-06 2.01228e-06 -0.000431566 0.000550121 
0.000590443 1.04811e-06 2.09622e-06 1.04811e-06 2.09622e-06 0.000452713 -0.000449568 0.000452713 0.000452713 2.09622e-06 -0.000449568 0.000452714 -0.000449569 0.000452712 2.09621e-06 2.09621e-06 0.000452712 1.0481e-06 2.09621e-06 2.09621e-06 -0.000449566 0.000452711 0.000452712 -0.000449566 2.0962e-06 1.0481e-06 0.0346432 0.0720551 1.0481e-06 2.09618e-06 -0.000449559 0.000572991 
0.00061403 1.09006e-06 2.18013e-06 1.09006e-06 2.18012e-06 0.000470833 -0.000467563 0.000470833 0.000470834 2.18012e-06 -0.000467563 0.000470834 -0.000467563 0.000470832 2.18011e-06 2.18011e-06 0.000470832 1.09006e-06 2.18011e-06 2.18011e-06 -0.00046756 0.000470831 0.000470832 -0.00046756 2.1801e-06 1.09005e-06 0.0363717 0.0756441 1.09005e-06 2.18008e-06 -0.000467552 0.000595876 
0.00063762 1.13201e-06 2.26404e-06 1.13202e-06 2.26403e-06 0.000488954 -0.000485558 0.000488954 0.000488955 2.26403e-06 -0.000485558 0.000488955 -0.000485558 0.000488953 2.26402e-06 2.26402e-06 0.000488954 1.13201e-06 2.26402e-06 2.26401e-06 -0.000485555 0.000488952 0.000488953 -0.000485555 2.26401e-06 1.132e-06 0.0381197 0.0792748 1.132e-06 2.26398e-06 -0.000485547 0.000618766 
0.000661218 1.17397e-06 2.34795e-06 1.17397e-06 2.34794e-06 0.000507076 -0.000503554 0.000507076 0.000507077 2.34794e-06 -0.000503555 0.000507078 -0.000503555 0.000507075 2.34793e-06 2.34793e-06 0.000507076 1.17397e-06 2.34793e-06 2.34793e-06 -0.000503551 0.000507074 0.000507075 -0.000503551 2.34792e-06 1.17396e-06 0.0397754 0.082855 1.17396e-06 2.34789e-06 -0.000503542 0.000641654 
0.000684815 1.21593e-06 2.43187e-06 1.21593e-06 2.43186e-06 0.0005252 -0.000521551 0.0005252 0.0005252 2.43185e-06 -0.000521552 0.000525201 -0.000521552 0.000525199 2.43185e-06 2.43185e-06 0.000525199 1.21592e-06 2.43185e-06 2.43184e-06 -0.000521548 0.000525197 0.000525198 -0.000521548 2.43183e-06 1.21591e-06 0.041441 0.0864605 1.21592e-06 2.43181e-06 -0.000521539 0.000664536 
0.0007084 1.25789e-06 2.51579e-06 1.25789e-06 2.51578e-06 0.000543324 -0.00053955 0.000543324 0.000543325 2.51577e-06 -0.00053955 0.000543325 -0.00053955 0.000543323 2.51577e-06 2.51577e-06 0.000543323 1.25789e-06 2.51577e-06 2.51576e-06 -0.000539546 0.000543321 0.000543323 -0.000539546 2.51575e-06 1.25787e-06 0.043109 0.090097 1.25787e-06 2.51572e-06 -0.000539536 0.00068742 
0.000731994 1.29985e-06 2.59972e-06 1.29986e-06 2.59971e-06 0.000561449 -0.000557549 0.000561449 0.00056145 2.5997e-06 -0.00055755 0.00056145 -0.00055755 0.000561448 2.59969e-06 2.59969e-06 0.000561449 1.29985e-06 2.59969e-06 2.59969e-06 -0.000557545 0.000561446 0.000561448 -0.000557545 2.59968e-06 1.29984e-06 0.044785 0.0937613 1.29984e-06 2.59964e-06 -0.000557534 0.000710302 
0.000755606 1.34181e-06 2.68365e-06 1.34182e-06 2.68364e-06 0.000579576 -0.000575549 0.000579576 0.000579576 2.68363e-06 -0.00057555 0.000579577 -0.00057555 0.000579575 2.68362e-06 2.68362e-06 0.000579575 1.34181e-06 2.68362e-06 2.68362e-06 -0.000575545 0.000579572 0.000579574 -0.000575545 2.68361e-06 1.3418e-06 0.046468 0.0974565 1.3418e-06 2.68357e-06 -0.000575534 0.000733192 
0.000779199 1.38378e-06 2.76759e-06 1.38379e-06 2.76757e-06 0.000597703 -0.000593551 0.000597703 0.000597704 2.76757e-06 -0.000593551 0.000597704 -0.000593551 0.000597702 2.76756e-06 2.76756e-06 0.000597702 1.38378e-06 2.76756e-06 2.76755e-06 -0.000593546 0.000597699 0.000597701 -0.000593546 2.76754e-06 1.38377e-06 0.0481528 0.101172 1.38377e-06 2.7675e-06 -0.000593534 0.000756075 
0.000802799 1.42575e-06 2.85153e-06 1.42576e-06 2.85151e-06 0.000615831 -0.000611553 0.000615832 0.000615832 2.85151e-06 -0.000611554 0.000615832 -0.000611554 0.00061583 2.8515e-06 2.8515e-06 0.000615831 1.42575e-06 2.8515e-06 2.85149e-06 -0.000611549 0.000615827 0.000615829 -0.000611548 2.85148e-06 1.42574e-06 0.0498467 0.104896 1.42573e-06 2.85144e-06 -0.000611535 0.000778966 
0.000826395 1.46772e-06 2.93547e-06 1.46774e-06 2.93546e-06 0.000633961 -0.000629556 0.000633961 0.000633961 2.93545e-06 -0.000629557 0.000633961 -0.000629557 0.00063396 2.93544e-06 2.93544e-06 0.00063396 1.46772e-06 2.93544e-06 2.93543e-06 -0.000629552 0.000633956 0.000633958 -0.000629551 2.93542e-06 1.46771e-06 0.05154 0.108618 1.46771e-06 2.93538e-06 -0.000629538 0.000801849 
0.00085 1.5097e-06 3.01942e-06 1.50971e-06 3.01941e-06 0.000652091 -0.000647561 0.000652091 0.000652091 3.0194e-06 -0.000647562 0.000652092 -0.000647562 0.00065209 3.01939e-06 3.01939e-06 0.000652091 1.5097e-06 3.01939e-06 3.01938e-06 -0.000647556 0.000652087 0.000652088 -0.000647555 3.01937e-06 1.50968e-06 0.053238 0.112348 1.50968e-06 3.01932e-06 -0.000647541 0.000824733 
0.000873597 1.55168e-06 3.10338e-06 1.55169e-06 3.10336e-06 0.000670223 -0.000665566 0.000670223 0.000670223 3.10336e-06 -0.000665567 0.000670223 -0.000665567 0.000670222 3.10335e-06 3.10334e-06 0.000670222 1.55167e-06 3.10334e-06 3.10333e-06 -0.000665561 0.000670218 0.000670219 -0.00066556 3.10332e-06 1.55166e-06 0.0549461 0.11608 1.55165e-06 3.10327e-06 -0.000665545 0.000847624 
0.000897195 1.59365e-06 3.18734e-06 1.59367e-06 3.18732e-06 0.000688355 -0.000683573 0.000688355 0.000688355 3.18731e-06 -0.000683573 0.000688355 -0.000683573 0.000688354 3.1873e-06 3.1873e-06 0.000688354 1.59365e-06 3.1873e-06 3.18729e-06 -0.000683567 0.00068835 0.000688351 -0.000683567 3.18728e-06 1.59364e-06 0.0566553 0.119807 1.59363e-06 3.18723e-06 -0.00068355 0.000870524 
0.000920803 1.63564e-06 3.2713e-06 1.63565e-06 3.27128e-06 0.000706489 -0.00070158 0.000706489 0.000706489 3.27128e-06 -0.000701581 0.000706489 -0.000701581 0.000706487 3.27127e-06 3.27126e-06 0.000706488 1.63564e-06 3.27126e-06 3.27126e-06 -0.000701574 0.000706483 0.000706484 -0.000701574 3.27124e-06 1.63562e-06 0.0583582 0.123533 1.63561e-06 3.27119e-06 -0.000701556 0.00089342 
0.000944397 1.67762e-06 3.35527e-06 1.67764e-06 3.35525e-06 0.000724623 -0.000719589 0.000724623 0.000724623 3.35524e-06 -0.000719589 0.000724623 -0.000719589 0.000724621 3.35523e-06 3.35523e-06 0.000724622 1.67762e-06 3.35523e-06 3.35522e-06 -0.000719583 0.000724618 0.000724618 -0.000719582 3.35521e-06 1.6776e-06 0.0600665 0.12725 1.6776e-06 3.35515e-06 -0.000719563 0.000916319 
0.000967995 1.71961e-06 3.43925e-06 1.71962e-06 3.43923e-06 0.000742759 -0.000737598 0.000742758 0.000742759 3.43922e-06 -0.000737598 0.000742759 -0.000737599 0.000742757 3.43921e-06 3.4392e-06 0.000742757 1.71961e-06 3.4392e-06 3.4392e-06 -0.000737592 0.000742753 0.000742753 -0.000737591 3.43918e-06 1.71958e-06 0.0617735 0.130974 1.71958e-06 3.43912e-06 -0.000737572 0.000939209 
0.000991594 1.7616e-06 3.52323e-06 1.76161e-06 3.5232e-06 0.000760896 -0.000755609 0.000760895 0.000760895 3.52319e-06 -0.000755609 0.000760895 -0.000755609 0.000760893 3.52318e-06 3.52318e-06 0.000760894 1.76159e-06 3.52318e-06 3.52317e-06 -0.000755602 0.000760889 0.000760889 -0.000755602 3.52316e-06 1.76157e-06 0.0634918 0.134709 1.76157e-06 3.52309e-06 -0.000755581 0.000962107 
0.00101521 1.80359e-06 3.60721e-06 1.8036e-06 3.60719e-06 0.000779033 -0.00077362 0.000779032 0.000779033 3.60718e-06 -0.00077362 0.000779032 -0.00077362 0.000779031 3.60717e-06 3.60716e-06 0.000779031 1.80359e-06 3.60716e-06 3.60715e-06 -0.000773613 0.000779027 0.000779026 -0.000773613 3.60714e-06 1.80356e-06 0.0652101 0.138464 1.80356e-06 3.60707e-06 -0.000773591 0.000985002 
0.00103882 1.84558e-06 3.6912e-06 1.8456e-06 3.69117e-06 0.000797172 -0.000791632 0.000797171 0.000797171 3.69116e-06 -0.000791633 0.000797171 -0.000791632 0.000797169 3.69115e-06 3.69114e-06 0.000797169 1.84558e-06 3.69114e-06 3.69114e-06 -0.000791625 0.000797165 0.000797164 -0.000791625 3.69112e-06 1.84555e-06 0.0669409 0.142233 1.84555e-06 3.69105e-06 -0.000791602 0.0010079 
0.00106243 1.88758e-06 3.77519e-06 1.88759e-06 3.77517e-06 0.000815311 -0.000809645 0.00081531 0.000815311 3.77515e-06 -0.000809646 0.00081531 -0.000809646 0.000815309 3.77514e-06 3.77513e-06 0.000815308 1.88757e-06 3.77513e-06 3.77513e-06 -0.000809638 0.000815304 0.000815303 -0.000809638 3.77511e-06 1.88755e-06 0.0686823 0.14602 1.88754e-06 3.77504e-06 -0.000809613 0.00103079 
0.00108605 1.92958e-06 3.85919e-06 1.92959e-06 3.85916e-06 0.000833452 -0.00082766 0.000833451 0.000833451 3.85915e-06 -0.00082766 0.000833451 -0.00082766 0.000833449 3.85914e-06 3.85913e-06 0.000833449 1.92957e-06 3.85913e-06 3.85912e-06 -0.000827652 0.000833444 0.000833443 -0.000827652 3.85911e-06 1.92955e-06 0.0704249 0.149811 1.92954e-06 3.85903e-06 -0.000827626 0.00105369 
0.00110966 1.97158e-06 3.94319e-06 1.97159e-06 3.94316e-06 0.000851593 -0.000845675 0.000851593 0.000851593 3.94315e-06 -0.000845676 0.000851592 -0.000845675 0.000851591 3.94314e-06 3.94313e-06 0.00085159 1.97157e-06 3.94313e-06 3.94312e-06 -0.000845667 0.000851585 0.000851584 -0.000845667 3.94311e-06 1.97154e-06 0.0721662 0.153605 1.97154e-06 3.94303e-06 -0.00084564 0.00107659 
0.0011333 2.01358e-06 4.0272e-06 2.0136e-06 4.02717e-06 0.000869736 -0.000863691 0.000869735 0.000869735 4.02715e-06 -0.000863692 0.000869735 -0.000863692 0.000869733 4.02714e-06 4.02713e-06 0.000869732 2.01358e-06 4.02713e-06 4.02713e-06 -0.000863683 0.000869728 0.000869726 -0.000863683 4.02711e-06 2.01355e-06 0.0739118 0.157401 2.01354e-06 4.02703e-06 -0.000863655 0.00109948 
0.00115692 2.05559e-06 4.11121e-06 2.0556e-06 4.11118e-06 0.000887879 -0.000881709 0.000887879 0.000887879 4.11116e-06 -0.000881709 0.000887878 -0.000881709 0.000887877 4.11115e-06 4.11114e-06 0.000887876 2.05558e-06 4.11114e-06 4.11113e-06 -0.0008817 0.000887871 0.000887869 -0.0008817 4.11112e-06 2.05555e-06 0.0756606 0.161187 2.05554e-06 4.11103e-06 -0.000881671 0.00112239 
0.00118052 2.09759e-06 4.19522e-06 2.09761e-06 4.19519e-06 0.000906024 -0.000899727 0.000906023 0.000906023 4.19518e-06 -0.000899727 0.000906022 -0.000899727 0.000906021 4.19517e-06 4.19515e-06 0.00090602 2.09759e-06 4.19515e-06 4.19515e-06 -0.000899718 0.000906015 0.000906013 -0.000899718 4.19514e-06 2.09756e-06 0.0774145 0.164963 2.09755e-06 4.19504e-06 -0.000899687 0.00114529 
0.00120415 2.1396e-06 4.27924e-06 2.13962e-06 4.27921e-06 0.000924169 -0.000917746 0.000924169 0.000924168 4.2792e-06 -0.000917746 0.000924168 -0.000917747 0.000924166 4.27919e-06 4.27917e-06 0.000924166 2.1396e-06 4.27917e-06 4.27916e-06 -0.000917737 0.00092416 0.000924158 -0.000917737 4.27916e-06 2.13956e-06 0.0791603 0.168728 2.13955e-06 4.27906e-06 -0.000917705 0.00116819 
0.00122777 2.18161e-06 4.36327e-06 2.18163e-06 4.36324e-06 0.000942316 -0.000935766 0.000942316 0.000942314 4.36322e-06 -0.000935766 0.000942314 -0.000935767 0.000942312 4.36321e-06 4.3632e-06 0.000942312 2.18161e-06 4.3632e-06 4.36319e-06 -0.000935757 0.000942306 0.000942304 -0.000935756 4.36318e-06 2.18157e-06 0.0809071 0.172492 2.18156e-06 4.36307e-06 -0.000935724 0.00119109 
0.0012514 2.22363e-06 4.44729e-06 2.22365e-06 4.44726e-06 0.000960463 -0.000953787 0.000960463 0.000960462 4.44725e-06 -0.000953788 0.000960461 -0.000953788 0.000960459 4.44724e-06 4.44722e-06 0.00096046 2.22362e-06 4.44723e-06 4.44721e-06 -0.000953777 0.000960453 0.000960451 -0.000953777 4.4472e-06 2.22359e-06 0.0826549 0.176257 2.22358e-06 4.4471e-06 -0.000953743 0.00121401 
0.00127503 2.26565e-06 4.53133e-06 2.26566e-06 4.5313e-06 0.000978612 -0.000971809 0.000978612 0.00097861 4.53128e-06 -0.00097181 0.00097861 -0.00097181 0.000978608 4.53127e-06 4.53126e-06 0.000978608 2.26564e-06 4.53126e-06 4.53124e-06 -0.000971799 0.000978601 0.000978599 -0.000971799 4.53123e-06 2.2656e-06 0.0844078 0.180042 2.26559e-06 4.53112e-06 -0.000971764 0.00123692 
0.00129865 2.30766e-06 4.61537e-06 2.30768e-06 4.61534e-06 0.000996761 -0.000989832 0.000996762 0.000996759 4.61531e-06 -0.000989833 0.000996759 -0.000989833 0.000996757 4.6153e-06 4.61529e-06 0.000996757 2.30766e-06 4.6153e-06 4.61528e-06 -0.000989822 0.00099675 0.000996748 -0.000989822 4.61527e-06 2.30762e-06 0.0861621 0.18385 2.30761e-06 4.61516e-06 -0.000989785 0.00125983 
0.00132227 2.34969e-06 4.69941e-06 2.3497e-06 4.69938e-06 0.00101491 -0.00100786 0.00101491 0.00101491 4.69936e-06 -0.00100786 0.00101491 -0.00100786 0.00101491 4.69934e-06 4.69934e-06 0.00101491 2.34968e-06 4.69934e-06 4.69932e-06 -0.00100785 0.0010149 0.0010149 -0.00100785 4.69931e-06 2.34964e-06 0.0879224 0.18767 2.34963e-06 4.69919e-06 -0.00100781 0.00128275 
0.0013459 2.39171e-06 4.78346e-06 2.39173e-06 4.78342e-06 0.00103306 -0.00102588 0.00103306 0.00103306 4.7834e-06 -0.00102588 0.00103306 -0.00102588 0.00103306 4.78339e-06 4.78338e-06 0.00103306 2.3917e-06 4.78338e-06 4.78336e-06 -0.00102587 0.00103305 0.00103305 -0.00102587 4.78335e-06 2.39166e-06 0.0896796 0.191502 2.39165e-06 4.78323e-06 -0.00102583 0.00130567 
0.00136953 2.43373e-06 4.86751e-06 2.43376e-06 4.86747e-06 0.00105122 -0.00104391 0.00105122 0.00105121 4.86745e-06 -0.00104391 0.00105121 -0.00104391 0.00105121 4.86744e-06 4.86743e-06 0.00105121 2.43373e-06 4.86743e-06 4.86741e-06 -0.0010439 0.0010512 0.0010512 -0.0010439 4.8674e-06 2.43369e-06 0.0914348 0.195333 2.43367e-06 4.86728e-06 -0.00104385 0.00132859 
0.00139317 2.47576e-06 4.95157e-06 2.47578e-06 4.95153e-06 0.00106937 -0.00106193 0.00106937 0.00106937 4.95151e-06 -0.00106194 0.00106937 -0.00106193 0.00106936 4.95149e-06 4.95149e-06 0.00106936 2.47575e-06 4.95148e-06 4.95147e-06 -0.00106192 0.00106936 0.00106935 -0.00106192 4.95145e-06 2.47571e-06 0.093186 0.199168 2.4757e-06 4.95133e-06 -0.00106188 0.00135151 
0.0014168 2.51779e-06 5.03563e-06 2.51781e-06 5.03559e-06 0.00108752 -0.00107996 0.00108752 0.00108752 5.03556e-06 -0.00107996 0.00108752 -0.00107996 0.00108752 5.03555e-06 5.03555e-06 0.00108752 2.51778e-06 5.03554e-06 5.03552e-06 -0.00107995 0.00108751 0.00108751 -0.00107995 5.03551e-06 2.51774e-06 0.0949416 0.202997 2.51772e-06 5.03538e-06 -0.00107991 0.00137443 
0.00144042 2.55982e-06 5.11969e-06 2.55985e-06 5.11966e-06 0.00110568 -0.00109799 0.00110568 0.00110568 5.11963e-06 -0.00109799 0.00110567 -0.00109799 0.00110567 5.11961e-06 5.11961e-06 0.00110567 2.55981e-06 5.1196e-06 5.11959e-06 -0.00109798 0.00110566 0.00110566 -0.00109798 5.11957e-06 2.55977e-06 0.0966906 0.206822 2.55975e-06 5.11944e-06 -0.00109793 0.00139734 
0.00146405 2.60186e-06 5.20376e-06 2.60188e-06 5.20373e-06 0.00112383 -0.00111602 0.00112383 0.00112383 5.2037e-06 -0.00111602 0.00112383 -0.00111602 0.00112383 5.20368e-06 5.20368e-06 0.00112383 2.60185e-06 5.20367e-06 5.20365e-06 -0.00111601 0.00112382 0.00112382 -0.00111601 5.20363e-06 2.6018e-06 0.0984301 0.210632 2.60178e-06 5.2035e-06 -0.00111596 0.00142025 
0.00148769 2.64389e-06 5.28783e-06 2.64392e-06 5.2878e-06 0.00114199 -0.00113405 0.00114199 0.00114199 5.28777e-06 -0.00113405 0.00114199 -0.00113405 0.00114198 5.28775e-06 5.28775e-06 0.00114198 2.64388e-06 5.28774e-06 5.28772e-06 -0.00113404 0.00114198 0.00114197 -0.00113404 5.2877e-06 2.64384e-06 0.100173 0.214428 2.64382e-06 5.28757e-06 -0.00113399 0.00144317 
0.00151133 2.68593e-06 5.37191e-06 2.68595e-06 5.37187e-06 0.00116015 -0.00115208 0.00116015 0.00116015 5.37185e-06 -0.00115208 0.00116014 -0.00115208 0.00116014 5.37182e-06 5.37183e-06 0.00116014 2.68592e-06 5.37181e-06 5.3718e-06 -0.00115207 0.00116013 0.00116013 -0.00115207 5.37177e-06 2.68587e-06 0.10191 0.21821 2.68585e-06 5.37164e-06 -0.00115202 0.00146608 
0.00153496 2.72797e-06 5.45599e-06 2.72799e-06 5.45595e-06 0.00117831 -0.00117012 0.00117831 0.0011783 5.45593e-06 -0.00117012 0.0011783 -0.00117012 0.0011783 5.4559e-06 5.4559e-06 0.0011783 2.72796e-06 5.45589e-06 5.45588e-06 -0.0011701 0.00117829 0.00117829 -0.0011701 5.45585e-06 2.72791e-06 0.10363 0.221975 2.72789e-06 5.45571e-06 -0.00117005 0.001489 
0.00155859 2.77001e-06 5.54007e-06 2.77004e-06 5.54004e-06 0.00119647 -0.00118815 0.00119647 0.00119646 5.54001e-06 -0.00118815 0.00119646 -0.00118815 0.00119646 5.53998e-06 5.53999e-06 0.00119646 2.77e-06 5.53997e-06 5.53996e-06 -0.00118813 0.00119645 0.00119644 -0.00118813 5.53993e-06 2.76995e-06 0.105342 0.225715 2.76993e-06 5.53979e-06 -0.00118808 0.00151194 
0.00158223 2.81205e-06 5.62416e-06 2.81208e-06 5.62413e-06 0.00121463 -0.00120618 0.00121463 0.00121462 5.6241e-06 -0.00120618 0.00121462 -0.00120618 0.00121462 5.62407e-06 5.62407e-06 0.00121462 2.81204e-06 5.62406e-06 5.62404e-06 -0.00120617 0.00121461 0.0012146 -0.00120617 5.62401e-06 2.812e-06 0.107046 0.229435 2.81197e-06 5.62387e-06 -0.00120611 0.00153486 
0.00160587 2.8541e-06 5.70825e-06 2.85413e-06 5.70822e-06 0.00123279 -0.00122422 0.00123279 0.00123278 5.70819e-06 -0.00122422 0.00123278 -0.00122422 0.00123278 5.70816e-06 5.70816e-06 0.00123278 2.85409e-06 5.70815e-06 5.70813e-06 -0.0012242 0.00123277 0.00123276 -0.0012242 5.7081e-06 2.85404e-06 0.108739 0.233129 2.85401e-06 5.70795e-06 -0.00122414 0.00155778 
0.00162952 2.89615e-06 5.79235e-06 2.89617e-06 5.79231e-06 0.00125095 -0.00124225 0.00125095 0.00125094 5.79228e-06 -0.00124225 0.00125094 -0.00124225 0.00125094 5.79225e-06 5.79225e-06 0.00125094 2.89613e-06 5.79224e-06 5.79222e-06 -0.00124224 0.00125093 0.00125092 -0.00124223 5.79219e-06 2.89608e-06 0.110423 0.236807 2.89606e-06 5.79203e-06 -0.00124218 0.0015807 
0.00165316 2.93819e-06 5.87644e-06 2.93822e-06 5.87641e-06 0.00126911 -0.00126029 0.00126911 0.00126911 5.87638e-06 -0.00126029 0.00126911 -0.00126029 0.0012691 5.87635e-06 5.87635e-06 0.0012691 2.93818e-06 5.87633e-06 5.87632e-06 -0.00126027 0.00126909 0.00126909 -0.00126027 5.87628e-06 2.93813e-06 0.112097 0.240458 2.9381e-06 5.87612e-06 -0.00126021 0.00160362 
0.00167681 2.98024e-06 5.96054e-06 2.98027e-06 5.96051e-06 0.00128727 -0.00127832 0.00128727 0.00128727 5.96048e-06 -0.00127833 0.00128727 -0.00127833 0.00128727 5.96044e-06 5.96045e-06 0.00128726 2.98023e-06 5.96043e-06 5.96041e-06 -0.00127831 0.00128726 0.00128725 -0.00127831 5.96038e-06 2.98018e-06 0.113763 0.244088 2.98015e-06 5.96022e-06 -0.00127824 0.00162656 
0.00170044 3.02229e-06 6.04465e-06 3.02232e-06 6.04461e-06 0.00130544 -0.00129636 0.00130544 0.00130543 6.04458e-06 -0.00129636 0.00130543 -0.00129636 0.00130543 6.04455e-06 6.04455e-06 0.00130543 3.02228e-06 6.04453e-06 6.04451e-06 -0.00129635 0.00130542 0.00130541 -0.00129634 6.04448e-06 3.02223e-06 0.115407 0.247676 3.0222e-06 6.04431e-06 -0.00129628 0.00164949 
0.00172409 3.06434e-06 6.12876e-06 3.06438e-06 6.12872e-06 0.0013236 -0.0013144 0.0013236 0.0013236 6.12869e-06 -0.0013144 0.0013236 -0.0013144 0.00132359 6.12865e-06 6.12865e-06 0.00132359 3.06434e-06 6.12864e-06 6.12862e-06 -0.00131438 0.00132358 0.00132357 -0.00131438 6.12858e-06 3.06428e-06 0.117026 0.251222 3.06425e-06 6.12841e-06 -0.00131431 0.00167243 
0.00174774 3.1064e-06 6.21287e-06 3.10643e-06 6.21283e-06 0.00134177 -0.00133244 0.00134177 0.00134176 6.2128e-06 -0.00133244 0.00134176 -0.00133244 0.00134176 6.21276e-06 6.21276e-06 0.00134176 3.10639e-06 6.21275e-06 6.21272e-06 -0.00133242 0.00134175 0.00134174 -0.00133242 6.21269e-06 3.10633e-06 0.118619 0.254718 3.1063e-06 6.21251e-06 -0.00133235 0.00169536 
0.00177139 3.14845e-06 6.29698e-06 3.14849e-06 6.29694e-06 0.00135993 -0.00135048 0.00135993 0.00135993 6.29691e-06 -0.00135048 0.00135993 -0.00135048 0.00135992 6.29687e-06 6.29687e-06 0.00135992 3.14844e-06 6.29685e-06 6.29683e-06 -0.00135046 0.00135991 0.0013599 -0.00135046 6.29679e-06 3.14838e-06 0.120187 0.258164 3.14835e-06 6.29662e-06 -0.00135039 0.00171829 
0.00179504 3.19051e-06 6.38109e-06 3.19055e-06 6.38105e-06 0.0013781 -0.00136852 0.0013781 0.00137809 6.38102e-06 -0.00136852 0.00137809 -0.00136852 0.00137809 6.38098e-06 6.38098e-06 0.00137809 3.1905e-06 6.38096e-06 6.38094e-06 -0.0013685 0.00137808 0.00137807 -0.00136849 6.3809e-06 3.19044e-06 0.121732 0.261566 3.1904e-06 6.38072e-06 -0.00136842 0.00174122 
0.00181869 3.23256e-06 6.4652e-06 3.2326e-06 6.46516e-06 0.00139626 -0.00138656 0.00139626 0.00139626 6.46513e-06 -0.00138656 0.00139626 -0.00138656 0.00139626 6.46509e-06 6.46509e-06 0.00139625 3.23256e-06 6.46508e-06 6.46506e-06 -0.00138654 0.00139624 0.00139623 -0.00138653 6.46502e-06 3.23249e-06 0.123257 0.264926 3.23246e-06 6.46483e-06 -0.00138646 0.00176416 
0.00184235 3.27462e-06 6.54932e-06 3.27466e-06 6.54928e-06 0.00141443 -0.0014046 0.00141443 0.00141442 6.54925e-06 -0.0014046 0.00141442 -0.0014046 0.00141442 6.54921e-06 6.54921e-06 0.00141442 3.27461e-06 6.54919e-06 6.54917e-06 -0.00140458 0.00141441 0.0014144 -0.00140457 6.54913e-06 3.27455e-06 0.124757 0.268239 3.27451e-06 6.54894e-06 -0.0014045 0.0017871 
0.00186601 3.31668e-06 6.63344e-06 3.31672e-06 6.6334e-06 0.0014326 -0.00142264 0.0014326 0.00143259 6.63336e-06 -0.00142264 0.00143259 -0.00142264 0.00143259 6.63332e-06 6.63333e-06 0.00143259 3.31667e-06 6.63331e-06 6.63329e-06 -0.00142261 0.00143257 0.00143256 -0.00142261 6.63324e-06 3.3166e-06 0.126235 0.271493 3.31657e-06 6.63304e-06 -0.00142254 0.00181003 
0.00188965 3.35874e-06 6.71755e-06 3.35878e-06 6.71751e-06 0.00145076 -0.00144068 0.00145076 0.00145076 6.71748e-06 -0.00144068 0.00145076 -0.00144068 0.00145076 6.71744e-06 6.71744e-06 0.00145075 3.35873e-06 6.71742e-06 6.7174e-06 -0.00144065 0.00145074 0.00145073 -0.00144065 6.71735e-06 3.35866e-06 0.127681 0.274685 3.35862e-06 6.71715e-06 -0.00144057 0.00183296 
0.00191331 3.4008e-06 6.80167e-06 3.40084e-06 6.80163e-06 0.00146893 -0.00145872 0.00146893 0.00146892 6.8016e-06 -0.00145872 0.00146892 -0.00145872 0.00146892 6.80155e-06 6.80156e-06 0.00146892 3.40079e-06 6.80154e-06 6.80152e-06 -0.00145869 0.0014689 0.0014689 -0.00145869 6.80147e-06 3.40072e-06 0.129101 0.277811 3.40068e-06 6.80126e-06 -0.00145861 0.00185589 
0.00193697 3.44286e-06 6.88579e-06 3.4429e-06 6.88575e-06 0.0014871 -0.00147676 0.0014871 0.00148709 6.88571e-06 -0.00147676 0.00148709 -0.00147676 0.00148709 6.88567e-06 6.88568e-06 0.00148709 3.44285e-06 6.88566e-06 6.88563e-06 -0.00147673 0.00148707 0.00148706 -0.00147673 6.88558e-06 3.44278e-06 0.130493 0.280876 3.44273e-06 6.88537e-06 -0.00147665 0.00187883 
0.00196062 3.48492e-06 6.96991e-06 3.48496e-06 6.96987e-06 0.00150526 -0.0014948 0.00150526 0.00150526 6.96983e-06 -0.0014948 0.00150526 -0.0014948 0.00150526 6.96979e-06 6.96979e-06 0.00150525 3.4849e-06 6.96978e-06 6.96975e-06 -0.00149477 0.00150523 0.00150523 -0.00149477 6.9697e-06 3.48483e-06 0.131853 0.283877 3.48479e-06 6.96948e-06 -0.00149469 0.00190176 
0.00198428 3.52698e-06 7.05403e-06 3.52702e-06 7.05399e-06 0.00152343 -0.00151284 0.00152343 0.00152342 7.05395e-06 -0.00151284 0.00152342 -0.00151284 0.00152342 7.0539e-06 7.05391e-06 0.00152342 3.52696e-06 7.05389e-06 7.05387e-06 -0.00151281 0.0015234 0.00152339 -0.00151281 7.05381e-06 3.52689e-06 0.133181 0.286809 3.52685e-06 7.05359e-06 -0.00151273 0.00192469 
0.00200793 3.56904e-06 7.13815e-06 3.56908e-06 7.13811e-06 0.0015416 -0.00153088 0.0015416 0.00154159 7.13807e-06 -0.00153088 0.00154159 -0.00153088 0.00154159 7.13802e-06 7.13802e-06 0.00154159 3.56902e-06 7.13801e-06 7.13798e-06 -0.00153085 0.00154156 0.00154156 -0.00153085 7.13793e-06 3.56895e-06 0.134467 0.289666 3.5689e-06 7.1377e-06 -0.00153076 0.00194762 
0.00203158 3.6111e-06 7.22227e-06 3.61114e-06 7.22223e-06 0.00155976 -0.00154892 0.00155976 0.00155976 7.22219e-06 -0.00154892 0.00155976 -0.00154892 0.00155975 7.22213e-06 7.22214e-06 0.00155975 3.61108e-06 7.22212e-06 7.22209e-06 -0.00154889 0.00155973 0.00155972 -0.00154889 7.22204e-06 3.611e-06 0.135714 0.292451 3.61096e-06 7.22181e-06 -0.0015488 0.00197054 
0.00205523 3.65316e-06 7.30639e-06 3.6532e-06 7.30634e-06 0.00157793 -0.00156696 0.00157793 0.00157792 7.3063e-06 -0.00156696 0.00157792 -0.00156696 0.00157792 7.30625e-06 7.30625e-06 0.00157792 3.65314e-06 7.30623e-06 7.30621e-06 -0.00156693 0.0015779 0.00157789 -0.00156693 7.30615e-06 3.65306e-06 0.136922 0.295157 3.65301e-06 7.30591e-06 -0.00156684 0.00199347 
0.00207887 3.69521e-06 7.39051e-06 3.69526e-06 7.39046e-06 0.0015961 -0.001585 0.0015961 0.00159609 7.39042e-06 -0.001585 0.00159609 -0.001585 0.00159609 7.39036e-06 7.39036e-06 0.00159608 3.69519e-06 7.39035e-06 7.39032e-06 -0.00158497 0.00159606 0.00159605 -0.00158497 7.39026e-06 3.69511e-06 0.138086 0.297775 3.69506e-06 7.39002e-06 -0.00158488 0.00201641 
0.00210253 3.73727e-06 7.47462e-06 3.73731e-06 7.47457e-06 0.00161426 -0.00160304 0.00161426 0.00161425 7.47453e-06 -0.00160304 0.00161426 -0.00160304 0.00161425 7.47447e-06 7.47447e-06 0.00161425 3.73725e-06 7.47445e-06 7.47443e-06 -0.00160301 0.00161422 0.00161422 -0.00160301 7.47437e-06 3.73716e-06 0.139202 0.300302 3.73712e-06 7.47412e-06 -0.00160291 0.00203934 
0.00212617 3.77933e-06 7.55874e-06 3.77937e-06 7.55869e-06 0.00163243 -0.00162108 0.00163243 0.00163242 7.55864e-06 -0.00162108 0.00163242 -0.00162108 0.00163242 7.55858e-06 7.55858e-06 0.00163241 3.7793e-06 7.55856e-06 7.55853e-06 -0.00162105 0.00163239 0.00163238 -0.00162104 7.55847e-06 3.77922e-06 0.140276 0.302726 3.77917e-06 7.55822e-06 -0.00162095 0.00206227 
0.0021498 3.82138e-06 7.64285e-06 3.82143e-06 7.6428e-06 0.00165059 -0.00163912 0.00165059 0.00165059 7.64275e-06 -0.00163912 0.00165059 -0.00163912 0.00165058 7.64268e-06 7.64269e-06 0.00165058 3.82135e-06 7.64267e-06 7.64264e-06 -0.00163909 0.00165055 0.00165055 -0.00163908 7.64258e-06 3.82127e-06 0.141303 0.305046 3.82122e-06 7.64231e-06 -0.00163898 0.0020852 
0.00217344 3.86344e-06 7.72696e-06 3.86348e-06 7.7269e-06 0.00166876 -0.00165716 0.00166876 0.00166875 7.72685e-06 -0.00165716 0.00166875 -0.00165716 0.00166874 7.72679e-06 7.72679e-06 0.00166874 3.8634e-06 7.72677e-06 7.72674e-06 -0.00165712 0.00166871 0.00166871 -0.00165712 7.72668e-06 3.86332e-06 0.142283 0.307252 3.86326e-06 7.72641e-06 -0.00165702 0.00210812 
0.00219709 3.90549e-06 7.81106e-06 3.90553e-06 7.81101e-06 0.00168692 -0.0016752 0.00168692 0.00168691 7.81096e-06 -0.00167519 0.00168691 -0.00167519 0.00168691 7.81089e-06 7.81089e-06 0.0016869 3.90546e-06 7.81087e-06 7.81084e-06 -0.00167516 0.00168688 0.00168687 -0.00167516 7.81078e-06 3.90537e-06 0.143211 0.309344 3.90531e-06 7.8105e-06 -0.00167505 0.00213105 
0.00222073 3.94754e-06 7.89517e-06 3.94758e-06 7.89511e-06 0.00170509 -0.00169323 0.00170508 0.00170508 7.89505e-06 -0.00169323 0.00170508 -0.00169323 0.00170507 7.89499e-06 7.89499e-06 0.00170506 3.9475e-06 7.89497e-06 7.89493e-06 -0.00169319 0.00170504 0.00170503 -0.00169319 7.89487e-06 3.94741e-06 0.14409 0.311316 3.94735e-06 7.89459e-06 -0.00169309 0.00215397 
0.00224438 3.98959e-06 7.97927e-06 3.98963e-06 7.97921e-06 0.00172325 -0.00171127 0.00172325 0.00172324 7.97915e-06 -0.00171127 0.00172324 -0.00171127 0.00172323 7.97908e-06 7.97909e-06 0.00172323 3.98955e-06 7.97906e-06 7.97903e-06 -0.00171123 0.0017232 0.00172319 -0.00171123 7.97896e-06 3.98946e-06 0.14492 0.31318 3.9894e-06 7.97868e-06 -0.00171112 0.00217689 
0.00226803 4.03164e-06 8.06337e-06 4.03168e-06 8.06331e-06 0.00174141 -0.00172931 0.00174141 0.0017414 8.06324e-06 -0.0017293 0.0017414 -0.0017293 0.00174139 8.06317e-06 8.06318e-06 0.00174139 4.0316e-06 8.06316e-06 8.06311e-06 -0.00172926 0.00174136 0.00174135 -0.00172926 8.06305e-06 4.0315e-06 0.145703 0.314941 4.03144e-06 8.06276e-06 -0.00172915 0.00219981 
0.00229167 4.07369e-06 8.14746e-06 4.07373e-06 8.1474e-06 0.00175957 -0.00174734 0.00175957 0.00175956 8.14734e-06 -0.00174734 0.00175956 -0.00174734 0.00175955 8.14726e-06 8.14727e-06 0.00175955 4.07364e-06 8.14724e-06 8.1472e-06 -0.0017473 0.00175952 0.00175951 -0.00174729 8.14713e-06 4.07354e-06 0.146443 0.316616 4.07348e-06 8.14684e-06 -0.00174719 0.00222273 
0.00231533 4.11573e-06 8.23155e-06 4.11577e-06 8.23149e-06 0.00177773 -0.00176538 0.00177773 0.00177772 8.23142e-06 -0.00176537 0.00177772 -0.00176537 0.00177771 8.23135e-06 8.23135e-06 0.00177771 4.11569e-06 8.23133e-06 8.23129e-06 -0.00176533 0.00177768 0.00177767 -0.00176533 8.23122e-06 4.11558e-06 0.147151 0.31822 4.11552e-06 8.23091e-06 -0.00176522 0.00224564 
0.00233899 4.15778e-06 8.31564e-06 4.15782e-06 8.31558e-06 0.00179589 -0.00178341 0.00179589 0.00179588 8.31551e-06 -0.0017834 0.00179588 -0.0017834 0.00179587 8.31543e-06 8.31544e-06 0.00179587 4.15773e-06 8.31541e-06 8.31537e-06 -0.00178336 0.00179584 0.00179583 -0.00178336 8.31529e-06 4.15762e-06 0.147834 0.319765 4.15756e-06 8.31499e-06 -0.00178325 0.00226858 
0.00236403 4.19983e-06 8.39973e-06 4.19986e-06 8.39967e-06 0.00181405 -0.00180144 0.00181405 0.00181404 8.3996e-06 -0.00180144 0.00181404 -0.00180144 0.00181403 8.39951e-06 8.39952e-06 0.00181402 4.19977e-06 8.39949e-06 8.39945e-06 -0.0018014 0.001814 0.00181399 -0.00180139 8.39937e-06 4.19966e-06 0.14846 0.321243 4.1996e-06 8.39906e-06 -0.00180128 0.00229298 
