0 0 0 0 0 0 0 0 0 0 0 0 0 0 0 0 0 0 0 0 0 0 0 0 0 0 0 0 0 0 0 0 
-0.00408891 -0.0094732 -0.00943819 -0.0094732 -0.00945518 -0.0094732 -0.00943819 -0.0094562 -0.0094732 -0.00945518 -0.00943819 -0.00945621 -0.00945518 -0.0094732 -0.00945518 -0.00945518 -0.00945621 -0.0094732 -0.00943819 -0.00945518 -0.00945518 -0.00945621 -0.0094732 -0.00945518 -0.00945518 -0.0094732 -0.00945518 -0.0094732 -0.0094562 -0.00945518 -0.00945518 -0.00421895 
-0.00795157 -0.0184495 -0.0183795 -0.0184495 -0.0184134 -0.0184495 -0.0183795 -0.0184155 -0.0184495 -0.0184135 -0.0183795 -0.0184155 -0.0184135 -0.0184495 -0.0184134 -0.0184134 -0.0184155 -0.0184495 -0.0183795 -0.0184134 -0.0184134 -0.0184155 -0.0184495 -0.0184134 -0.0184134 -0.0184495 -0.0184134 -0.0184495 -0.0184155 -0.0184134 -0.0184134 -0.00822757 
-0.0118161 -0.027426 -0.0273209 -0.027426 -0.0273719 -0.027426 -0.0273209 -0.027375 -0.027426 -0.0273719 -0.0273209 -0.027375 -0.0273719 -0.027426 -0.0273719 -0.0273719 -0.027375 -0.027426 -0.0273209 -0.0273719 -0.0273719 -0.027375 -0.027426 -0.0273719 -0.0273719 -0.0274259 -0.0273719 -0.027426 -0.027375 -0.0273719 -0.0273719 -0.0122345 
-0.0156796 -0.0364019 -0.0362618 -0.0364019 -0.0363298 -0.0364019 -0.0362619 -0.0363339 -0.0364019 -0.0363298 -0.0362618 -0.0363339 -0.0363298 -0.0364019 -0.0363298 -0.0363298 -0.0363339 -0.0364019 -0.0362619 -0.0363298 -0.0363298 -0.0363339 -0.0364019 -0.0363298 -0.0363298 -0.0364018 -0.0363298 -0.0364019 -0.0363339 -0.0363298 -0.0363297 -0.0162419 
-0.0195415 -0.0453735 -0.0451984 -0.0453735 -0.0452834 -0.0453735 -0.0451985 -0.0452885 -0.0453735 -0.0452834 -0.0451985 -0.0452886 -0.0452834 -0.0453735 -0.0452834 -0.0452834 -0.0452886 -0.0453735 -0.0451985 -0.0452834 -0.0452834 -0.0452885 -0.0453735 -0.0452834 -0.0452834 -0.0453734 -0.0452834 -0.0453735 -0.0452885 -0.0452833 -0.0452833 -0.0202472 
-0.0234057 -0.0543484 -0.0541383 -0.0543485 -0.0542403 -0.0543485 -0.0541384 -0.0542464 -0.0543484 -0.0542403 -0.0541384 -0.0542465 -0.0542403 -0.0543484 -0.0542403 -0.0542402 -0.0542465 -0.0543484 -0.0541384 -0.0542403 -0.0542402 -0.0542465 -0.0543484 -0.0542402 -0.0542402 -0.0543483 -0.0542402 -0.0543484 -0.0542464 -0.0542402 -0.0542401 -0.0242531 
-0.0272706 -0.0633245 -0.0630794 -0.0633246 -0.0631984 -0.0633246 -0.0630794 -0.0632055 -0.0633246 -0.0631984 -0.0630794 -0.0632056 -0.0631984 -0.0633245 -0.0631983 -0.0631983 -0.0632056 -0.0633245 -0.0630794 -0.0631984 -0.0631983 -0.0632056 -0.0633246 -0.0631983 -0.0631983 -0.0633244 -0.0631983 -0.0633245 -0.0632055 -0.0631982 -0.0631981 -0.0282593 
-0.0311356 -0.0723018 -0.0720217 -0.072302 -0.0721578 -0.072302 -0.0720218 -0.0721659 -0.072302 -0.0721578 -0.0720218 -0.072166 -0.0721578 -0.0723019 -0.0721577 -0.0721577 -0.072166 -0.0723019 -0.0720218 -0.0721577 -0.0721577 -0.072166 -0.072302 -0.0721576 -0.0721577 -0.0723017 -0.0721576 -0.0723018 -0.0721659 -0.0721576 -0.0721574 -0.0322665 
-0.0349993 -0.0812782 -0.0809631 -0.0812784 -0.0811162 -0.0812784 -0.0809631 -0.0811253 -0.0812784 -0.0811161 -0.0809631 -0.0811254 -0.0811161 -0.0812782 -0.081116 -0.081116 -0.0811254 -0.0812782 -0.0809631 -0.0811161 -0.081116 -0.0811253 -0.0812783 -0.0811159 -0.081116 -0.081278 -0.0811159 -0.0812781 -0.0811252 -0.0811158 -0.0811156 -0.0362742 
-0.0388638 -0.0902542 -0.0899042 -0.0902545 -0.0900743 -0.0902545 -0.0899042 -0.0900844 -0.0902545 -0.0900742 -0.0899042 -0.0900846 -0.0900742 -0.0902543 -0.090074 -0.090074 -0.0900845 -0.0902544 -0.0899042 -0.0900741 -0.090074 -0.0900844 -0.0902544 -0.090074 -0.090074 -0.0902541 -0.0900739 -0.0902542 -0.0900843 -0.0900738 -0.0900736 -0.0402808 
-0.0427263 -0.0992277 -0.0988427 -0.0992281 -0.0990298 -0.099228 -0.0988427 -0.0990409 -0.099228 -0.0990297 -0.0988427 -0.0990411 -0.0990297 -0.0992278 -0.0990295 -0.0990295 -0.099041 -0.0992278 -0.0988426 -0.0990296 -0.0990294 -0.0990409 -0.0992279 -0.0990294 -0.0990294 -0.0992275 -0.0990293 -0.0992277 -0.0990407 -0.0990292 -0.0990289 -0.0442871 
-0.0465904 -0.108203 -0.107783 -0.108203 -0.107987 -0.108203 -0.107783 -0.107999 -0.108203 -0.107987 -0.107783 -0.107999 -0.107987 -0.108203 -0.107986 -0.107986 -0.107999 -0.108203 -0.107783 -0.107987 -0.107986 -0.107999 -0.108203 -0.107986 -0.107986 -0.108202 -0.107986 -0.108203 -0.107999 -0.107986 -0.107986 -0.0482932 
-0.050455 -0.11718 -0.116725 -0.11718 -0.116946 -0.11718 -0.116725 -0.116959 -0.11718 -0.116946 -0.116725 -0.116959 -0.116946 -0.11718 -0.116945 -0.116946 -0.116959 -0.11718 -0.116725 -0.116946 -0.116945 -0.116959 -0.11718 -0.116945 -0.116945 -0.117179 -0.116945 -0.11718 -0.116959 -0.116945 -0.116945 -0.0523006 
-0.0543172 -0.126156 -0.125666 -0.126157 -0.125904 -0.126156 -0.125666 -0.125918 -0.126157 -0.125904 -0.125666 -0.125919 -0.125904 -0.126156 -0.125904 -0.125904 -0.125918 -0.126156 -0.125666 -0.125904 -0.125904 -0.125918 -0.126156 -0.125904 -0.125904 -0.126156 -0.125903 -0.126156 -0.125918 -0.125903 -0.125903 -0.0563096 
-0.0581811 -0.135132 -0.134608 -0.135133 -0.134863 -0.135133 -0.134608 -0.134878 -0.135133 -0.134863 -0.134607 -0.134878 -0.134863 -0.135133 -0.134862 -0.134862 -0.134878 -0.135133 -0.134607 -0.134862 -0.134862 -0.134878 -0.135133 -0.134862 -0.134862 -0.135132 -0.134862 -0.135132 -0.134877 -0.134861 -0.134861 -0.0603172 
-0.0620497 -0.144112 -0.143552 -0.144112 -0.143824 -0.144112 -0.143552 -0.14384 -0.144112 -0.143824 -0.143552 -0.14384 -0.143824 -0.144112 -0.143824 -0.143824 -0.14384 -0.144112 -0.143552 -0.143824 -0.143823 -0.14384 -0.144112 -0.143823 -0.143823 -0.144111 -0.143823 -0.144112 -0.14384 -0.143823 -0.143822 -0.0643225 
-0.0659142 -0.15309 -0.152495 -0.153091 -0.152784 -0.15309 -0.152495 -0.152801 -0.153091 -0.152784 -0.152495 -0.152802 -0.152784 -0.15309 -0.152784 -0.152784 -0.152802 -0.15309 -0.152495 -0.152784 -0.152784 -0.152801 -0.15309 -0.152783 -0.152783 -0.153089 -0.152783 -0.15309 -0.152801 -0.152783 -0.152782 -0.0683311 
-0.0697794 -0.162068 -0.161438 -0.162069 -0.161744 -0.162068 -0.161438 -0.161762 -0.162069 -0.161744 -0.161438 -0.161763 -0.161744 -0.162068 -0.161744 -0.161744 -0.161762 -0.162068 -0.161438 -0.161744 -0.161743 -0.161762 -0.162068 -0.161743 -0.161743 -0.162067 -0.161743 -0.162068 -0.161762 -0.161742 -0.161742 -0.0723387 
-0.0736441 -0.171049 -0.170384 -0.17105 -0.170707 -0.171049 -0.170384 -0.170726 -0.171049 -0.170707 -0.170384 -0.170727 -0.170707 -0.171049 -0.170706 -0.170706 -0.170726 -0.171049 -0.170383 -0.170706 -0.170706 -0.170726 -0.171049 -0.170706 -0.170706 -0.171048 -0.170706 -0.171048 -0.170725 -0.170705 -0.170704 -0.0763491 
-0.0775095 -0.180028 -0.179329 -0.180029 -0.179669 -0.180029 -0.179329 -0.179689 -0.180029 -0.179669 -0.179328 -0.179689 -0.179669 -0.180029 -0.179668 -0.179668 -0.179689 -0.180029 -0.179328 -0.179668 -0.179668 -0.179689 -0.180029 -0.179668 -0.179668 -0.180028 -0.179667 -0.180028 -0.179688 -0.179666 -0.179665 -0.0803581 
-0.0813768 -0.18901 -0.188276 -0.189011 -0.188633 -0.189011 -0.188275 -0.188654 -0.189011 -0.188632 -0.188275 -0.188654 -0.188632 -0.18901 -0.188632 -0.188632 -0.188654 -0.18901 -0.188275 -0.188632 -0.188632 -0.188653 -0.18901 -0.188631 -0.188631 -0.189009 -0.188631 -0.18901 -0.188653 -0.18863 -0.188629 -0.0843668 
-0.0852449 -0.197991 -0.197221 -0.197992 -0.197595 -0.197991 -0.19722 -0.197617 -0.197991 -0.197595 -0.19722 -0.197618 -0.197595 -0.197991 -0.197594 -0.197594 -0.197617 -0.197991 -0.19722 -0.197594 -0.197594 -0.197617 -0.197991 -0.197593 -0.197593 -0.197989 -0.197593 -0.19799 -0.197616 -0.197592 -0.197591 -0.0883735 
-0.0891132 -0.206975 -0.206171 -0.206976 -0.206561 -0.206975 -0.20617 -0.206584 -0.206976 -0.206561 -0.20617 -0.206585 -0.206561 -0.206975 -0.206561 -0.20656 -0.206584 -0.206975 -0.206169 -0.20656 -0.20656 -0.206584 -0.206975 -0.20656 -0.20656 -0.206974 -0.206559 -0.206974 -0.206583 -0.206558 -0.206557 -0.0923836 
-0.0929812 -0.215958 -0.215118 -0.215959 -0.215526 -0.215958 -0.215118 -0.21555 -0.215959 -0.215526 -0.215118 -0.215551 -0.215526 -0.215958 -0.215525 -0.215525 -0.21555 -0.215958 -0.215117 -0.215525 -0.215525 -0.21555 -0.215958 -0.215524 -0.215524 -0.215956 -0.215524 -0.215957 -0.215549 -0.215523 -0.215521 -0.0963927 
-0.096847 -0.224939 -0.224065 -0.22494 -0.224489 -0.22494 -0.224064 -0.224515 -0.22494 -0.224489 -0.224064 -0.224515 -0.224489 -0.224939 -0.224489 -0.224488 -0.224514 -0.224939 -0.224063 -0.224488 -0.224488 -0.224514 -0.224939 -0.224488 -0.224487 -0.224937 -0.224487 -0.224938 -0.224513 -0.224486 -0.224484 -0.100403 
-0.100715 -0.233924 -0.233015 -0.233925 -0.233456 -0.233925 -0.233014 -0.233483 -0.233925 -0.233456 -0.233014 -0.233483 -0.233456 -0.233924 -0.233456 -0.233455 -0.233482 -0.233924 -0.233013 -0.233455 -0.233455 -0.233482 -0.233924 -0.233454 -0.233454 -0.233922 -0.233454 -0.233923 -0.23348 -0.233452 -0.233451 -0.104413 
-0.104585 -0.24291 -0.241966 -0.242912 -0.242424 -0.242911 -0.241965 -0.242452 -0.242911 -0.242424 -0.241965 -0.242452 -0.242424 -0.24291 -0.242424 -0.242423 -0.242451 -0.24291 -0.241964 -0.242423 -0.242423 -0.242451 -0.24291 -0.242422 -0.242422 -0.242908 -0.242422 -0.242909 -0.242449 -0.24242 -0.242418 -0.108424 
-0.108454 -0.251898 -0.250919 -0.251899 -0.251394 -0.251898 -0.250917 -0.251422 -0.251899 -0.251394 -0.250918 -0.251423 -0.251394 -0.251898 -0.251393 -0.251393 -0.251422 -0.251898 -0.250917 -0.251392 -0.251392 -0.251421 -0.251898 -0.251392 -0.251392 -0.251895 -0.251391 -0.251896 -0.25142 -0.251389 -0.251387 -0.112436 
-0.112321 -0.260884 -0.25987 -0.260886 -0.260362 -0.260885 -0.259869 -0.260392 -0.260885 -0.260362 -0.259869 -0.260392 -0.260362 -0.260884 -0.260361 -0.260361 -0.260391 -0.260884 -0.259868 -0.26036 -0.26036 -0.26039 -0.260884 -0.26036 -0.26036 -0.260881 -0.26036 -0.260882 -0.260388 -0.260357 -0.260355 -0.116448 
-0.11619 -0.269868 -0.268819 -0.26987 -0.269329 -0.269869 -0.268818 -0.269359 -0.269869 -0.269328 -0.268818 -0.269359 -0.269328 -0.269868 -0.269328 -0.269327 -0.269358 -0.269868 -0.268817 -0.269326 -0.269326 -0.269357 -0.269868 -0.269326 -0.269326 -0.269866 -0.269326 -0.269866 -0.269355 -0.269323 -0.269321 -0.120458 
-0.120058 -0.278854 -0.27777 -0.278856 -0.278296 -0.278855 -0.277768 -0.278328 -0.278855 -0.278296 -0.277769 -0.278328 -0.278296 -0.278854 -0.278295 -0.278295 -0.278327 -0.278854 -0.277767 -0.278294 -0.278294 -0.278326 -0.278854 -0.278293 -0.278293 -0.278851 -0.278293 -0.278852 -0.278324 -0.27829 -0.278288 -0.12447 
-0.123927 -0.287845 -0.286726 -0.287847 -0.287269 -0.287845 -0.286724 -0.287301 -0.287846 -0.287268 -0.286724 -0.287302 -0.287268 -0.287845 -0.287268 -0.287267 -0.287301 -0.287845 -0.286723 -0.287266 -0.287266 -0.2873 -0.287844 -0.287266 -0.287266 -0.287842 -0.287266 -0.287842 -0.287297 -0.287262 -0.28726 -0.128484 
-0.127795 -0.29683 -0.295676 -0.296832 -0.296236 -0.296831 -0.295674 -0.29627 -0.296831 -0.296236 -0.295675 -0.29627 -0.296236 -0.29683 -0.296235 -0.296235 -0.296269 -0.29683 -0.295673 -0.296234 -0.296233 -0.296268 -0.29683 -0.296233 -0.296233 -0.296827 -0.296233 -0.296827 -0.296265 -0.296229 -0.296227 -0.132495 
-0.131665 -0.305819 -0.30463 -0.305821 -0.305207 -0.305819 -0.304628 -0.305242 -0.30582 -0.305206 -0.304628 -0.305242 -0.305206 -0.305819 -0.305206 -0.305205 -0.305241 -0.305819 -0.304627 -0.305204 -0.305204 -0.305239 -0.305818 -0.305204 -0.305203 -0.305815 -0.305203 -0.305816 -0.305237 -0.305199 -0.305197 -0.136508 
-0.135533 -0.314805 -0.313581 -0.314807 -0.314175 -0.314806 -0.313579 -0.314211 -0.314806 -0.314174 -0.313579 -0.314211 -0.314175 -0.314805 -0.314174 -0.314173 -0.31421 -0.314805 -0.313578 -0.314172 -0.314172 -0.314208 -0.314804 -0.314172 -0.314171 -0.314801 -0.314171 -0.314802 -0.314205 -0.314167 -0.314165 -0.14052 
-0.139401 -0.323793 -0.322534 -0.323795 -0.323145 -0.323794 -0.322532 -0.323182 -0.323794 -0.323144 -0.322532 -0.323182 -0.323144 -0.323793 -0.323144 -0.323143 -0.323181 -0.323793 -0.32253 -0.323142 -0.323142 -0.323179 -0.323792 -0.323141 -0.323141 -0.323789 -0.323141 -0.32379 -0.323176 -0.323137 -0.323134 -0.144533 
-0.143271 -0.332781 -0.331487 -0.332784 -0.332115 -0.332782 -0.331485 -0.332153 -0.332782 -0.332114 -0.331485 -0.332153 -0.332115 -0.332781 -0.332114 -0.332113 -0.332152 -0.332781 -0.331483 -0.332112 -0.332112 -0.33215 -0.33278 -0.332111 -0.332111 -0.332777 -0.332111 -0.332777 -0.332147 -0.332106 -0.332104 -0.148545 
-0.147143 -0.34177 -0.340442 -0.341773 -0.341087 -0.341772 -0.34044 -0.341126 -0.341772 -0.341086 -0.34044 -0.341126 -0.341086 -0.341771 -0.341085 -0.341084 -0.341125 -0.341771 -0.340438 -0.341084 -0.341083 -0.341123 -0.34177 -0.341083 -0.341082 -0.341766 -0.341083 -0.341767 -0.341119 -0.341077 -0.341075 -0.152556 
-0.151014 -0.350761 -0.349398 -0.350764 -0.350059 -0.350763 -0.349395 -0.350099 -0.350763 -0.350059 -0.349396 -0.350099 -0.350059 -0.350762 -0.350058 -0.350057 -0.350099 -0.350761 -0.349393 -0.350056 -0.350056 -0.350097 -0.350761 -0.350056 -0.350055 -0.350757 -0.350055 -0.350757 -0.350093 -0.35005 -0.350047 -0.15657 
-0.154885 -0.35975 -0.358352 -0.359754 -0.35903 -0.359752 -0.358349 -0.359071 -0.359752 -0.35903 -0.35835 -0.359072 -0.35903 -0.359751 -0.359029 -0.359028 -0.359071 -0.35975 -0.358347 -0.359027 -0.359027 -0.359069 -0.359749 -0.359026 -0.359026 -0.359745 -0.359026 -0.359746 -0.359064 -0.35902 -0.359017 -0.16058 
-0.158755 -0.368738 -0.367305 -0.368742 -0.368 -0.36874 -0.367302 -0.368042 -0.36874 -0.367999 -0.367302 -0.368042 -0.368 -0.368739 -0.367999 -0.367998 -0.368042 -0.368738 -0.3673 -0.367997 -0.367996 -0.36804 -0.368737 -0.367996 -0.367995 -0.368733 -0.367995 -0.368734 -0.368035 -0.36799 -0.367986 -0.164592 
-0.162627 -0.377728 -0.37626 -0.377731 -0.376972 -0.37773 -0.376257 -0.377015 -0.377729 -0.376971 -0.376257 -0.377015 -0.376971 -0.377728 -0.37697 -0.376969 -0.377014 -0.377728 -0.376254 -0.376968 -0.376968 -0.377012 -0.377726 -0.376968 -0.376967 -0.377722 -0.376967 -0.377723 -0.377007 -0.376961 -0.376957 -0.168604 
-0.166497 -0.386719 -0.385216 -0.386723 -0.385945 -0.386721 -0.385213 -0.385989 -0.386721 -0.385944 -0.385213 -0.385989 -0.385944 -0.38672 -0.385943 -0.385942 -0.385988 -0.386719 -0.38521 -0.385941 -0.385941 -0.385986 -0.386718 -0.385941 -0.38594 -0.386713 -0.38594 -0.386714 -0.385981 -0.385933 -0.38593 -0.172617 
-0.170368 -0.39571 -0.394172 -0.395714 -0.394918 -0.395712 -0.394169 -0.394963 -0.395712 -0.394917 -0.394169 -0.394963 -0.394917 -0.395711 -0.394916 -0.394915 -0.394962 -0.39571 -0.394166 -0.394914 -0.394913 -0.39496 -0.395708 -0.394913 -0.394913 -0.395704 -0.394912 -0.395704 -0.394955 -0.394906 -0.394902 -0.176631 
-0.174238 -0.404703 -0.40313 -0.404707 -0.403893 -0.404705 -0.403126 -0.403939 -0.404705 -0.403892 -0.403127 -0.403939 -0.403892 -0.404704 -0.403891 -0.403889 -0.403938 -0.404703 -0.403124 -0.403889 -0.403888 -0.403936 -0.404701 -0.403888 -0.403887 -0.404696 -0.403887 -0.404697 -0.40393 -0.40388 -0.403876 -0.180646 
-0.178109 -0.413696 -0.412088 -0.413699 -0.412867 -0.413697 -0.412084 -0.412915 -0.413697 -0.412866 -0.412084 -0.412915 -0.412866 -0.413696 -0.412865 -0.412864 -0.412913 -0.413695 -0.412081 -0.412863 -0.412862 -0.412911 -0.413693 -0.412862 -0.412862 -0.413689 -0.412861 -0.413689 -0.412905 -0.412854 -0.41285 -0.184661 
-0.181981 -0.422688 -0.421045 -0.422691 -0.421842 -0.42269 -0.421041 -0.42189 -0.42269 -0.42184 -0.421041 -0.42189 -0.421841 -0.422689 -0.421839 -0.421838 -0.421889 -0.422688 -0.421038 -0.421837 -0.421836 -0.421886 -0.422685 -0.421836 -0.421836 -0.422681 -0.421835 -0.422681 -0.42188 -0.421828 -0.421823 -0.188675 
-0.185851 -0.431684 -0.430006 -0.431688 -0.43082 -0.431686 -0.430002 -0.430869 -0.431686 -0.430818 -0.430002 -0.430869 -0.430819 -0.431685 -0.430818 -0.430816 -0.430868 -0.431684 -0.429999 -0.430815 -0.430814 -0.430866 -0.431681 -0.430814 -0.430814 -0.431677 -0.430813 -0.431677 -0.430859 -0.430805 -0.4308 -0.192693 
-0.189723 -0.44068 -0.438967 -0.440684 -0.439797 -0.440682 -0.438963 -0.439848 -0.440682 -0.439796 -0.438963 -0.439848 -0.439796 -0.440681 -0.439795 -0.439794 -0.439847 -0.440679 -0.43896 -0.439793 -0.439792 -0.439844 -0.440677 -0.439792 -0.439791 -0.440672 -0.43979 -0.440672 -0.439837 -0.439782 -0.439777 -0.196709 
-0.193595 -0.449671 -0.447922 -0.449674 -0.44877 -0.449672 -0.447918 -0.448822 -0.449672 -0.448768 -0.447918 -0.448821 -0.448769 -0.449671 -0.448767 -0.448766 -0.44882 -0.44967 -0.447915 -0.448765 -0.448764 -0.448817 -0.449667 -0.448764 -0.448764 -0.449662 -0.448762 -0.449662 -0.44881 -0.448754 -0.448749 -0.200721 
-0.197468 -0.458666 -0.456883 -0.45867 -0.457747 -0.458668 -0.456879 -0.4578 -0.458668 -0.457746 -0.456879 -0.4578 -0.457746 -0.458667 -0.457745 -0.457744 -0.457799 -0.458665 -0.456875 -0.457742 -0.457741 -0.457796 -0.458663 -0.457741 -0.457741 -0.458658 -0.45774 -0.458658 -0.457788 -0.457731 -0.457726 -0.204736 
-0.20134 -0.467661 -0.465843 -0.467665 -0.466724 -0.467663 -0.465838 -0.466779 -0.467663 -0.466723 -0.465838 -0.466778 -0.466723 -0.467661 -0.466722 -0.46672 -0.466777 -0.46766 -0.465835 -0.466719 -0.466718 -0.466774 -0.467658 -0.466718 -0.466718 -0.467652 -0.466716 -0.467653 -0.466765 -0.466708 -0.466702 -0.208752 
-0.205215 -0.47666 -0.474807 -0.476664 -0.475705 -0.476663 -0.474802 -0.475761 -0.476662 -0.475704 -0.474802 -0.47576 -0.475704 -0.476661 -0.475703 -0.475701 -0.475759 -0.476659 -0.474799 -0.4757 -0.475699 -0.475756 -0.476657 -0.475699 -0.475699 -0.476651 -0.475697 -0.476651 -0.475747 -0.475688 -0.475682 -0.212768 
-0.209089 -0.485659 -0.483771 -0.485663 -0.484686 -0.485661 -0.483766 -0.484743 -0.48566 -0.484684 -0.483766 -0.484742 -0.484685 -0.485659 -0.484683 -0.484682 -0.484741 -0.485658 -0.483763 -0.48468 -0.48468 -0.484737 -0.485655 -0.484679 -0.484679 -0.48565 -0.484677 -0.48565 -0.484728 -0.484668 -0.484662 -0.216785 
-0.212962 -0.494654 -0.49273 -0.494658 -0.493663 -0.494656 -0.492725 -0.493721 -0.494655 -0.493661 -0.492726 -0.493719 -0.493661 -0.494654 -0.49366 -0.493659 -0.493718 -0.494653 -0.492723 -0.493657 -0.493656 -0.493715 -0.49465 -0.493656 -0.493656 -0.494644 -0.493654 -0.494644 -0.493706 -0.493644 -0.493637 -0.2208 
-0.216837 -0.503652 -0.501693 -0.503656 -0.502643 -0.503654 -0.501688 -0.502702 -0.503653 -0.502641 -0.501689 -0.5027 -0.502641 -0.503652 -0.50264 -0.502639 -0.502699 -0.503651 -0.501685 -0.502637 -0.502636 -0.502696 -0.503647 -0.502636 -0.502635 -0.503642 -0.502634 -0.503642 -0.502686 -0.502624 -0.502617 -0.224815 
-0.220713 -0.512651 -0.510658 -0.512656 -0.511624 -0.512654 -0.510653 -0.511684 -0.512653 -0.511622 -0.510653 -0.511683 -0.511622 -0.512652 -0.511621 -0.51162 -0.511682 -0.51265 -0.51065 -0.511618 -0.511617 -0.511678 -0.512647 -0.511617 -0.511617 -0.512641 -0.511615 -0.512641 -0.511668 -0.511604 -0.511597 -0.22883 
-0.22459 -0.521652 -0.519624 -0.521657 -0.520607 -0.521655 -0.519618 -0.520668 -0.521654 -0.520605 -0.519619 -0.520667 -0.520605 -0.521652 -0.520603 -0.520603 -0.520666 -0.521651 -0.519615 -0.5206 -0.5206 -0.520662 -0.521647 -0.5206 -0.520599 -0.521642 -0.520597 -0.521641 -0.520652 -0.520587 -0.520579 -0.232847 
-0.228465 -0.530652 -0.528589 -0.530657 -0.529589 -0.530655 -0.528583 -0.529651 -0.530654 -0.529587 -0.528584 -0.52965 -0.529587 -0.530652 -0.529585 -0.529585 -0.529648 -0.530651 -0.52858 -0.529582 -0.529581 -0.529645 -0.530647 -0.529581 -0.529581 -0.530641 -0.529579 -0.530641 -0.529634 -0.529568 -0.52956 -0.236864 
-0.23234 -0.539652 -0.537553 -0.539657 -0.538571 -0.539655 -0.537548 -0.538634 -0.539654 -0.538568 -0.537548 -0.538632 -0.538569 -0.539652 -0.538567 -0.538567 -0.538631 -0.53965 -0.537544 -0.538564 -0.538563 -0.538627 -0.539646 -0.538563 -0.538562 -0.539641 -0.53856 -0.53964 -0.538616 -0.538549 -0.53854 -0.24088 
-0.236214 -0.548649 -0.546516 -0.548654 -0.54755 -0.548652 -0.54651 -0.547614 -0.548651 -0.547548 -0.54651 -0.547612 -0.547548 -0.548649 -0.547546 -0.547546 -0.547611 -0.548647 -0.546506 -0.547543 -0.547542 -0.547607 -0.548643 -0.547542 -0.547541 -0.548638 -0.547539 -0.548637 -0.547596 -0.547527 -0.547518 -0.244896 
-0.240089 -0.557648 -0.555479 -0.557653 -0.556531 -0.557651 -0.555474 -0.556596 -0.557649 -0.556528 -0.555474 -0.556594 -0.556528 -0.557648 -0.556526 -0.556526 -0.556592 -0.557646 -0.55547 -0.556523 -0.556523 -0.556589 -0.557641 -0.556522 -0.556521 -0.557636 -0.55652 -0.557635 -0.556577 -0.556508 -0.556498 -0.248912 
-0.243965 -0.566649 -0.564445 -0.566654 -0.565514 -0.566651 -0.564439 -0.565579 -0.56665 -0.565511 -0.564439 -0.565578 -0.565511 -0.566649 -0.565509 -0.565509 -0.565576 -0.566647 -0.564435 -0.565506 -0.565505 -0.565572 -0.566642 -0.565504 -0.565503 -0.566637 -0.565502 -0.566636 -0.56556 -0.56549 -0.56548 -0.252929 
-0.247839 -0.575649 -0.57341 -0.575654 -0.574496 -0.575651 -0.573404 -0.574563 -0.57565 -0.574493 -0.573404 -0.574561 -0.574493 -0.575649 -0.574491 -0.574491 -0.574559 -0.575647 -0.5734 -0.574488 -0.574487 -0.574555 -0.575642 -0.574486 -0.574485 -0.575636 -0.574484 -0.575635 -0.574542 -0.574471 -0.574461 -0.256948 
-0.251714 -0.584649 -0.582375 -0.584654 -0.583478 -0.584652 -0.582369 -0.583546 -0.58465 -0.583476 -0.58237 -0.583544 -0.583476 -0.584649 -0.583473 -0.583473 -0.583542 -0.584647 -0.582365 -0.58347 -0.583469 -0.583538 -0.584641 -0.583468 -0.583467 -0.584636 -0.583466 -0.584635 -0.583525 -0.583453 -0.583442 -0.260965 
-0.255594 -0.593652 -0.591343 -0.593657 -0.592463 -0.593655 -0.591337 -0.592532 -0.593653 -0.592461 -0.591338 -0.59253 -0.592461 -0.593652 -0.592457 -0.592458 -0.592528 -0.59365 -0.591332 -0.592455 -0.592453 -0.592524 -0.593644 -0.592452 -0.592451 -0.593639 -0.59245 -0.593638 -0.59251 -0.592437 -0.592426 -0.26498 
-0.259469 -0.602654 -0.60031 -0.602659 -0.601447 -0.602657 -0.600304 -0.601517 -0.602655 -0.601445 -0.600305 -0.601515 -0.601445 -0.602654 -0.601441 -0.601442 -0.601513 -0.602652 -0.600299 -0.601438 -0.601437 -0.601509 -0.602646 -0.601436 -0.601435 -0.602641 -0.601434 -0.602639 -0.601495 -0.60142 -0.601409 -0.268998 
-0.263345 -0.611655 -0.609277 -0.611661 -0.61043 -0.611658 -0.60927 -0.610501 -0.611656 -0.610428 -0.609271 -0.610499 -0.610428 -0.611655 -0.610425 -0.610425 -0.610497 -0.611653 -0.609265 -0.610421 -0.61042 -0.610493 -0.611647 -0.610419 -0.610418 -0.611642 -0.610417 -0.61164 -0.610479 -0.610402 -0.610391 -0.273015 
-0.267221 -0.620659 -0.618246 -0.620665 -0.619416 -0.620663 -0.618239 -0.619489 -0.62066 -0.619414 -0.61824 -0.619486 -0.619415 -0.62066 -0.61941 -0.619411 -0.619484 -0.620657 -0.618234 -0.619407 -0.619406 -0.61948 -0.620651 -0.619405 -0.619403 -0.620645 -0.619403 -0.620644 -0.619465 -0.619388 -0.619376 -0.277034 
-0.271098 -0.629662 -0.627214 -0.629668 -0.628401 -0.629666 -0.627207 -0.628475 -0.629663 -0.628399 -0.627208 -0.628472 -0.6284 -0.629663 -0.628395 -0.628396 -0.62847 -0.62966 -0.627202 -0.628392 -0.628391 -0.628466 -0.629654 -0.628389 -0.628388 -0.629648 -0.628387 -0.629647 -0.628451 -0.628372 -0.62836 -0.281053 
-0.274976 -0.638667 -0.636184 -0.638673 -0.637388 -0.638671 -0.636177 -0.637463 -0.638668 -0.637386 -0.636178 -0.63746 -0.637387 -0.638668 -0.637382 -0.637382 -0.637458 -0.638665 -0.636172 -0.637379 -0.637377 -0.637453 -0.638658 -0.637376 -0.637375 -0.638653 -0.637374 -0.638651 -0.637438 -0.637358 -0.637346 -0.285071 
-0.278855 -0.64767 -0.645152 -0.647677 -0.646374 -0.647674 -0.645145 -0.646449 -0.647672 -0.646371 -0.645146 -0.646447 -0.646372 -0.647671 -0.646367 -0.646368 -0.646444 -0.647668 -0.64514 -0.646363 -0.646362 -0.646439 -0.647661 -0.646361 -0.646359 -0.647656 -0.646359 -0.647654 -0.646424 -0.646343 -0.64633 -0.289087 
-0.282734 -0.656677 -0.654124 -0.656684 -0.655363 -0.656681 -0.654117 -0.655439 -0.656679 -0.65536 -0.654118 -0.655437 -0.655361 -0.656678 -0.655356 -0.655356 -0.655434 -0.656675 -0.654112 -0.655352 -0.655351 -0.655429 -0.656668 -0.65535 -0.655348 -0.656662 -0.655347 -0.656661 -0.655413 -0.655331 -0.655317 -0.293106 
-0.286613 -0.665682 -0.663095 -0.66569 -0.66435 -0.665687 -0.663088 -0.664427 -0.665684 -0.664348 -0.663088 -0.664425 -0.664348 -0.665684 -0.664344 -0.664344 -0.664423 -0.665681 -0.663082 -0.664339 -0.664338 -0.664418 -0.665673 -0.664337 -0.664335 -0.665667 -0.664334 -0.665666 -0.664401 -0.664318 -0.664304 -0.297124 
-0.290489 -0.674685 -0.672063 -0.674693 -0.673336 -0.674691 -0.672056 -0.673414 -0.674688 -0.673333 -0.672057 -0.673412 -0.673334 -0.674687 -0.673329 -0.673329 -0.673409 -0.674684 -0.67205 -0.673325 -0.673323 -0.673404 -0.674676 -0.673322 -0.673321 -0.67467 -0.673319 -0.674669 -0.673387 -0.673302 -0.673288 -0.301143 
-0.294368 -0.683692 -0.681035 -0.6837 -0.682325 -0.683698 -0.681028 -0.682404 -0.683695 -0.682322 -0.681028 -0.682402 -0.682323 -0.683694 -0.682318 -0.682318 -0.682399 -0.683691 -0.681022 -0.682313 -0.682312 -0.682393 -0.683683 -0.682311 -0.682309 -0.683677 -0.682308 -0.683675 -0.682376 -0.68229 -0.682275 -0.305163 
-0.298248 -0.6927 -0.690008 -0.692708 -0.691314 -0.692706 -0.690001 -0.691395 -0.692703 -0.691312 -0.690001 -0.691393 -0.691313 -0.692702 -0.691307 -0.691308 -0.69139 -0.692699 -0.689994 -0.691303 -0.691301 -0.691384 -0.692691 -0.6913 -0.691299 -0.692684 -0.691297 -0.692682 -0.691366 -0.691279 -0.691264 -0.309182 
-0.302126 -0.701709 -0.698982 -0.701717 -0.700305 -0.701715 -0.698975 -0.700387 -0.701712 -0.700302 -0.698975 -0.700385 -0.700304 -0.701711 -0.700298 -0.700298 -0.700382 -0.701708 -0.698968 -0.700294 -0.700292 -0.700375 -0.701699 -0.700291 -0.700289 -0.701693 -0.700288 -0.701691 -0.700358 -0.700269 -0.700254 -0.313203 
-0.306004 -0.710716 -0.707954 -0.710725 -0.709295 -0.710722 -0.707947 -0.709377 -0.710719 -0.709291 -0.707947 -0.709375 -0.709293 -0.710719 -0.709287 -0.709287 -0.709372 -0.710715 -0.70794 -0.709283 -0.709281 -0.709365 -0.710706 -0.709279 -0.709278 -0.710699 -0.709276 -0.710697 -0.709347 -0.709258 -0.709241 -0.317224 
-0.309883 -0.719721 -0.716923 -0.71973 -0.718281 -0.719727 -0.716917 -0.718365 -0.719724 -0.718278 -0.716917 -0.718363 -0.71828 -0.719723 -0.718274 -0.718274 -0.71836 -0.719719 -0.71691 -0.718269 -0.718267 -0.718352 -0.719711 -0.718266 -0.718264 -0.719704 -0.718263 -0.719702 -0.718334 -0.718244 -0.718227 -0.321242 
-0.31376 -0.728727 -0.725894 -0.728736 -0.727269 -0.728733 -0.725888 -0.727354 -0.72873 -0.727266 -0.725887 -0.727351 -0.727268 -0.728729 -0.727261 -0.727262 -0.727349 -0.728725 -0.72588 -0.727257 -0.727254 -0.72734 -0.728716 -0.727253 -0.727252 -0.728709 -0.72725 -0.728707 -0.727322 -0.72723 -0.727214 -0.325262 
-0.317638 -0.737737 -0.73487 -0.737746 -0.736261 -0.737744 -0.734863 -0.736347 -0.73774 -0.736258 -0.734863 -0.736345 -0.73626 -0.73774 -0.736253 -0.736254 -0.736342 -0.737735 -0.734855 -0.736249 -0.736246 -0.736333 -0.737726 -0.736245 -0.736244 -0.737719 -0.736242 -0.737717 -0.736315 -0.736222 -0.736205 -0.329284 
-0.321516 -0.746742 -0.743839 -0.746751 -0.745248 -0.746748 -0.743833 -0.745335 -0.746745 -0.745245 -0.743832 -0.745332 -0.745246 -0.746744 -0.74524 -0.74524 -0.74533 -0.74674 -0.743825 -0.745235 -0.745233 -0.74532 -0.74673 -0.745231 -0.74523 -0.746723 -0.745228 -0.746721 -0.745302 -0.745207 -0.74519 -0.333303 
-0.325394 -0.75575 -0.752812 -0.755758 -0.754237 -0.755756 -0.752805 -0.754325 -0.755752 -0.754234 -0.752805 -0.754322 -0.754235 -0.755751 -0.754229 -0.754229 -0.75432 -0.755747 -0.752797 -0.754224 -0.754222 -0.75431 -0.755737 -0.75422 -0.754219 -0.75573 -0.754217 -0.755728 -0.754291 -0.754196 -0.754178 -0.337323 
-0.329271 -0.764754 -0.761781 -0.764763 -0.763224 -0.76476 -0.761774 -0.763313 -0.764756 -0.76322 -0.761774 -0.76331 -0.763221 -0.764755 -0.763214 -0.763215 -0.763307 -0.764751 -0.761766 -0.76321 -0.763208 -0.763297 -0.764741 -0.763206 -0.763205 -0.764734 -0.763203 -0.764732 -0.763278 -0.763181 -0.763163 -0.341342 
-0.333148 -0.77376 -0.770752 -0.773769 -0.772211 -0.773766 -0.770745 -0.772302 -0.773762 -0.772207 -0.770744 -0.772298 -0.772209 -0.773761 -0.772202 -0.772202 -0.772295 -0.773756 -0.770736 -0.772197 -0.772195 -0.772284 -0.773746 -0.772193 -0.772192 -0.773738 -0.77219 -0.773736 -0.772265 -0.772167 -0.772149 -0.345362 
-0.337026 -0.782765 -0.779722 -0.782774 -0.781198 -0.782771 -0.779715 -0.78129 -0.782767 -0.781194 -0.779714 -0.781286 -0.781195 -0.782766 -0.781188 -0.781189 -0.781283 -0.782761 -0.779705 -0.781184 -0.781181 -0.781272 -0.78275 -0.781179 -0.781178 -0.782743 -0.781176 -0.782741 -0.781252 -0.781153 -0.781134 -0.349381 
-0.340905 -0.791771 -0.788693 -0.79178 -0.790186 -0.791777 -0.788686 -0.790279 -0.791773 -0.790182 -0.788685 -0.790275 -0.790183 -0.791771 -0.790176 -0.790177 -0.790272 -0.791767 -0.788676 -0.790171 -0.790169 -0.79026 -0.791755 -0.790167 -0.790165 -0.791748 -0.790164 -0.791746 -0.79024 -0.79014 -0.790121 -0.353399 
-0.344783 -0.800778 -0.797664 -0.800787 -0.799175 -0.800784 -0.797657 -0.799268 -0.800779 -0.79917 -0.797656 -0.799264 -0.799171 -0.800777 -0.799164 -0.799165 -0.799261 -0.800773 -0.797647 -0.799159 -0.799156 -0.799249 -0.800761 -0.799155 -0.799153 -0.800754 -0.799151 -0.800752 -0.799229 -0.799127 -0.799108 -0.357419 
-0.348662 -0.809782 -0.806633 -0.809791 -0.808161 -0.809788 -0.806626 -0.808255 -0.809783 -0.808156 -0.806625 -0.808251 -0.808157 -0.809781 -0.80815 -0.80815 -0.808247 -0.809776 -0.806615 -0.808145 -0.808142 -0.808235 -0.809764 -0.80814 -0.808138 -0.809757 -0.808137 -0.809755 -0.808214 -0.808111 -0.808092 -0.361435 
-0.352538 -0.818784 -0.8156 -0.818793 -0.817145 -0.81879 -0.815593 -0.81724 -0.818785 -0.81714 -0.815591 -0.817236 -0.817141 -0.818783 -0.817133 -0.817134 -0.817231 -0.818778 -0.815581 -0.817128 -0.817125 -0.817219 -0.818766 -0.817123 -0.817121 -0.818758 -0.81712 -0.818756 -0.817198 -0.817094 -0.817075 -0.365452 
-0.356416 -0.827787 -0.824569 -0.827796 -0.82613 -0.827794 -0.824561 -0.826226 -0.827789 -0.826125 -0.824559 -0.826222 -0.826126 -0.827786 -0.826118 -0.826118 -0.826217 -0.827781 -0.824549 -0.826113 -0.826109 -0.826205 -0.827768 -0.826108 -0.826106 -0.827761 -0.826104 -0.827758 -0.826183 -0.826078 -0.826058 -0.369469 
-0.360292 -0.836792 -0.833538 -0.8368 -0.835116 -0.836798 -0.83353 -0.835213 -0.836793 -0.83511 -0.833528 -0.835209 -0.835112 -0.836789 -0.835104 -0.835104 -0.835203 -0.836784 -0.833518 -0.835098 -0.835095 -0.835191 -0.836771 -0.835093 -0.835091 -0.836764 -0.835089 -0.836761 -0.835169 -0.835062 -0.835042 -0.373488 
-0.364168 -0.845794 -0.842506 -0.845803 -0.8441 -0.845801 -0.842498 -0.844199 -0.845795 -0.844095 -0.842495 -0.844194 -0.844096 -0.845792 -0.844088 -0.844088 -0.844189 -0.845787 -0.842485 -0.844082 -0.844079 -0.844176 -0.845773 -0.844077 -0.844075 -0.845766 -0.844072 -0.845763 -0.844153 -0.844046 -0.844026 -0.377506 
-0.368044 -0.854799 -0.851475 -0.854807 -0.853086 -0.854804 -0.851467 -0.853185 -0.854799 -0.85308 -0.851464 -0.853181 -0.853082 -0.854795 -0.853073 -0.853074 -0.853175 -0.85479 -0.851453 -0.853067 -0.853064 -0.853162 -0.854776 -0.853062 -0.85306 -0.854768 -0.853057 -0.854766 -0.853139 -0.85303 -0.85301 -0.381526 
-0.371919 -0.863801 -0.860442 -0.86381 -0.862071 -0.863807 -0.860434 -0.862171 -0.863802 -0.862065 -0.860431 -0.862166 -0.862066 -0.863798 -0.862057 -0.862058 -0.86216 -0.863793 -0.86042 -0.862051 -0.862048 -0.862147 -0.863778 -0.862046 -0.862044 -0.86377 -0.862041 -0.863767 -0.862123 -0.862013 -0.861993 -0.385545 
-0.375795 -0.872803 -0.869409 -0.872812 -0.871055 -0.872809 -0.869401 -0.871156 -0.872804 -0.871048 -0.869398 -0.871151 -0.87105 -0.872799 -0.87104 -0.871041 -0.871144 -0.872794 -0.869386 -0.871034 -0.871031 -0.871131 -0.872779 -0.871028 -0.871026 -0.872771 -0.871023 -0.872768 -0.871107 -0.870996 -0.870975 -0.389562 
-0.37967 -0.881809 -0.878379 -0.881817 -0.880042 -0.881814 -0.878371 -0.880143 -0.881809 -0.880035 -0.878367 -0.880138 -0.880037 -0.881804 -0.880027 -0.880027 -0.880131 -0.881799 -0.878356 -0.88002 -0.880017 -0.880119 -0.881783 -0.880014 -0.880012 -0.881775 -0.880009 -0.881772 -0.880093 -0.879981 -0.87996 -0.393584 
-0.383548 -0.890818 -0.887353 -0.890826 -0.889033 -0.890823 -0.887344 -0.889135 -0.890818 -0.889026 -0.887341 -0.88913 -0.889027 -0.890813 -0.889017 -0.889018 -0.889123 -0.890807 -0.887329 -0.88901 -0.889007 -0.88911 -0.890792 -0.889005 -0.889002 -0.890783 -0.888999 -0.89078 -0.889084 -0.888971 -0.888949 -0.397605 
-0.387677 -0.900377 -0.896877 -0.900385 -0.898573 -0.900382 -0.896868 -0.898677 -0.900376 -0.898566 -0.896864 -0.898671 -0.898568 -0.900371 -0.898558 -0.898558 -0.898664 -0.900366 -0.896852 -0.898551 -0.898547 -0.898651 -0.900349 -0.898544 -0.898542 -0.900341 -0.898539 -0.900337 -0.898624 -0.89851 -0.898488 -0.401859 
