731.632 731.632 731.632 731.632 731.632 731.632 731.632 731.632 731.632 731.632 731.632 731.632 731.632 731.632 731.632 731.632 731.632 731.632 731.632 731.632 731.632 731.632 731.632 731.632 731.632 731.632 731.632 731.632 731.632 731.632 731.632 731.632 
731.78 731.763 731.761 731.765 731.763 731.764 731.765 731.762 731.765 731.764 731.764 731.765 731.765 731.763 731.762 731.762 731.766 731.764 731.764 731.764 731.763 731.765 731.766 731.762 731.763 731.761 731.761 731.763 731.761 731.76 731.757 731.75 
731.933 731.899 731.895 731.903 731.899 731.901 731.902 731.896 731.901 731.901 731.901 731.903 731.901 731.898 731.896 731.896 731.903 731.9 731.901 731.9 731.897 731.902 731.904 731.896 731.897 731.895 731.895 731.898 731.895 731.893 731.887 731.873 
732.091 732.038 732.034 732.046 732.04 732.043 732.043 732.034 732.042 732.042 732.043 732.045 732.042 732.038 732.035 732.035 732.045 732.041 732.043 732.04 732.035 732.043 732.046 732.034 732.036 732.033 732.033 732.037 732.034 732.03 732.022 732 
732.256 732.183 732.178 732.194 732.187 732.19 732.189 732.179 732.189 732.188 732.189 732.193 732.188 732.184 732.18 732.179 732.193 732.187 732.19 732.185 732.179 732.19 732.193 732.178 732.18 732.176 732.177 732.182 732.179 732.172 732.161 732.132 
732.428 732.333 732.328 732.348 732.339 732.344 732.341 732.329 732.341 732.34 732.341 732.346 732.339 732.334 732.33 732.328 732.346 732.338 732.343 732.336 732.328 732.342 732.345 732.327 732.33 732.325 732.326 732.332 732.33 732.32 732.306 732.27 
732.605 732.489 732.485 732.508 732.498 732.503 732.498 732.487 732.5 732.498 732.499 732.505 732.497 732.491 732.486 732.484 732.505 732.495 732.5 732.493 732.484 732.5 732.502 732.481 732.485 732.478 732.481 732.488 732.486 732.474 732.455 732.413 
732.79 732.65 732.648 732.674 732.662 732.667 732.661 732.651 732.665 732.662 732.662 732.67 732.66 732.653 732.648 732.645 732.669 732.658 732.662 732.655 732.645 732.663 732.665 732.642 732.646 732.637 732.641 732.65 732.648 732.633 732.611 732.56 
732.98 732.817 732.819 732.844 732.832 732.837 732.829 732.821 732.836 732.831 732.83 732.84 732.829 732.82 732.816 732.813 732.838 732.826 732.829 732.823 732.812 732.831 732.834 732.808 732.812 732.802 732.806 732.816 732.815 732.797 732.772 732.712 
733.176 732.989 732.995 733.019 733.009 733.013 733.003 732.997 733.013 733.006 733.003 733.015 733.004 732.993 732.988 732.986 733.013 732.999 733 732.996 732.985 733.005 733.007 732.98 732.984 732.972 732.977 732.988 732.988 732.966 732.938 732.868 
733.378 733.166 733.178 733.199 733.191 733.193 733.182 733.177 733.194 733.186 733.181 733.195 733.184 733.171 733.164 733.164 733.191 733.177 733.177 733.174 733.162 733.183 733.185 733.157 733.161 733.149 733.153 733.164 733.165 733.139 733.11 733.028 
733.586 733.348 733.366 733.384 733.377 733.378 733.367 733.362 733.381 733.371 733.365 733.381 733.368 733.355 733.347 733.348 733.375 733.36 733.359 733.357 733.345 733.367 733.368 733.34 733.344 733.33 733.334 733.345 733.347 733.317 733.288 733.194 
733.799 733.536 733.559 733.574 733.568 733.567 733.556 733.551 733.571 733.56 733.553 733.572 733.558 733.543 733.534 733.537 733.564 733.548 733.546 733.545 733.532 733.554 733.555 733.527 733.532 733.516 733.52 733.531 733.533 733.499 733.47 733.364 
734.017 733.728 733.757 733.768 733.763 733.76 733.75 733.745 733.766 733.755 733.746 733.768 733.751 733.736 733.727 733.731 733.757 733.741 733.739 733.737 733.724 733.746 733.747 733.719 733.724 733.705 733.71 733.721 733.724 733.686 733.656 733.539 
734.24 733.925 733.96 733.967 733.961 733.956 733.949 733.944 733.965 733.954 733.943 733.967 733.949 733.935 733.925 733.93 733.955 733.938 733.936 733.933 733.921 733.943 733.943 733.915 733.919 733.898 733.904 733.916 733.919 733.877 733.845 733.719 
734.468 734.127 734.166 734.171 734.164 734.156 734.152 734.147 734.168 734.158 734.145 734.171 734.152 734.137 734.129 734.133 734.156 734.14 734.139 734.134 734.122 734.144 734.143 734.115 734.118 734.095 734.103 734.115 734.117 734.073 734.037 733.902 
734.7 734.333 734.376 734.378 734.371 734.359 734.359 734.354 734.375 734.366 734.35 734.378 734.358 734.344 734.337 734.341 734.361 734.346 734.346 734.339 734.326 734.349 734.347 734.318 734.321 734.297 734.305 734.319 734.32 734.272 734.233 734.089 
734.936 734.543 734.589 734.589 734.582 734.566 734.57 734.564 734.586 734.578 734.56 734.59 734.569 734.555 734.549 734.553 734.57 734.556 734.556 734.547 734.534 734.559 734.556 734.526 734.527 734.502 734.511 734.526 734.527 734.476 734.432 734.279 
735.176 734.757 734.806 734.804 734.798 734.778 734.783 734.779 734.801 734.793 734.774 734.806 734.784 734.768 734.764 734.767 734.782 734.77 734.769 734.759 734.747 734.772 734.768 734.737 734.737 734.712 734.721 734.737 734.737 734.684 734.634 734.473 
735.42 734.974 735.025 735.024 735.017 734.993 735 734.996 735.019 735.011 734.991 735.025 735.002 734.985 734.982 734.984 734.998 734.986 734.985 734.973 734.963 734.988 734.984 734.953 734.951 734.926 734.934 734.951 734.95 734.895 734.84 734.67 
735.667 735.195 735.248 735.246 735.239 735.213 735.22 735.218 735.24 735.232 735.212 735.247 735.224 735.204 735.202 735.204 735.217 735.205 735.204 735.191 735.183 735.208 735.204 735.171 735.167 735.143 735.152 735.168 735.166 735.109 735.05 734.87 
735.917 735.419 735.472 735.472 735.464 735.437 735.443 735.443 735.464 735.455 735.436 735.472 735.449 735.426 735.426 735.426 735.439 735.427 735.425 735.411 735.406 735.43 735.426 735.393 735.387 735.363 735.373 735.388 735.385 735.327 735.265 735.073 
736.17 735.647 735.7 735.7 735.691 735.665 735.67 735.671 735.69 735.681 735.664 735.698 735.677 735.652 735.653 735.651 735.665 735.652 735.649 735.634 735.632 735.654 735.652 735.618 735.61 735.586 735.598 735.61 735.606 735.548 735.482 735.28 
736.427 735.878 735.93 735.932 735.921 735.896 735.899 735.901 735.918 735.91 735.895 735.927 735.907 735.88 735.883 735.879 735.893 735.88 735.875 735.859 735.86 735.881 735.881 735.844 735.836 735.812 735.825 735.834 735.829 735.771 735.703 735.489 
736.686 736.111 736.164 736.166 736.152 736.129 736.13 736.133 736.149 736.141 736.128 736.158 736.14 736.11 736.116 736.109 736.124 736.112 736.105 736.087 736.09 736.109 736.112 736.073 736.065 736.039 736.055 736.061 736.054 735.997 735.927 735.701 
736.947 736.347 736.401 736.402 736.385 736.364 736.364 736.368 736.382 736.374 736.364 736.392 736.374 736.344 736.351 736.341 736.358 736.347 736.336 736.318 736.321 736.34 736.345 736.304 736.297 736.268 736.287 736.29 736.281 736.224 736.153 735.916 
737.211 736.584 736.64 736.641 736.621 736.601 736.6 736.604 736.618 736.609 736.602 736.627 736.609 736.579 736.587 736.576 736.593 736.585 736.57 736.552 736.553 736.572 736.58 736.536 736.531 736.499 736.522 736.521 736.511 736.453 736.38 736.132 
737.478 736.823 736.882 736.881 736.859 736.84 736.838 736.843 736.856 736.846 736.842 736.865 736.846 736.818 736.825 736.813 736.831 736.824 736.806 736.788 736.786 736.806 736.818 736.771 736.766 736.733 736.759 736.755 736.743 736.683 736.61 736.349 
737.747 737.063 737.126 737.123 737.099 737.081 737.078 737.084 737.096 737.085 737.084 737.105 737.085 737.06 737.065 737.052 737.071 737.066 737.044 737.027 737.021 737.042 737.058 737.007 737.003 736.968 736.998 736.99 736.976 736.914 736.84 736.568 
738.018 737.305 737.371 737.367 737.341 737.324 737.318 737.327 737.338 737.324 737.327 737.347 737.325 737.304 737.307 737.293 737.313 737.309 737.283 737.267 737.257 737.281 737.3 737.245 737.241 737.206 737.239 737.228 737.211 737.146 737.073 736.787 
738.291 737.549 737.618 737.614 737.585 737.569 737.56 737.572 737.582 737.566 737.572 737.59 737.568 737.55 737.549 737.536 737.557 737.553 737.524 737.508 737.496 737.521 737.544 737.486 737.482 737.446 737.481 737.468 737.449 737.379 737.307 737.008 
738.564 737.794 737.865 737.861 737.83 737.816 737.803 737.82 737.828 737.81 737.817 737.834 737.812 737.797 737.794 737.781 737.803 737.799 737.768 737.75 737.737 737.763 737.788 737.729 737.724 737.688 737.725 737.71 737.687 737.615 737.543 737.23 
738.84 738.039 738.114 738.111 738.077 738.063 738.048 738.068 738.074 738.055 738.063 738.08 738.059 738.047 738.039 738.026 738.051 738.046 738.013 737.993 737.981 738.006 738.033 737.973 737.968 737.931 737.97 737.953 737.927 737.853 737.781 737.454 
739.116 738.285 738.364 738.361 738.324 738.312 738.295 738.318 738.321 738.303 738.31 738.327 738.307 738.297 738.286 738.272 738.301 738.294 738.259 738.237 738.227 738.251 738.279 738.219 738.213 738.175 738.215 738.198 738.168 738.093 738.02 737.68 
739.394 738.532 738.614 738.612 738.572 738.561 738.544 738.568 738.57 738.552 738.559 738.576 738.556 738.548 738.534 738.519 738.551 738.542 738.507 738.484 738.475 738.497 738.525 738.466 738.458 738.42 738.461 738.444 738.41 738.334 738.261 737.908 
739.673 738.78 738.865 738.864 738.821 738.812 738.795 738.819 738.819 738.803 738.808 738.825 738.806 738.8 738.783 738.765 738.803 738.791 738.755 738.733 738.723 738.746 738.772 738.714 738.703 738.665 738.708 738.691 738.654 738.576 738.502 738.138 
739.952 739.029 739.117 739.115 739.07 739.065 739.047 739.07 739.069 739.054 739.058 739.075 739.058 739.051 739.032 739.013 739.056 739.04 739.003 738.984 738.972 738.996 739.019 738.963 738.949 738.911 738.956 738.938 738.899 738.819 738.742 738.368 
740.231 739.279 739.371 739.368 739.32 739.32 739.301 739.322 739.321 739.305 739.308 739.326 739.31 739.303 739.283 739.261 739.31 739.289 739.252 739.236 739.222 739.247 739.268 739.213 739.197 739.159 739.205 739.185 739.145 739.063 738.984 738.599 
740.512 739.531 739.625 739.622 739.572 739.575 739.555 739.575 739.573 739.557 739.56 739.578 739.562 739.555 739.534 739.51 739.563 739.538 739.502 739.488 739.474 739.5 739.517 739.464 739.446 739.408 739.454 739.432 739.393 739.308 739.226 738.83 
740.793 739.785 739.881 739.877 739.825 739.831 739.809 739.827 739.827 739.809 739.813 739.831 739.816 739.807 739.786 739.761 739.817 739.79 739.752 739.74 739.726 739.755 739.767 739.716 739.697 739.658 739.703 739.68 739.642 739.555 739.47 739.061 
741.077 740.04 740.138 740.133 740.079 740.087 740.063 740.081 740.082 740.062 740.067 740.085 740.069 740.06 740.038 740.013 740.07 740.042 740.003 739.992 739.978 740.01 740.017 739.97 739.949 739.908 739.953 739.927 739.892 739.803 739.715 739.293 
741.362 740.297 740.396 740.389 740.334 740.343 740.318 740.335 740.337 740.316 740.321 740.339 740.322 740.313 740.291 740.265 740.322 740.297 740.255 740.245 740.23 740.265 740.267 740.224 740.202 740.158 740.202 740.175 740.142 740.051 739.96 739.526 
741.648 740.554 740.654 740.645 740.59 740.599 740.571 740.59 740.593 740.57 740.577 740.594 740.576 740.568 740.544 740.517 740.575 740.552 740.507 740.498 740.482 740.521 740.518 740.479 740.456 740.409 740.453 740.424 740.392 740.3 740.207 739.758 
741.935 740.812 740.913 740.901 740.847 740.855 740.825 740.846 740.849 740.825 740.833 740.85 740.829 740.824 740.798 740.77 740.829 740.808 740.759 740.751 740.735 740.776 740.769 740.734 740.71 740.661 740.704 740.674 740.642 740.548 740.453 739.991 
742.222 741.071 741.171 741.157 741.103 741.112 741.08 741.104 741.106 741.08 741.088 741.105 741.083 741.081 741.052 741.022 741.083 741.064 741.013 741.006 740.988 741.031 741.021 740.988 740.966 740.913 740.956 740.925 740.892 740.797 740.699 740.223 
742.507 741.329 741.428 741.412 741.36 741.368 741.334 741.361 741.364 741.334 741.344 741.362 741.337 741.339 741.307 741.276 741.338 741.32 741.268 741.261 741.241 741.286 741.274 741.243 741.222 741.166 741.209 741.176 741.142 741.046 740.945 740.456 
742.792 741.588 741.685 741.668 741.616 741.625 741.589 741.62 741.621 741.588 741.599 741.618 741.593 741.598 741.563 741.53 741.593 741.576 741.523 741.516 741.494 741.54 741.528 741.497 741.479 741.42 741.462 741.428 741.393 741.296 741.191 740.688 
743.076 741.846 741.941 741.924 741.872 741.883 741.845 741.878 741.879 741.841 741.853 741.874 741.85 741.856 741.819 741.786 741.849 741.833 741.779 741.771 741.748 741.795 741.781 741.751 741.736 741.674 741.716 741.68 741.644 741.546 741.437 740.92 
743.36 742.103 742.196 742.182 742.128 742.142 742.102 742.136 742.136 742.096 742.108 742.13 742.106 742.114 742.076 742.042 742.105 742.089 742.034 742.025 742.002 742.05 742.035 742.005 741.994 741.927 741.969 741.933 741.895 741.796 741.684 741.152 
743.644 742.361 742.452 742.439 742.383 742.401 742.358 742.395 742.393 742.352 742.362 742.386 742.363 742.37 742.333 742.298 742.363 742.346 742.289 742.279 742.257 742.305 742.288 742.26 742.252 742.182 742.222 742.187 742.145 742.046 741.932 741.385 
743.928 742.618 742.708 742.696 742.639 742.66 742.615 742.655 742.649 742.608 742.616 742.642 742.62 742.626 742.589 742.556 742.621 742.602 742.545 742.533 742.512 742.561 742.543 742.514 742.509 742.436 742.475 742.44 742.396 742.297 742.18 741.618 
744.212 742.875 742.964 742.952 742.896 742.918 742.871 742.915 742.905 742.865 742.872 742.899 742.876 742.881 742.845 742.813 742.879 742.857 742.802 742.787 742.768 742.816 742.798 742.768 742.765 742.691 742.727 742.694 742.647 742.548 742.428 741.851 
744.497 743.132 743.22 743.209 743.152 743.176 743.126 743.175 743.16 743.121 743.128 743.155 743.131 743.137 743.101 743.071 743.138 743.113 743.06 743.042 743.023 743.071 743.053 743.022 743.02 742.946 742.979 742.947 742.898 742.799 742.677 742.085 
744.783 743.389 743.476 743.467 743.409 743.434 743.381 743.435 743.416 743.377 743.386 743.412 743.386 743.393 743.356 743.329 743.396 743.369 743.319 743.296 743.279 743.326 743.309 743.276 743.274 743.202 743.232 743.201 743.149 743.05 742.925 742.321 
745.07 743.647 743.733 743.726 743.666 743.692 743.636 743.695 743.673 743.632 743.644 743.669 743.641 743.65 743.611 743.587 743.654 743.626 743.578 743.551 743.534 743.582 743.563 743.532 743.529 743.458 743.487 743.454 743.402 743.302 743.172 742.556 
745.358 743.904 743.99 743.986 743.923 743.951 743.892 743.954 743.929 743.889 743.903 743.927 743.895 743.907 743.865 743.845 743.912 743.882 743.836 743.805 743.789 743.838 743.817 743.787 743.783 743.713 743.742 743.706 743.655 743.554 743.419 742.792 
745.646 744.161 744.248 744.245 744.18 744.209 744.148 744.212 744.187 744.145 744.16 744.184 744.15 744.165 744.119 744.104 744.168 744.138 744.093 744.059 744.044 744.095 744.071 744.043 744.037 743.968 743.999 743.958 743.908 743.805 743.666 743.027 
745.933 744.417 744.505 744.504 744.438 744.468 744.405 744.469 744.445 744.401 744.417 744.441 744.405 744.422 744.373 744.363 744.424 744.394 744.348 744.314 744.301 744.352 744.323 744.299 744.29 744.223 744.255 744.211 744.161 744.056 743.913 743.261 
746.22 744.674 744.763 744.763 744.696 744.725 744.663 744.725 744.702 744.657 744.672 744.699 744.66 744.678 744.627 744.621 744.678 744.648 744.603 744.569 744.557 744.609 744.576 744.554 744.544 744.477 744.51 744.463 744.412 744.308 744.16 743.495 
746.507 744.93 745.021 745.02 744.955 744.981 744.92 744.981 744.959 744.912 744.927 744.955 744.915 744.933 744.881 744.879 744.932 744.903 744.856 744.824 744.813 744.865 744.829 744.808 744.796 744.731 744.764 744.715 744.663 744.559 744.407 743.727 
746.792 745.185 745.278 745.277 745.212 745.236 745.176 745.236 745.215 745.168 745.181 745.211 745.17 745.188 745.135 745.136 745.185 745.157 745.109 745.08 745.068 745.119 745.081 745.062 745.049 744.985 745.018 744.968 744.913 744.811 744.653 743.96 
747.076 745.44 745.534 745.533 745.469 745.49 745.431 745.491 745.47 745.424 745.435 745.466 745.426 745.442 745.388 745.391 745.437 745.411 745.362 745.335 745.323 745.372 745.332 745.315 745.3 745.237 745.271 745.22 745.162 745.062 744.898 744.192 
747.359 745.694 745.79 745.787 745.725 745.743 745.685 745.746 745.723 745.681 745.689 745.719 745.681 745.695 745.642 745.646 745.689 745.666 745.615 745.59 745.576 745.623 745.582 745.567 745.551 745.489 745.524 745.473 745.411 745.312 745.143 744.425 
747.64 745.948 746.045 746.04 745.979 745.996 745.938 746.001 745.976 745.936 745.943 745.971 745.936 745.948 745.894 745.899 745.941 745.919 745.866 745.843 745.829 745.874 745.831 745.818 745.8 745.74 745.776 745.724 745.659 745.561 745.387 744.656 
747.92 746.201 746.298 746.292 746.233 746.249 746.19 746.254 746.228 746.191 746.197 746.221 746.191 746.2 746.145 746.152 746.192 746.172 746.117 746.095 746.079 746.125 746.079 746.067 746.049 745.99 746.027 745.973 745.907 745.809 745.631 744.887 
748.198 746.452 746.549 746.544 746.485 746.5 746.441 746.507 746.478 746.445 746.45 746.471 746.446 746.451 746.395 746.402 746.443 746.423 746.368 746.346 746.329 746.374 746.326 746.314 746.297 746.24 746.277 746.222 746.154 746.056 745.874 745.116 
748.474 746.702 746.799 746.795 746.736 746.751 746.69 746.758 746.726 746.697 746.702 746.72 746.699 746.702 746.644 746.652 746.692 746.672 746.616 746.595 746.577 746.623 746.572 746.56 746.543 746.488 746.526 746.468 746.401 746.3 746.117 745.343 
748.747 746.949 747.046 747.044 746.985 747 746.939 747.008 746.973 746.947 746.952 746.969 746.952 746.952 746.892 746.899 746.94 746.919 746.864 746.843 746.823 746.871 746.817 746.805 746.788 746.734 746.772 746.713 746.647 746.542 746.357 745.569 
749.02 747.195 747.292 747.291 747.233 747.248 747.185 747.256 747.217 747.195 747.201 747.217 747.202 747.2 747.139 747.145 747.187 747.165 747.11 747.089 747.068 747.117 747.062 747.049 747.031 746.979 747.017 746.956 746.892 746.782 746.596 745.794 
749.291 747.438 747.536 747.536 747.478 747.494 747.431 747.502 747.46 747.441 747.447 747.464 747.451 747.447 747.384 747.39 747.432 747.41 747.355 747.333 747.312 747.361 747.305 747.291 747.272 747.223 747.26 747.198 747.134 747.02 746.833 746.017 
749.562 747.679 747.78 747.779 747.722 747.738 747.675 747.745 747.702 747.685 747.692 747.71 747.696 747.692 747.627 747.632 747.676 747.653 747.598 747.573 747.554 747.604 747.546 747.532 747.512 747.464 747.501 747.438 747.374 747.258 747.068 746.24 
749.832 747.918 748.022 748.02 747.964 747.979 747.918 747.987 747.942 747.928 747.934 747.953 747.938 747.934 747.868 747.873 747.917 747.894 747.839 747.812 747.794 747.845 747.786 747.771 747.75 747.703 747.74 747.676 747.611 747.494 747.301 746.46 
750.1 748.154 748.263 748.259 748.203 748.219 748.159 748.226 748.182 748.168 748.174 748.194 748.178 748.173 748.106 748.111 748.156 748.132 748.077 748.048 748.031 748.083 748.023 748.008 747.987 747.939 747.976 747.913 747.846 747.729 747.531 746.678 
750.366 748.388 748.501 748.496 748.441 748.457 748.399 748.462 748.419 748.406 748.411 748.432 748.415 748.41 748.342 748.346 748.393 748.368 748.313 748.283 748.266 748.318 748.258 748.242 748.221 748.172 748.21 748.147 748.077 747.962 747.759 746.894 
750.627 748.619 748.736 748.731 748.675 748.692 748.635 748.695 748.654 748.64 748.644 748.667 748.649 748.645 748.576 748.578 748.626 748.601 748.546 748.516 748.497 748.55 748.489 748.475 748.454 748.402 748.44 748.378 748.306 748.191 747.984 747.107 
750.885 748.848 748.967 748.963 748.906 748.925 748.869 748.926 748.885 748.87 748.875 748.899 748.882 748.877 748.806 748.808 748.857 748.831 748.776 748.746 748.726 748.777 748.718 748.704 748.684 748.629 748.668 748.605 748.532 748.417 748.206 747.317 
751.139 749.075 749.195 749.192 749.134 749.154 749.099 749.153 749.113 749.095 749.101 749.127 749.112 749.107 749.033 749.035 749.085 749.058 749.003 748.974 748.951 749.001 748.943 748.931 748.91 748.852 748.892 748.829 748.755 748.639 748.424 747.525 
751.389 749.299 749.418 749.417 749.359 749.38 749.326 749.377 749.338 749.318 749.324 749.351 749.338 749.332 749.257 749.26 749.31 749.281 749.227 749.197 749.173 749.22 749.165 749.153 749.132 749.073 749.112 749.048 748.975 748.858 748.639 747.729 
751.635 749.52 749.638 749.639 749.579 749.601 749.549 749.597 749.558 749.536 749.544 749.571 749.56 749.554 749.476 749.48 749.532 749.5 749.447 749.417 749.39 749.436 749.382 749.372 749.35 749.29 749.329 749.263 749.191 749.073 748.851 747.931 
751.876 749.737 749.853 749.856 749.796 749.817 749.767 749.814 749.775 749.751 749.76 749.786 749.777 749.77 749.691 749.697 749.75 749.715 749.664 749.633 749.602 749.646 749.596 749.585 749.563 749.503 749.542 749.475 749.402 749.283 749.059 748.129 
752.111 749.949 750.065 750.069 750.008 750.03 749.98 750.027 749.987 749.963 749.972 749.997 749.989 749.982 749.902 749.908 749.963 749.925 749.876 749.845 749.811 749.851 749.805 749.794 749.772 749.712 749.751 749.683 749.609 749.489 749.263 748.324 
752.341 750.157 750.272 750.277 750.215 750.239 750.189 750.236 750.195 750.17 750.18 750.204 750.195 750.188 750.108 750.115 750.17 750.131 750.083 750.051 750.015 750.052 750.01 749.999 749.977 749.916 749.956 749.888 749.811 749.69 749.463 748.515 
752.566 750.362 750.475 750.479 750.418 750.443 750.392 750.441 750.398 750.372 750.384 750.406 750.396 750.39 750.308 750.316 750.373 750.332 750.285 750.252 750.215 750.25 750.209 750.199 750.178 750.115 750.156 750.088 750.008 749.886 749.658 748.701 
752.786 750.562 750.674 750.677 750.615 750.642 750.59 750.64 750.596 750.57 750.584 750.604 750.591 750.587 750.504 750.511 750.569 750.529 750.482 750.448 750.411 750.442 750.403 750.394 750.374 750.309 750.352 750.283 750.2 750.077 749.848 748.882 
753 750.757 750.868 750.87 750.808 750.835 750.784 750.835 750.788 750.762 750.778 750.797 750.781 750.777 750.694 750.701 750.761 750.72 750.673 750.638 750.603 750.631 750.591 750.583 750.565 750.497 750.543 750.472 750.387 750.263 750.032 749.058 
753.209 750.946 751.057 751.059 750.996 751.024 750.973 751.024 750.975 750.949 750.966 750.984 750.966 750.962 750.878 750.886 750.946 750.907 750.858 750.823 750.789 750.813 750.773 750.767 750.75 750.68 750.729 750.654 750.568 750.443 750.211 749.229 
753.412 751.13 751.24 751.242 751.179 751.206 751.156 751.207 751.156 751.13 751.148 751.165 751.145 751.142 751.057 751.065 751.126 751.087 751.037 751.002 750.969 750.99 750.949 750.945 750.929 750.857 750.908 750.831 750.743 750.617 750.384 749.395 
753.609 751.308 751.417 751.42 751.356 751.384 751.334 751.384 751.332 751.306 751.324 751.341 751.319 751.315 751.231 751.239 751.299 751.26 751.21 751.175 751.142 751.16 751.119 751.117 751.1 751.029 751.08 751.001 750.912 750.785 750.552 749.556 
753.799 751.48 751.589 751.591 751.527 751.556 751.505 751.555 751.502 751.475 751.492 751.51 751.487 751.481 751.398 751.406 751.466 751.426 751.376 751.342 751.308 751.324 751.283 751.283 751.264 751.194 751.246 751.166 751.075 750.946 750.713 749.71 
753.983 751.646 751.754 751.756 751.692 751.722 751.671 751.719 751.666 751.638 751.655 751.673 751.65 751.641 751.56 751.567 751.625 751.586 751.537 751.502 751.467 751.481 751.441 751.443 751.422 751.352 751.405 751.323 751.232 751.101 750.867 749.859 
754.159 751.805 751.914 751.915 751.851 751.882 751.83 751.877 751.824 751.795 751.81 751.829 751.806 751.795 751.715 751.722 751.778 751.739 751.691 751.655 751.619 751.632 751.593 751.596 751.574 751.505 751.556 751.475 751.381 751.25 751.015 750.001 
754.327 751.959 752.067 752.066 752.002 752.035 751.982 752.028 751.975 751.944 751.96 751.979 751.956 751.942 751.864 751.87 751.924 751.886 751.839 751.801 751.765 751.777 751.738 751.743 751.719 751.65 751.7 751.62 751.523 751.392 751.157 750.136 
754.488 752.106 752.213 752.211 752.147 752.18 752.128 752.172 752.12 752.087 752.103 752.122 752.1 752.083 752.006 752.011 752.063 752.027 751.98 751.941 751.904 751.915 751.876 751.882 751.859 751.789 751.838 751.758 751.658 751.527 751.292 750.266 
754.64 752.247 752.353 752.349 752.285 752.319 752.266 752.31 752.258 752.222 752.239 752.258 752.237 752.218 752.142 752.146 752.195 752.162 752.116 752.073 752.038 752.048 752.008 752.015 751.991 751.92 751.967 751.889 751.786 751.656 751.421 750.389 
754.784 752.38 752.487 752.481 752.417 752.45 752.397 752.44 752.39 752.352 752.369 752.388 752.367 752.346 752.27 752.273 752.321 752.291 752.244 752.198 752.164 752.174 752.133 752.141 752.116 752.044 752.09 752.012 751.908 751.778 751.543 750.506 
754.921 752.507 752.614 752.605 752.541 752.575 752.522 752.563 752.515 752.474 752.491 752.51 752.491 752.468 752.391 752.394 752.44 752.413 752.365 752.317 752.283 752.293 752.251 752.259 752.235 752.16 752.206 752.129 752.024 751.893 751.658 750.617 
755.05 752.627 752.733 752.723 752.659 752.693 752.64 752.679 752.634 752.591 752.607 752.625 752.607 752.584 752.505 752.509 752.553 752.528 752.479 752.429 752.396 752.407 752.362 752.371 752.347 752.27 752.315 752.238 752.133 752.001 751.766 750.721 
755.173 752.742 752.847 752.835 752.772 752.804 752.751 752.789 752.746 752.701 752.716 752.734 752.717 752.694 752.612 752.618 752.66 752.636 752.586 752.536 752.501 752.514 752.468 752.476 752.452 752.374 752.419 752.341 752.236 752.103 751.868 750.819 
755.29 752.851 752.954 752.942 752.879 752.91 752.857 752.894 752.851 752.806 752.82 752.837 752.822 752.799 752.714 752.721 752.761 752.739 752.688 752.638 752.602 752.617 752.569 752.576 752.551 752.473 752.517 752.439 752.334 752.2 751.965 750.912 
755.402 752.955 753.057 753.044 752.982 753.012 752.959 752.994 752.952 752.906 752.921 752.935 752.923 752.899 752.812 752.821 752.858 752.838 752.786 752.736 752.698 752.716 752.665 752.67 752.646 752.569 752.612 752.532 752.427 752.293 752.058 751 
755.511 753.056 753.156 753.141 753.08 753.109 753.056 753.091 753.049 753.003 753.017 753.029 753.02 752.996 752.906 752.917 752.951 752.932 752.879 752.831 752.79 752.811 752.756 752.761 752.737 752.66 752.703 752.622 752.517 752.382 752.147 751.084 
