731.632 731.632 731.632 731.632 731.632 731.632 731.632 731.632 731.632 731.632 731.632 731.632 731.632 731.632 731.632 731.632 731.632 731.632 731.632 731.632 731.632 731.632 731.632 731.632 731.632 731.632 731.632 731.632 731.632 731.632 731.632 731.632 
731.784 731.773 731.771 731.775 731.772 731.774 731.774 731.771 731.774 731.774 731.774 731.775 731.774 731.772 731.771 731.772 731.775 731.774 731.774 731.773 731.772 731.774 731.775 731.772 731.772 731.771 731.77 731.77 731.771 731.77 731.767 731.754 
731.94 731.917 731.913 731.921 731.917 731.92 731.92 731.914 731.919 731.919 731.92 731.921 731.919 731.917 731.914 731.915 731.921 731.919 731.92 731.918 731.915 731.92 731.922 731.914 731.916 731.913 731.911 731.912 731.914 731.911 731.906 731.881 
732.103 732.066 732.061 732.073 732.067 732.07 732.07 732.062 732.07 732.069 732.07 732.072 732.069 732.066 732.062 732.063 732.073 732.069 732.071 732.067 732.063 732.071 732.073 732.062 732.064 732.06 732.058 732.058 732.062 732.057 732.049 732.012 
732.272 732.22 732.214 732.23 732.223 732.227 732.226 732.215 732.225 732.225 732.225 732.229 732.224 732.22 732.216 732.215 732.229 732.224 732.227 732.222 732.215 732.226 732.229 732.214 732.217 732.213 732.209 732.21 732.215 732.209 732.198 732.148 
732.447 732.379 732.373 732.394 732.385 732.389 732.386 732.375 732.386 732.386 732.387 732.391 732.385 732.38 732.375 732.374 732.391 732.384 732.388 732.381 732.374 732.387 732.39 732.372 732.375 732.37 732.366 732.367 732.375 732.365 732.351 732.29 
732.629 732.543 732.539 732.563 732.552 732.557 732.553 732.541 732.554 732.552 732.553 732.559 732.551 732.545 732.541 732.538 732.559 732.549 732.554 732.547 732.538 732.554 732.556 732.536 732.539 732.533 732.528 732.529 732.54 732.528 732.51 732.437 
732.817 732.714 732.711 732.737 732.725 732.731 732.724 732.714 732.728 732.725 732.725 732.733 732.723 732.716 732.712 732.708 732.732 732.721 732.725 732.718 732.709 732.726 732.728 732.705 732.709 732.701 732.696 732.697 732.711 732.696 732.674 732.588 
733.011 732.889 732.891 732.916 732.905 732.91 732.901 732.893 732.908 732.904 732.902 732.912 732.901 732.893 732.888 732.885 732.91 732.898 732.901 732.895 732.885 732.903 732.906 732.88 732.884 732.874 732.87 732.87 732.888 732.869 732.844 732.744 
733.211 733.07 733.076 733.101 733.09 733.094 733.084 733.078 733.094 733.087 733.084 733.096 733.085 733.074 733.069 733.067 733.094 733.08 733.081 733.077 733.066 733.086 733.088 733.061 733.065 733.054 733.048 733.048 733.069 733.047 733.019 732.904 
733.417 733.256 733.268 733.289 733.281 733.283 733.272 733.267 733.284 733.276 733.271 733.285 733.274 733.261 733.255 733.254 733.281 733.268 733.267 733.264 733.252 733.273 733.275 733.247 733.251 733.239 733.232 733.231 733.255 733.229 733.201 733.068 
733.628 733.447 733.465 733.483 733.476 733.477 733.466 733.461 733.48 733.47 733.464 733.48 733.468 733.454 733.446 733.447 733.474 733.46 733.457 733.456 733.444 733.465 733.467 733.439 733.443 733.429 733.42 733.418 733.446 733.416 733.387 733.238 
733.845 733.644 733.667 733.682 733.676 733.675 733.664 733.659 733.679 733.668 733.661 733.68 733.666 733.651 733.642 733.645 733.672 733.656 733.654 733.653 733.64 733.662 733.663 733.635 733.64 733.624 733.613 733.61 733.641 733.607 733.578 733.412 
734.067 733.845 733.874 733.886 733.88 733.877 733.867 733.862 733.883 733.872 733.863 733.884 733.869 733.853 733.844 733.848 733.874 733.858 733.855 733.854 733.841 733.863 733.864 733.836 733.841 733.822 733.811 733.806 733.841 733.803 733.773 733.591 
734.294 734.051 734.085 734.094 734.087 734.082 734.075 734.069 734.091 734.08 734.069 734.093 734.075 734.061 734.051 734.056 734.081 734.064 734.062 734.059 734.047 734.069 734.069 734.041 734.045 734.025 734.013 734.007 734.044 734.003 733.971 733.775 
734.525 734.262 734.301 734.306 734.299 734.291 734.287 734.281 734.303 734.293 734.28 734.305 734.287 734.272 734.264 734.268 734.291 734.275 734.274 734.269 734.257 734.279 734.278 734.25 734.253 734.231 734.219 734.212 734.252 734.207 734.173 733.962 
734.761 734.477 734.519 734.522 734.514 734.503 734.503 734.497 734.519 734.51 734.494 734.522 734.502 734.488 734.481 734.485 734.505 734.49 734.489 734.483 734.47 734.493 734.491 734.463 734.465 734.441 734.429 734.421 734.464 734.416 734.377 734.152 
735.001 734.696 734.742 734.742 734.735 734.719 734.722 734.717 734.739 734.731 734.713 734.743 734.722 734.708 734.702 734.706 734.722 734.709 734.708 734.7 734.687 734.711 734.709 734.679 734.68 734.655 734.642 734.634 734.679 734.629 734.585 734.347 
735.245 734.919 734.967 734.966 734.959 734.939 734.945 734.94 734.962 734.955 734.936 734.967 734.946 734.93 734.926 734.929 734.944 734.932 734.93 734.92 734.909 734.933 734.93 734.899 734.899 734.874 734.859 734.851 734.898 734.845 734.796 734.545 
735.493 735.145 735.196 735.195 735.188 735.164 735.171 735.167 735.189 735.182 735.162 735.195 735.173 735.155 735.153 735.155 735.168 735.157 735.155 735.144 735.134 735.159 735.155 735.124 735.121 735.097 735.081 735.071 735.121 735.065 735.011 734.746 
735.744 735.375 735.427 735.426 735.419 735.393 735.4 735.397 735.42 735.411 735.392 735.426 735.404 735.384 735.382 735.384 735.396 735.385 735.383 735.371 735.363 735.387 735.383 735.351 735.347 735.323 735.306 735.294 735.346 735.289 735.23 734.95 
735.998 735.608 735.661 735.661 735.653 735.626 735.632 735.631 735.652 735.644 735.625 735.66 735.638 735.615 735.615 735.615 735.627 735.616 735.613 735.6 735.595 735.618 735.615 735.582 735.576 735.552 735.534 735.519 735.574 735.515 735.454 735.157 
736.255 735.845 735.897 735.898 735.889 735.863 735.867 735.868 735.888 735.879 735.862 735.896 735.875 735.849 735.851 735.849 735.862 735.85 735.846 735.831 735.83 735.852 735.85 735.816 735.808 735.784 735.766 735.746 735.803 735.745 735.68 735.368 
736.515 736.085 736.136 736.139 736.127 736.102 736.105 736.107 736.125 736.116 736.101 736.134 736.114 736.086 736.09 736.085 736.099 736.087 736.081 736.066 736.067 736.087 736.087 736.051 736.043 736.019 736 735.976 736.035 735.978 735.91 735.581 
736.778 736.327 736.379 736.382 736.367 736.345 736.346 736.349 736.365 736.356 736.344 736.373 736.356 736.326 736.332 736.325 736.34 736.328 736.32 736.302 736.306 736.325 736.327 736.289 736.281 736.255 736.237 736.209 736.27 736.212 736.143 735.797 
737.043 736.572 736.625 736.627 736.61 736.589 736.589 736.592 736.607 736.599 736.589 736.616 736.599 736.568 736.575 736.566 736.582 736.572 736.561 736.542 736.546 736.564 736.57 736.529 736.522 736.493 736.477 736.443 736.506 736.449 736.378 736.015 
737.311 736.818 736.873 736.875 736.854 736.835 736.834 736.837 736.851 736.843 736.835 736.86 736.843 736.813 736.821 736.81 736.826 736.819 736.803 736.785 736.787 736.805 736.814 736.77 736.764 736.733 736.719 736.68 736.744 736.687 736.614 736.236 
737.582 737.066 737.124 737.124 737.101 737.083 737.081 737.085 737.098 737.089 737.085 737.107 737.089 737.061 737.068 737.055 737.073 737.067 737.048 737.031 737.029 737.048 737.061 737.014 737.009 736.976 736.963 736.918 736.985 736.926 736.852 736.457 
737.855 737.315 737.377 737.375 737.35 737.333 737.329 737.335 737.347 737.336 737.335 737.356 737.336 737.311 737.317 737.303 737.322 737.318 737.294 737.279 737.273 737.293 737.31 737.259 737.254 737.22 737.21 737.159 737.228 737.165 737.092 736.679 
738.13 737.566 737.631 737.628 737.602 737.585 737.579 737.587 737.599 737.585 737.588 737.607 737.586 737.564 737.567 737.554 737.573 737.57 737.543 737.528 737.518 737.54 737.56 737.506 737.502 737.467 737.458 737.403 737.472 737.406 737.334 736.903 
738.406 737.819 737.886 737.883 737.854 737.839 737.83 737.841 737.852 737.835 737.841 737.859 737.837 737.819 737.819 737.806 737.826 737.823 737.793 737.778 737.766 737.79 737.813 737.756 737.751 737.716 737.707 737.648 737.718 737.649 737.577 737.127 
738.684 738.073 738.143 738.14 738.109 738.094 738.082 738.097 738.106 738.088 738.095 738.112 738.091 738.076 738.072 738.059 738.081 738.078 738.046 738.028 738.016 738.04 738.066 738.008 738.003 737.967 737.958 737.895 737.965 737.893 737.822 737.354 
738.963 738.327 738.401 738.399 738.364 738.351 738.335 738.355 738.361 738.343 738.351 738.367 738.347 738.334 738.327 738.314 738.338 738.333 738.3 738.28 738.269 738.293 738.32 738.261 738.255 738.219 738.21 738.144 738.214 738.14 738.069 737.582 
739.243 738.582 738.659 738.658 738.621 738.608 738.591 738.614 738.618 738.599 738.607 738.623 738.604 738.593 738.582 738.569 738.596 738.59 738.555 738.534 738.524 738.547 738.575 738.516 738.509 738.472 738.463 738.394 738.464 738.389 738.317 737.812 
739.525 738.838 738.919 738.918 738.877 738.867 738.849 738.873 738.875 738.858 738.864 738.88 738.862 738.853 738.839 738.824 738.856 738.848 738.812 738.789 738.78 738.802 738.83 738.772 738.763 738.725 738.717 738.645 738.715 738.639 738.567 738.044 
739.807 739.095 739.179 739.179 739.135 739.127 739.109 739.132 739.133 739.117 739.122 739.138 739.121 739.114 739.097 739.08 739.117 739.106 739.069 739.047 739.038 739.059 739.086 739.029 739.017 738.98 738.971 738.897 738.968 738.89 738.816 738.278 
740.09 739.353 739.44 739.439 739.393 739.388 739.371 739.393 739.392 739.377 739.381 739.398 739.381 739.374 739.356 739.336 739.379 739.364 739.326 739.307 739.296 739.318 739.343 739.287 739.272 739.235 739.226 739.149 739.222 739.142 739.066 738.512 
740.374 739.612 739.702 739.701 739.653 739.652 739.633 739.654 739.653 739.637 739.64 739.658 739.642 739.635 739.615 739.593 739.641 739.621 739.584 739.568 739.555 739.579 739.6 739.546 739.529 739.492 739.482 739.402 739.478 739.395 739.317 738.747 
740.658 739.873 739.966 739.964 739.913 739.916 739.896 739.915 739.914 739.898 739.901 739.919 739.904 739.896 739.875 739.851 739.904 739.88 739.842 739.829 739.815 739.841 739.858 739.806 739.787 739.749 739.738 739.654 739.734 739.649 739.568 738.981 
740.943 740.136 740.231 740.228 740.175 740.181 740.159 740.177 740.177 740.159 740.163 740.181 740.167 740.157 740.136 740.111 740.166 740.14 740.102 740.09 740.076 740.104 740.117 740.067 740.047 740.008 739.995 739.907 739.992 739.905 739.821 739.217 
741.231 740.4 740.497 740.492 740.438 740.446 740.422 740.439 740.441 740.421 740.426 740.443 740.429 740.419 740.397 740.372 740.428 740.402 740.362 740.351 740.337 740.368 740.376 740.329 740.308 740.268 740.251 740.16 740.251 740.162 740.074 739.453 
741.52 740.665 740.763 740.758 740.702 740.711 740.686 740.702 740.705 740.684 740.69 740.706 740.691 740.681 740.659 740.633 740.689 740.666 740.622 740.613 740.599 740.632 740.635 740.593 740.57 740.527 740.509 740.413 740.51 740.419 740.329 739.689 
741.81 740.932 741.03 741.023 740.967 740.976 740.948 740.967 740.97 740.947 740.954 740.97 740.953 740.945 740.921 740.894 740.951 740.93 740.883 740.875 740.86 740.897 740.895 740.857 740.833 740.787 740.766 740.667 740.769 740.677 740.584 739.926 
742.101 741.199 741.298 741.288 741.233 741.241 741.211 741.232 741.235 741.211 741.219 741.235 741.216 741.21 741.184 741.156 741.214 741.195 741.145 741.137 741.122 741.161 741.155 741.121 741.096 741.047 741.025 740.922 741.028 740.934 740.839 740.163 
742.391 741.467 741.565 741.552 741.498 741.507 741.475 741.498 741.501 741.475 741.483 741.5 741.478 741.476 741.447 741.417 741.477 741.46 741.407 741.401 741.384 741.425 741.416 741.384 741.361 741.309 741.284 741.178 741.287 741.192 741.094 740.399 
742.68 741.734 741.832 741.817 741.764 741.772 741.738 741.765 741.768 741.738 741.748 741.765 741.742 741.743 741.711 741.68 741.741 741.725 741.671 741.665 741.646 741.689 741.678 741.647 741.626 741.571 741.544 741.435 741.546 741.45 741.349 740.635 
742.969 742.001 742.097 742.082 742.029 742.038 742.002 742.032 742.034 742 742.012 742.03 742.007 742.01 741.976 741.943 742.005 741.99 741.935 741.929 741.908 741.952 741.94 741.91 741.892 741.833 741.805 741.692 741.806 741.709 741.604 740.871 
743.257 742.268 742.362 742.347 742.294 742.305 742.267 742.299 742.301 742.263 742.275 742.295 742.272 742.278 742.241 742.208 742.27 742.256 742.2 742.193 742.171 742.216 742.203 742.173 742.158 742.096 742.065 741.949 742.066 741.968 741.86 741.107 
743.544 742.535 742.626 742.613 742.558 742.572 742.533 742.566 742.567 742.527 742.538 742.56 742.538 742.544 742.507 742.473 742.535 742.521 742.464 742.456 742.434 742.48 742.465 742.437 742.425 742.359 742.326 742.207 742.326 742.227 742.116 741.344 
743.832 742.801 742.891 742.879 742.823 742.84 742.798 742.834 742.833 742.792 742.801 742.825 742.804 742.81 742.772 742.738 742.802 742.786 742.728 742.719 742.697 742.744 742.728 742.7 742.692 742.622 742.587 742.466 742.585 742.486 742.372 741.58 
744.12 743.067 743.156 743.145 743.088 743.109 743.063 743.103 743.098 743.057 743.065 743.09 743.069 743.075 743.038 743.004 743.069 743.051 742.993 742.982 742.962 743.009 742.991 742.964 742.958 742.886 742.846 742.725 742.845 742.746 742.629 741.817 
744.408 743.333 743.42 743.411 743.353 743.376 743.328 743.371 743.363 743.322 743.33 743.355 743.334 743.339 743.303 743.271 743.336 743.316 743.259 743.245 743.227 743.273 743.255 743.226 743.223 743.15 743.106 742.984 743.104 743.005 742.887 742.055 
744.697 743.6 743.686 743.677 743.619 743.643 743.593 743.641 743.627 743.587 743.595 743.621 743.599 743.603 743.568 743.537 743.604 743.581 743.526 743.508 743.491 743.537 743.52 743.489 743.487 743.414 743.365 743.242 743.364 743.266 743.144 742.293 
744.987 743.866 743.951 743.944 743.885 743.91 743.857 743.91 743.892 743.852 743.862 743.887 743.863 743.868 743.832 743.804 743.871 743.846 743.794 743.772 743.755 743.801 743.784 743.753 743.75 743.679 743.625 743.501 743.625 743.526 743.402 742.532 
745.278 744.132 744.217 744.212 744.151 744.177 744.121 744.179 744.157 744.117 744.129 744.153 744.126 744.134 744.096 744.071 744.138 744.112 744.062 744.035 744.019 744.065 744.048 744.017 744.013 743.943 743.887 743.759 743.887 743.787 743.658 742.772 
745.57 744.398 744.483 744.48 744.417 744.444 744.385 744.447 744.423 744.382 744.396 744.419 744.39 744.401 744.359 744.339 744.404 744.377 744.329 744.299 744.284 744.331 744.311 744.282 744.276 744.208 744.15 744.017 744.149 744.047 743.914 743.011 
745.861 744.664 744.749 744.749 744.683 744.712 744.651 744.714 744.69 744.647 744.663 744.686 744.654 744.667 744.622 744.607 744.67 744.642 744.595 744.562 744.548 744.596 744.573 744.547 744.539 744.472 744.414 744.274 744.411 744.308 744.17 743.251 
746.153 744.93 745.016 745.017 744.949 744.979 744.917 744.98 744.956 744.912 744.928 744.952 744.917 744.933 744.885 744.874 744.934 744.906 744.859 744.825 744.813 744.862 744.835 744.812 744.802 744.735 744.677 744.532 744.672 744.568 744.425 743.489 
746.444 745.195 745.283 745.284 745.217 745.246 745.184 745.245 745.223 745.177 745.193 745.218 745.181 745.199 745.148 745.142 745.198 745.17 745.122 745.089 745.078 745.128 745.097 745.075 745.064 744.999 744.939 744.789 744.933 744.828 744.681 743.726 
746.734 745.46 745.549 745.551 745.484 745.511 745.45 745.509 745.488 745.442 745.456 745.484 745.445 745.463 745.411 745.408 745.46 745.433 745.385 745.354 745.344 745.393 745.358 745.339 745.326 745.262 745.201 745.047 745.193 745.089 744.937 743.963 
747.023 745.725 745.815 745.817 745.751 745.775 745.715 745.773 745.753 745.707 745.72 745.749 745.71 745.727 745.673 745.674 745.722 745.696 745.647 745.619 745.608 745.657 745.619 745.601 745.587 745.524 745.461 745.305 745.452 745.349 745.193 744.199 
747.311 745.989 746.081 746.081 746.017 746.038 745.979 746.038 746.017 745.972 745.983 746.012 745.974 745.989 745.936 745.939 745.983 745.96 745.909 745.883 745.872 745.918 745.88 745.863 745.848 745.786 745.722 745.562 745.71 745.609 745.447 744.436 
747.598 746.252 746.346 746.345 746.282 746.3 746.242 746.302 746.28 746.237 746.246 746.275 746.239 746.252 746.198 746.202 746.244 746.223 746.17 746.146 746.134 746.179 746.139 746.124 746.107 746.047 745.982 745.82 745.968 745.868 745.701 744.672 
747.883 746.515 746.609 746.607 746.545 746.562 746.504 746.565 746.542 746.502 746.509 746.535 746.503 746.513 746.459 746.465 746.505 746.486 746.431 746.408 746.395 746.439 746.397 746.384 746.366 746.307 746.241 746.076 746.225 746.127 745.954 744.908 
748.166 746.776 746.872 746.868 746.807 746.823 746.765 746.828 746.802 746.766 746.771 746.795 746.767 746.774 746.72 746.726 746.765 746.748 746.691 746.67 746.655 746.698 746.653 746.643 746.624 746.566 746.5 746.331 746.481 746.384 746.206 745.142 
748.448 747.037 747.132 747.128 747.068 747.084 747.024 747.089 747.061 747.029 747.034 747.054 747.03 747.035 746.979 746.986 747.025 747.008 746.95 746.929 746.914 746.957 746.909 746.899 746.88 746.824 746.757 746.584 746.738 746.639 746.459 745.375 
748.728 747.295 747.39 747.388 747.328 747.343 747.283 747.349 747.319 747.29 747.294 747.312 747.293 747.294 747.237 747.244 747.283 747.266 747.208 747.188 747.17 747.215 747.164 747.154 747.136 747.081 747.013 746.836 746.994 746.892 746.71 745.607 
749.005 747.552 747.646 747.646 747.587 747.602 747.54 747.608 747.574 747.549 747.554 747.569 747.554 747.553 747.494 747.501 747.54 747.522 747.464 747.445 747.426 747.471 747.418 747.408 747.389 747.337 747.267 747.086 747.249 747.143 746.96 745.837 
749.281 747.806 747.901 747.903 747.843 747.859 747.796 747.865 747.828 747.805 747.811 747.826 747.814 747.811 747.749 747.756 747.796 747.777 747.719 747.7 747.68 747.726 747.672 747.66 747.641 747.591 747.519 747.335 747.502 747.392 747.208 746.065 
749.557 748.058 748.155 748.157 748.098 748.114 748.05 748.12 748.08 748.06 748.067 748.082 748.071 748.066 748.003 748.009 748.05 748.031 747.973 747.952 747.933 747.979 747.924 747.912 747.892 747.843 747.769 747.581 747.754 747.64 747.454 746.293 
749.831 748.309 748.407 748.408 748.35 748.366 748.303 748.373 748.33 748.314 748.32 748.337 748.326 748.32 748.255 748.261 748.303 748.283 748.225 748.202 748.184 748.231 748.175 748.162 748.14 748.094 748.017 747.827 748.003 747.886 747.698 746.519 
750.105 748.556 748.659 748.658 748.601 748.617 748.555 748.623 748.58 748.565 748.571 748.589 748.577 748.571 748.505 748.51 748.553 748.533 748.475 748.449 748.433 748.481 748.423 748.41 748.388 748.342 748.263 748.071 748.249 748.132 747.939 746.743 
750.377 748.801 748.908 748.906 748.85 748.865 748.806 748.871 748.828 748.815 748.82 748.839 748.825 748.819 748.753 748.757 748.801 748.78 748.723 748.695 748.679 748.728 748.669 748.656 748.633 748.587 748.507 748.313 748.492 748.376 748.179 746.966 
750.647 749.044 749.155 749.152 749.096 749.112 749.054 749.116 749.074 749.061 749.066 749.086 749.071 749.065 748.998 749.001 749.047 749.025 748.967 748.938 748.922 748.972 748.913 748.899 748.877 748.829 748.748 748.552 748.733 748.617 748.416 747.185 
750.912 749.285 749.399 749.396 749.339 749.357 749.3 749.359 749.318 749.304 749.309 749.33 749.315 749.309 749.24 749.243 749.289 749.267 749.209 749.18 749.163 749.213 749.154 749.14 749.118 749.068 748.986 748.789 748.971 748.855 748.65 747.402 
751.174 749.523 749.639 749.637 749.58 749.599 749.542 749.598 749.558 749.543 749.548 749.571 749.556 749.551 749.48 749.482 749.529 749.506 749.448 749.42 749.401 749.449 749.391 749.379 749.357 749.303 749.221 749.022 749.206 749.09 748.88 747.617 
751.432 749.759 749.876 749.875 749.816 749.837 749.781 749.834 749.795 749.778 749.784 749.808 749.795 749.789 749.716 749.718 749.766 749.742 749.684 749.656 749.635 749.682 749.625 749.614 749.592 749.536 749.452 749.251 749.437 749.322 749.108 747.828 
751.686 749.992 750.108 750.11 750.05 750.071 750.017 750.067 750.029 750.009 750.016 750.041 750.031 750.024 749.948 749.951 750 749.974 749.917 749.889 749.865 749.91 749.856 749.846 749.823 749.766 749.68 749.475 749.666 749.549 749.332 748.037 
751.935 750.222 750.337 750.341 750.279 750.301 750.249 750.296 750.259 750.237 750.244 750.27 750.262 750.254 750.176 750.181 750.231 750.202 750.146 750.118 750.091 750.134 750.083 750.073 750.05 749.992 749.905 749.696 749.891 749.773 749.552 748.242 
752.18 750.447 750.561 750.567 750.505 750.527 750.476 750.522 750.484 750.461 750.469 750.494 750.488 750.479 750.4 750.406 750.458 750.426 750.372 750.343 750.313 750.354 750.305 750.296 750.272 750.214 750.125 749.914 750.111 749.992 749.769 748.445 
752.419 750.669 750.782 750.789 750.726 750.749 750.699 750.744 750.706 750.681 750.69 750.714 750.709 750.7 750.62 750.626 750.68 750.645 750.593 750.563 750.531 750.568 750.523 750.514 750.491 750.432 750.341 750.128 750.327 750.207 749.983 748.643 
752.653 750.886 750.998 751.005 750.942 750.966 750.916 750.962 750.922 750.897 750.907 750.93 750.924 750.916 750.835 750.842 750.896 750.86 750.809 750.778 750.744 750.778 750.737 750.728 750.704 750.645 750.554 750.339 750.538 750.417 750.192 748.838 
752.882 751.099 751.21 751.217 751.154 751.179 751.128 751.176 751.134 751.108 751.12 751.141 751.134 751.126 751.044 751.052 751.108 751.07 751.02 750.988 750.953 750.984 750.945 750.937 750.914 750.853 750.762 750.545 750.744 750.623 750.396 749.028 
753.105 751.308 751.418 751.424 751.361 751.387 751.336 751.384 751.341 751.315 751.329 751.348 751.338 751.332 751.249 751.257 751.313 751.276 751.226 751.193 751.158 751.186 751.148 751.14 751.119 751.055 750.966 750.746 750.945 750.823 750.595 749.214 
753.323 751.512 751.621 751.626 751.562 751.59 751.538 751.588 751.543 751.516 751.532 751.549 751.537 751.532 751.448 751.456 751.513 751.476 751.426 751.392 751.358 751.383 751.345 751.339 751.319 751.253 751.164 750.941 751.141 751.017 750.788 749.394 
753.536 751.711 751.819 751.824 751.759 751.787 751.736 751.786 751.739 751.712 751.73 751.746 751.731 751.726 751.641 751.649 751.708 751.671 751.62 751.586 751.553 751.575 751.536 751.532 751.513 751.445 751.357 751.13 751.331 751.206 750.975 749.568 
753.743 751.904 752.011 752.016 751.951 751.979 751.928 751.978 751.929 751.902 751.921 751.936 751.919 751.914 751.83 751.837 751.897 751.86 751.808 751.774 751.742 751.761 751.721 751.719 751.701 751.631 751.544 751.312 751.515 751.389 751.158 749.738 
753.944 752.091 752.197 752.202 752.137 752.165 752.115 752.164 752.113 752.087 752.105 752.121 752.102 752.096 752.012 752.02 752.079 752.043 751.989 751.956 751.924 751.94 751.9 751.9 751.881 751.811 751.725 751.489 751.694 751.566 751.334 749.903 
754.138 752.272 752.377 752.383 752.317 752.346 752.296 752.344 752.292 752.265 752.283 752.299 752.279 752.271 752.188 752.196 752.254 752.218 752.165 752.132 752.1 752.113 752.074 752.075 752.054 751.986 751.898 751.66 751.866 751.736 751.504 750.062 
754.325 752.447 752.552 752.557 752.491 752.521 752.47 752.517 752.465 752.437 752.454 752.471 752.451 752.441 752.359 752.366 752.423 752.386 752.334 752.301 752.267 752.279 752.24 752.243 752.221 752.153 752.065 751.824 752.031 751.901 751.668 750.214 
754.505 752.615 752.72 752.724 752.659 752.69 752.638 752.684 752.632 752.603 752.619 752.636 752.616 752.603 752.523 752.53 752.584 752.548 752.497 752.463 752.429 752.439 752.401 752.406 752.382 752.314 752.224 751.982 752.189 752.058 751.825 750.36 
754.678 752.778 752.882 752.885 752.819 752.852 752.8 752.844 752.793 752.761 752.777 752.794 752.775 752.759 752.681 752.687 752.739 752.704 752.654 752.618 752.583 752.593 752.555 752.561 752.537 752.469 752.376 752.133 752.34 752.209 751.976 750.5 
754.842 752.934 753.038 753.039 752.973 753.006 752.954 752.997 752.946 752.913 752.929 752.946 752.928 752.909 752.832 752.837 752.887 752.855 752.805 752.767 752.732 752.74 752.702 752.71 752.685 752.616 752.521 752.278 752.484 752.353 752.12 750.633 
754.998 753.083 753.187 753.186 753.121 753.154 753.101 753.143 753.094 753.058 753.074 753.092 753.074 753.053 752.977 752.981 753.029 752.999 752.949 752.908 752.874 752.881 752.843 752.852 752.826 752.757 752.659 752.416 752.621 752.491 752.257 750.761 
755.146 753.226 753.329 753.326 753.261 753.295 753.241 753.282 753.234 753.196 753.213 753.23 753.213 753.19 753.114 753.117 753.163 753.137 753.087 753.043 753.01 753.016 752.977 752.987 752.961 752.889 752.79 752.547 752.752 752.622 752.388 750.882 
755.287 753.362 753.465 753.46 753.394 753.428 753.375 753.414 753.368 753.327 753.344 753.361 753.345 753.321 753.244 753.247 753.291 753.268 753.217 753.17 753.138 753.145 753.104 753.114 753.088 753.015 752.914 752.67 752.877 752.746 752.512 750.996 
755.42 753.491 753.594 753.587 753.521 753.555 753.502 753.539 753.496 753.453 753.469 753.486 753.471 753.446 753.367 753.371 753.413 753.392 753.339 753.291 753.259 753.267 753.224 753.235 753.209 753.134 753.031 752.786 752.995 752.863 752.63 751.105 
755.546 753.614 753.716 753.708 753.643 753.675 753.623 753.658 753.617 753.572 753.587 753.603 753.59 753.565 753.483 753.489 753.529 753.509 753.456 753.407 753.374 753.384 753.339 753.349 753.323 753.247 753.143 752.897 753.107 752.974 752.741 751.207 
755.667 753.732 753.833 753.824 753.759 753.79 753.738 753.772 753.731 753.686 753.701 753.715 753.704 753.679 753.594 753.601 753.639 753.621 753.567 753.518 753.483 753.495 753.449 753.457 753.431 753.355 753.25 753.002 753.214 753.08 752.847 751.303 
755.783 753.846 753.945 753.934 753.871 753.901 753.848 753.881 753.841 753.795 753.81 753.822 753.814 753.788 753.701 753.71 753.745 753.728 753.673 753.625 753.588 753.603 753.554 753.561 753.535 753.459 753.353 753.103 753.316 753.182 752.949 751.395 
755.896 753.956 754.053 754.042 753.979 754.008 753.955 753.988 753.947 753.901 753.916 753.925 753.92 753.894 753.805 753.815 753.848 753.833 753.776 753.729 753.691 753.708 753.655 753.661 753.636 753.561 753.453 753.201 753.415 753.281 753.048 751.484 
