731.632 731.632 731.632 731.632 731.632 731.632 731.632 731.632 731.632 731.632 731.632 731.632 731.632 731.632 731.632 731.632 731.632 731.632 731.632 731.632 731.632 731.632 731.632 731.632 731.632 731.632 731.632 731.632 731.632 731.632 731.632 731.632 
731.784 731.773 731.771 731.775 731.772 731.774 731.774 731.771 731.774 731.774 731.774 731.775 731.774 731.772 731.771 731.772 731.775 731.774 731.774 731.773 731.772 731.774 731.775 731.772 731.772 731.771 731.771 731.773 731.771 731.77 731.767 731.755 
731.941 731.917 731.913 731.921 731.917 731.92 731.92 731.914 731.92 731.919 731.92 731.921 731.919 731.917 731.914 731.915 731.922 731.919 731.92 731.918 731.915 731.92 731.922 731.914 731.916 731.913 731.913 731.916 731.914 731.911 731.906 731.881 
732.103 732.066 732.061 732.073 732.067 732.07 732.07 732.062 732.07 732.069 732.07 732.073 732.069 732.066 732.062 732.063 732.073 732.069 732.071 732.067 732.063 732.071 732.073 732.062 732.064 732.06 732.061 732.065 732.062 732.057 732.049 732.012 
732.272 732.22 732.214 732.23 732.223 732.227 732.226 732.215 732.225 732.225 732.225 732.229 732.224 732.22 732.216 732.215 732.229 732.224 732.227 732.222 732.215 732.226 732.229 732.214 732.217 732.213 732.213 732.218 732.215 732.209 732.198 732.149 
732.447 732.379 732.373 732.394 732.385 732.389 732.386 732.375 732.386 732.386 732.386 732.391 732.384 732.38 732.375 732.374 732.391 732.384 732.388 732.381 732.374 732.388 732.39 732.372 732.375 732.37 732.371 732.378 732.375 732.365 732.351 732.29 
732.629 732.543 732.539 732.563 732.552 732.557 732.552 732.541 732.554 732.552 732.553 732.559 732.551 732.545 732.541 732.538 732.559 732.549 732.554 732.547 732.538 732.554 732.557 732.535 732.539 732.533 732.535 732.543 732.54 732.528 732.51 732.437 
732.817 732.714 732.711 732.737 732.725 732.731 732.724 732.714 732.728 732.725 732.725 732.733 732.723 732.716 732.712 732.708 732.732 732.721 732.725 732.718 732.709 732.726 732.729 732.705 732.709 732.701 732.704 732.713 732.711 732.696 732.674 732.588 
733.011 732.889 732.891 732.916 732.905 732.91 732.901 732.893 732.908 732.904 732.902 732.912 732.901 732.893 732.888 732.885 732.911 732.898 732.901 732.895 732.885 732.904 732.906 732.88 732.884 732.874 732.878 732.889 732.888 732.869 732.844 732.744 
733.211 733.07 733.076 733.101 733.09 733.094 733.084 733.078 733.094 733.087 733.084 733.096 733.085 733.075 733.069 733.067 733.094 733.08 733.081 733.077 733.066 733.086 733.088 733.061 733.065 733.054 733.058 733.069 733.069 733.047 733.019 732.904 
733.417 733.256 733.268 733.289 733.281 733.283 733.272 733.267 733.285 733.276 733.271 733.285 733.274 733.262 733.255 733.254 733.282 733.268 733.267 733.264 733.252 733.273 733.275 733.247 733.251 733.239 733.243 733.254 733.255 733.229 733.201 733.069 
733.629 733.447 733.465 733.483 733.476 733.477 733.466 733.461 733.48 733.47 733.463 733.48 733.467 733.454 733.446 733.447 733.474 733.46 733.457 733.456 733.444 733.466 733.467 733.439 733.443 733.429 733.433 733.444 733.446 733.416 733.387 733.238 
733.845 733.644 733.667 733.682 733.676 733.675 733.664 733.659 733.68 733.668 733.661 733.68 733.666 733.651 733.642 733.645 733.672 733.656 733.654 733.653 733.64 733.662 733.663 733.635 733.64 733.624 733.628 733.639 733.641 733.607 733.578 733.412 
734.067 733.845 733.874 733.886 733.88 733.877 733.867 733.862 733.883 733.872 733.862 733.884 733.868 733.854 733.844 733.848 733.874 733.858 733.855 733.854 733.841 733.863 733.864 733.836 733.841 733.822 733.827 733.838 733.841 733.803 733.773 733.591 
734.294 734.051 734.085 734.094 734.087 734.082 734.074 734.07 734.091 734.08 734.069 734.093 734.075 734.061 734.051 734.056 734.081 734.064 734.062 734.059 734.047 734.069 734.069 734.041 734.045 734.025 734.03 734.042 734.044 734.003 733.971 733.775 
734.526 734.262 734.301 734.306 734.299 734.291 734.286 734.282 734.303 734.293 734.279 734.305 734.286 734.273 734.264 734.268 734.291 734.275 734.274 734.269 734.256 734.279 734.278 734.25 734.253 734.231 734.238 734.25 734.252 734.207 734.172 733.962 
734.762 734.477 734.519 734.522 734.514 734.503 734.503 734.498 734.519 734.51 734.494 734.522 734.502 734.489 734.481 734.485 734.505 734.49 734.489 734.483 734.47 734.493 734.491 734.462 734.465 734.441 734.449 734.463 734.464 734.416 734.377 734.153 
735.002 734.696 734.742 734.742 734.735 734.719 734.722 734.717 734.739 734.731 734.713 734.743 734.722 734.708 734.702 734.706 734.723 734.709 734.708 734.7 734.687 734.711 734.709 734.679 734.68 734.655 734.664 734.679 734.679 734.629 734.584 734.347 
735.246 734.919 734.967 734.966 734.959 734.94 734.945 734.94 734.963 734.955 734.935 734.968 734.946 734.93 734.926 734.929 734.944 734.932 734.93 734.92 734.908 734.933 734.93 734.899 734.899 734.874 734.882 734.899 734.898 734.845 734.796 734.545 
735.494 735.145 735.196 735.195 735.188 735.164 735.171 735.167 735.19 735.182 735.161 735.196 735.173 735.156 735.153 735.155 735.168 735.157 735.155 735.144 735.134 735.159 735.155 735.123 735.121 735.097 735.105 735.122 735.121 735.065 735.011 734.746 
735.745 735.375 735.427 735.426 735.419 735.393 735.4 735.397 735.42 735.411 735.391 735.427 735.404 735.384 735.382 735.384 735.396 735.385 735.383 735.371 735.363 735.387 735.384 735.351 735.347 735.323 735.332 735.348 735.346 735.289 735.23 734.951 
735.999 735.608 735.661 735.661 735.653 735.626 735.632 735.631 735.653 735.644 735.625 735.66 735.637 735.615 735.615 735.615 735.628 735.616 735.613 735.6 735.595 735.619 735.615 735.582 735.576 735.552 735.562 735.577 735.574 735.515 735.453 735.158 
736.256 735.845 735.897 735.898 735.889 735.863 735.867 735.868 735.888 735.879 735.861 735.896 735.874 735.85 735.851 735.849 735.862 735.85 735.846 735.831 735.83 735.852 735.85 735.815 735.808 735.784 735.795 735.808 735.803 735.745 735.68 735.368 
736.516 736.085 736.136 736.139 736.127 736.103 736.105 736.108 736.125 736.116 736.101 736.134 736.114 736.087 736.09 736.085 736.1 736.087 736.081 736.066 736.067 736.088 736.088 736.051 736.043 736.019 736.032 736.041 736.035 735.978 735.91 735.581 
736.778 736.327 736.379 736.382 736.367 736.345 736.345 736.349 736.365 736.356 736.343 736.374 736.355 736.326 736.332 736.325 736.34 736.328 736.32 736.302 736.306 736.325 736.328 736.289 736.281 736.255 736.27 736.277 736.27 736.212 736.142 735.797 
737.044 736.572 736.625 736.627 736.61 736.589 736.588 736.592 736.607 736.599 736.588 736.616 736.598 736.569 736.575 736.566 736.582 736.572 736.561 736.542 736.546 736.564 736.57 736.528 736.522 736.493 736.512 736.515 736.506 736.449 736.377 736.016 
737.312 736.818 736.873 736.875 736.854 736.835 736.833 736.838 736.852 736.843 736.835 736.861 736.843 736.813 736.821 736.81 736.827 736.819 736.803 736.785 736.787 736.805 736.814 736.77 736.764 736.733 736.755 736.755 736.744 736.687 736.614 736.236 
737.583 737.066 737.124 737.124 737.101 737.083 737.08 737.086 737.099 737.089 737.084 737.108 737.088 737.061 737.068 737.055 737.073 737.067 737.048 737.031 737.029 737.048 737.061 737.013 737.009 736.976 737.002 736.998 736.985 736.926 736.852 736.458 
737.855 737.315 737.377 737.375 737.35 737.333 737.329 737.335 737.348 737.336 737.335 737.357 737.336 737.312 737.317 737.303 737.322 737.318 737.294 737.279 737.272 737.294 737.31 737.258 737.254 737.22 737.249 737.242 737.228 737.165 737.092 736.68 
738.13 737.566 737.631 737.628 737.602 737.585 737.578 737.588 737.599 737.585 737.587 737.607 737.585 737.565 737.567 737.554 737.573 737.57 737.543 737.528 737.518 737.541 737.561 737.506 737.502 737.467 737.499 737.489 737.472 737.406 737.333 736.903 
738.407 737.819 737.886 737.883 737.854 737.839 737.829 737.842 737.852 737.835 737.841 737.859 737.837 737.82 737.819 737.806 737.826 737.823 737.793 737.778 737.765 737.79 737.813 737.755 737.751 737.716 737.75 737.738 737.718 737.649 737.577 737.128 
738.685 738.073 738.143 738.14 738.109 738.095 738.081 738.098 738.106 738.088 738.095 738.112 738.091 738.076 738.072 738.059 738.082 738.078 738.046 738.028 738.016 738.041 738.067 738.007 738.003 737.967 738.003 737.989 737.965 737.893 737.822 737.354 
738.964 738.327 738.401 738.399 738.364 738.351 738.335 738.356 738.362 738.343 738.35 738.367 738.346 738.335 738.327 738.314 738.338 738.333 738.3 738.28 738.268 738.293 738.321 738.261 738.255 738.219 738.257 738.241 738.214 738.14 738.068 737.583 
739.244 738.582 738.659 738.658 738.621 738.609 738.591 738.614 738.618 738.599 738.606 738.623 738.603 738.594 738.582 738.569 738.597 738.59 738.555 738.534 738.523 738.547 738.576 738.515 738.509 738.472 738.511 738.495 738.464 738.389 738.317 737.813 
739.526 738.838 738.919 738.918 738.877 738.867 738.849 738.873 738.876 738.858 738.863 738.881 738.861 738.854 738.839 738.824 738.857 738.848 738.812 738.789 738.78 738.803 738.831 738.772 738.763 738.725 738.767 738.75 738.715 738.639 738.566 738.045 
739.808 739.095 739.179 739.179 739.135 739.127 739.109 739.133 739.134 739.117 739.121 739.139 739.121 739.114 739.097 739.08 739.117 739.106 739.069 739.047 739.037 739.06 739.087 739.029 739.017 738.98 739.022 739.005 738.968 738.89 738.816 738.278 
740.091 739.353 739.44 739.439 739.393 739.389 739.37 739.393 739.393 739.377 739.38 739.398 739.381 739.375 739.356 739.336 739.379 739.364 739.326 739.307 739.295 739.319 739.343 739.286 739.272 739.235 739.279 739.262 739.222 739.142 739.066 738.513 
740.375 739.612 739.702 739.701 739.653 739.652 739.632 739.654 739.653 739.637 739.64 739.658 739.642 739.636 739.615 739.593 739.642 739.621 739.584 739.568 739.555 739.58 739.601 739.545 739.529 739.492 739.537 739.518 739.478 739.395 739.316 738.747 
740.659 739.873 739.966 739.964 739.913 739.917 739.895 739.916 739.915 739.898 739.9 739.919 739.904 739.897 739.875 739.851 739.904 739.88 739.842 739.829 739.815 739.842 739.859 739.805 739.787 739.749 739.795 739.774 739.734 739.649 739.567 738.982 
740.944 740.136 740.231 740.228 740.175 740.182 740.158 740.178 740.178 740.159 740.162 740.181 740.166 740.158 740.136 740.111 740.167 740.14 740.102 740.09 740.076 740.105 740.118 740.066 740.047 740.008 740.053 740.031 739.992 739.905 739.82 739.218 
741.231 740.4 740.497 740.492 740.438 740.447 740.422 740.44 740.442 740.421 740.425 740.444 740.428 740.42 740.397 740.372 740.429 740.402 740.362 740.351 740.337 740.369 740.377 740.329 740.308 740.268 740.312 740.287 740.251 740.162 740.074 739.454 
741.521 740.665 740.763 740.758 740.702 740.712 740.685 740.703 740.706 740.684 740.689 740.707 740.69 740.682 740.659 740.633 740.69 740.666 740.622 740.613 740.598 740.633 740.636 740.592 740.57 740.527 740.57 740.544 740.51 740.419 740.328 739.69 
741.811 740.932 741.03 741.023 740.967 740.977 740.948 740.967 740.971 740.947 740.953 740.971 740.953 740.946 740.921 740.894 740.952 740.93 740.883 740.875 740.859 740.898 740.895 740.856 740.833 740.787 740.83 740.802 740.769 740.677 740.584 739.927 
742.102 741.199 741.298 741.288 741.233 741.242 741.211 741.232 741.236 741.211 741.218 741.235 741.215 741.211 741.184 741.156 741.215 741.195 741.145 741.137 741.121 741.162 741.156 741.12 741.096 741.047 741.09 741.061 741.028 740.934 740.839 740.164 
742.392 741.467 741.565 741.552 741.498 741.507 741.474 741.499 741.502 741.475 741.483 741.5 741.478 741.477 741.447 741.417 741.478 741.46 741.407 741.401 741.383 741.426 741.417 741.383 741.361 741.309 741.351 741.32 741.287 741.192 741.094 740.4 
742.681 741.734 741.832 741.817 741.764 741.773 741.737 741.765 741.768 741.738 741.747 741.766 741.741 741.744 741.711 741.68 741.742 741.725 741.671 741.665 741.645 741.69 741.679 741.647 741.626 741.571 741.613 741.581 741.546 741.45 741.349 740.636 
742.97 742.001 742.097 742.082 742.029 742.039 742.001 742.033 742.035 742 742.011 742.031 742.006 742.011 741.976 741.943 742.006 741.99 741.935 741.929 741.907 741.953 741.941 741.91 741.892 741.833 741.875 741.842 741.806 741.709 741.604 740.872 
743.258 742.268 742.362 742.347 742.294 742.306 742.266 742.3 742.302 742.263 742.275 742.296 742.271 742.279 742.241 742.208 742.271 742.256 742.2 742.193 742.17 742.217 742.204 742.173 742.158 742.096 742.137 742.103 742.066 741.968 741.859 741.108 
743.546 742.535 742.627 742.613 742.558 742.573 742.532 742.567 742.568 742.527 742.538 742.561 742.537 742.545 742.507 742.473 742.536 742.521 742.464 742.456 742.433 742.481 742.466 742.436 742.425 742.359 742.4 742.365 742.326 742.227 742.115 741.345 
743.833 742.801 742.891 742.879 742.823 742.841 742.797 742.835 742.834 742.792 742.801 742.826 742.803 742.811 742.772 742.738 742.803 742.786 742.728 742.719 742.697 742.745 742.729 742.699 742.692 742.622 742.662 742.627 742.585 742.486 742.371 741.581 
744.121 743.067 743.156 743.145 743.088 743.109 743.063 743.103 743.099 743.057 743.064 743.091 743.069 743.076 743.038 743.004 743.07 743.051 742.993 742.982 742.961 743.01 742.992 742.963 742.958 742.886 742.924 742.89 742.845 742.746 742.628 741.818 
744.41 743.333 743.42 743.411 743.353 743.377 743.328 743.372 743.364 743.322 743.329 743.356 743.334 743.34 743.303 743.271 743.337 743.316 743.259 743.245 743.226 743.274 743.256 743.226 743.223 743.15 743.185 743.152 743.104 743.005 742.886 742.056 
744.699 743.6 743.686 743.677 743.619 743.644 743.592 743.642 743.628 743.587 743.594 743.622 743.598 743.604 743.568 743.537 743.605 743.581 743.526 743.508 743.49 743.538 743.521 743.488 743.487 743.414 743.446 743.415 743.364 743.266 743.143 742.294 
744.989 743.866 743.951 743.944 743.885 743.911 743.856 743.911 743.893 743.852 743.861 743.888 743.862 743.869 743.832 743.804 743.872 743.846 743.794 743.772 743.754 743.802 743.785 743.752 743.75 743.679 743.708 743.677 743.625 743.526 743.401 742.533 
745.28 744.132 744.217 744.212 744.151 744.178 744.12 744.18 744.158 744.117 744.128 744.154 744.125 744.135 744.096 744.071 744.139 744.112 744.062 744.035 744.018 744.066 744.049 744.016 744.013 743.943 743.971 743.939 743.887 743.787 743.657 742.773 
745.571 744.398 744.483 744.48 744.417 744.445 744.384 744.448 744.424 744.382 744.395 744.42 744.389 744.402 744.359 744.339 744.405 744.377 744.329 744.299 744.283 744.332 744.312 744.281 744.276 744.208 744.236 744.201 744.149 744.047 743.913 743.013 
745.862 744.664 744.749 744.749 744.683 744.713 744.65 744.715 744.691 744.647 744.662 744.687 744.653 744.668 744.622 744.607 744.671 744.642 744.595 744.562 744.547 744.597 744.574 744.546 744.539 744.472 744.502 744.462 744.411 744.308 744.169 743.252 
746.154 744.93 745.016 745.017 744.949 744.98 744.916 744.981 744.957 744.912 744.927 744.953 744.916 744.934 744.885 744.874 744.935 744.906 744.859 744.825 744.812 744.864 744.836 744.811 744.802 744.735 744.767 744.723 744.672 744.568 744.424 743.49 
746.445 745.195 745.283 745.284 745.217 745.247 745.183 745.246 745.224 745.177 745.192 745.219 745.18 745.2 745.148 745.142 745.199 745.17 745.122 745.089 745.077 745.129 745.098 745.074 745.064 744.999 745.031 744.984 744.933 744.828 744.68 743.727 
746.735 745.46 745.549 745.551 745.484 745.512 745.448 745.51 745.489 745.442 745.455 745.485 745.444 745.464 745.411 745.409 745.462 745.433 745.385 745.354 745.343 745.394 745.359 745.338 745.326 745.262 745.294 745.246 745.193 745.089 744.936 743.964 
747.025 745.725 745.815 745.817 745.751 745.776 745.714 745.775 745.754 745.707 745.719 745.75 745.709 745.728 745.673 745.674 745.723 745.696 745.647 745.619 745.607 745.658 745.62 745.6 745.587 745.524 745.556 745.508 745.452 745.349 745.192 744.201 
747.313 745.989 746.081 746.081 746.017 746.039 745.978 746.039 746.018 745.972 745.982 746.013 745.973 745.991 745.936 745.939 745.984 745.96 745.909 745.883 745.87 745.92 745.881 745.862 745.848 745.786 745.818 745.769 745.71 745.609 745.446 744.437 
747.599 746.252 746.346 746.345 746.282 746.301 746.241 746.303 746.281 746.237 746.245 746.276 746.238 746.253 746.198 746.202 746.245 746.223 746.17 746.146 746.133 746.18 746.14 746.123 746.107 746.047 746.08 746.03 745.968 745.868 745.699 744.674 
747.884 746.515 746.609 746.607 746.545 746.563 746.503 746.566 746.543 746.502 746.508 746.536 746.502 746.514 746.46 746.465 746.506 746.486 746.431 746.408 746.394 746.44 746.398 746.383 746.366 746.307 746.342 746.29 746.225 746.127 745.952 744.909 
748.168 746.776 746.872 746.868 746.807 746.824 746.764 746.829 746.803 746.766 746.77 746.796 746.766 746.775 746.72 746.726 746.767 746.748 746.691 746.67 746.654 746.699 746.655 746.641 746.624 746.566 746.602 746.549 746.481 746.384 746.205 745.144 
748.45 747.037 747.132 747.128 747.068 747.085 747.023 747.09 747.063 747.029 747.032 747.055 747.029 747.036 746.979 746.986 747.026 747.008 746.95 746.929 746.912 746.958 746.91 746.898 746.88 746.824 746.861 746.806 746.738 746.639 746.458 745.377 
748.729 747.295 747.39 747.388 747.328 747.345 747.282 747.351 747.32 747.29 747.293 747.313 747.292 747.296 747.237 747.244 747.284 747.266 747.208 747.188 747.169 747.216 747.165 747.153 747.136 747.081 747.118 747.062 746.994 746.892 746.709 745.608 
749.007 747.552 747.646 747.646 747.587 747.603 747.539 747.609 747.575 747.549 747.553 747.571 747.553 747.554 747.494 747.501 747.541 747.522 747.464 747.445 747.425 747.472 747.42 747.406 747.389 747.337 747.374 747.316 747.249 747.143 746.959 745.838 
749.283 747.806 747.901 747.903 747.843 747.86 747.795 747.866 747.829 747.805 747.81 747.828 747.813 747.812 747.749 747.756 747.797 747.777 747.719 747.7 747.679 747.727 747.673 747.659 747.641 747.591 747.627 747.568 747.502 747.392 747.207 746.067 
749.558 748.058 748.155 748.157 748.098 748.115 748.049 748.121 748.081 748.06 748.066 748.084 748.07 748.068 748.003 748.009 748.052 748.031 747.973 747.952 747.931 747.981 747.925 747.911 747.892 747.843 747.879 747.818 747.754 747.64 747.453 746.294 
749.833 748.309 748.407 748.408 748.35 748.368 748.302 748.374 748.332 748.314 748.319 748.338 748.324 748.321 748.255 748.261 748.304 748.283 748.225 748.202 748.183 748.233 748.176 748.161 748.14 748.094 748.129 748.067 748.003 747.886 747.696 746.521 
750.107 748.556 748.659 748.658 748.601 748.618 748.554 748.624 748.581 748.565 748.57 748.59 748.576 748.572 748.505 748.51 748.555 748.533 748.475 748.449 748.432 748.482 748.425 748.409 748.388 748.342 748.377 748.315 748.249 748.132 747.938 746.745 
750.379 748.801 748.908 748.906 748.85 748.867 748.804 748.872 748.829 748.815 748.819 748.84 748.824 748.821 748.753 748.757 748.803 748.78 748.723 748.695 748.678 748.73 748.671 748.654 748.633 748.587 748.623 748.56 748.492 748.376 748.178 746.967 
750.648 749.044 749.155 749.152 749.096 749.113 749.053 749.117 749.075 749.061 749.065 749.088 749.07 749.067 748.998 749.001 749.048 749.025 748.967 748.938 748.921 748.974 748.914 748.898 748.877 748.829 748.865 748.803 748.733 748.617 748.415 747.187 
750.914 749.285 749.399 749.396 749.339 749.358 749.298 749.36 749.319 749.304 749.307 749.331 749.314 749.311 749.24 749.243 749.291 749.267 749.209 749.18 749.161 749.214 749.155 749.139 749.118 749.068 749.105 749.044 748.971 748.855 748.649 747.404 
751.176 749.523 749.639 749.637 749.58 749.6 749.541 749.599 749.56 749.543 749.547 749.572 749.555 749.552 749.48 749.482 749.531 749.506 749.448 749.42 749.399 749.451 749.392 749.378 749.357 749.303 749.341 749.28 749.206 749.09 748.879 747.619 
751.434 749.759 749.876 749.875 749.816 749.838 749.78 749.835 749.797 749.778 749.782 749.809 749.794 749.79 749.716 749.718 749.768 749.742 749.684 749.656 749.634 749.683 749.627 749.613 749.592 749.536 749.574 749.512 749.437 749.322 749.106 747.83 
751.688 749.992 750.108 750.11 750.05 750.072 750.016 750.068 750.03 750.009 750.014 750.042 750.03 750.025 749.948 749.951 750.002 749.974 749.917 749.889 749.864 749.912 749.857 749.845 749.823 749.766 749.804 749.74 749.666 749.549 749.33 748.039 
751.937 750.222 750.337 750.341 750.279 750.302 750.248 750.297 750.26 750.237 750.243 750.271 750.261 750.255 750.176 750.181 750.232 750.202 750.146 750.118 750.09 750.136 750.084 750.072 750.05 749.992 750.03 749.965 749.891 749.773 749.551 748.244 
752.182 750.447 750.561 750.567 750.505 750.528 750.475 750.524 750.486 750.461 750.468 750.496 750.487 750.481 750.4 750.406 750.459 750.426 750.372 750.343 750.312 750.355 750.307 750.295 750.272 750.214 750.251 750.185 750.111 749.992 749.768 748.446 
752.421 750.669 750.782 750.789 750.726 750.75 750.697 750.746 750.707 750.681 750.689 750.716 750.707 750.701 750.62 750.626 750.681 750.645 750.593 750.563 750.529 750.57 750.525 750.513 750.491 750.432 750.469 750.403 750.327 750.207 749.981 748.645 
752.655 750.886 750.998 751.005 750.942 750.968 750.915 750.964 750.924 750.897 750.906 750.931 750.923 750.917 750.835 750.842 750.898 750.86 750.809 750.778 750.742 750.78 750.738 750.726 750.704 750.645 750.683 750.617 750.538 750.417 750.19 748.84 
752.884 751.099 751.21 751.217 751.154 751.181 751.127 751.177 751.136 751.108 751.119 751.143 751.132 751.128 751.044 751.052 751.109 751.07 751.02 750.988 750.952 750.986 750.947 750.935 750.914 750.853 750.892 750.826 750.744 750.623 750.395 749.03 
753.107 751.308 751.418 751.424 751.361 751.389 751.334 751.386 751.343 751.315 751.327 751.349 751.337 751.333 751.249 751.257 751.315 751.276 751.226 751.193 751.157 751.188 751.15 751.139 751.119 751.055 751.097 751.03 750.945 750.823 750.593 749.215 
753.325 751.512 751.621 751.626 751.562 751.591 751.537 751.589 751.544 751.516 751.531 751.551 751.536 751.533 751.448 751.456 751.515 751.476 751.426 751.392 751.357 751.385 751.347 751.337 751.319 751.253 751.297 751.227 751.141 751.017 750.786 749.395 
753.538 751.711 751.819 751.824 751.759 751.788 751.734 751.787 751.74 751.712 751.728 751.747 751.729 751.727 751.641 751.649 751.709 751.671 751.62 751.586 751.552 751.577 751.538 751.53 751.513 751.445 751.492 751.419 751.331 751.206 750.974 749.57 
753.745 751.904 752.011 752.016 751.951 751.98 751.927 751.98 751.93 751.902 751.919 751.938 751.917 751.915 751.83 751.837 751.898 751.86 751.808 751.774 751.741 751.762 751.723 751.717 751.701 751.631 751.68 751.605 751.515 751.389 751.156 749.74 
753.946 752.091 752.197 752.202 752.137 752.167 752.113 752.166 752.115 752.087 752.103 752.122 752.1 752.097 752.012 752.02 752.08 752.043 751.989 751.956 751.923 751.942 751.902 751.898 751.881 751.811 751.862 751.784 751.694 751.566 751.333 749.905 
754.14 752.272 752.377 752.383 752.317 752.348 752.294 752.345 752.294 752.265 752.281 752.3 752.278 752.273 752.188 752.196 752.256 752.218 752.165 752.132 752.098 752.114 752.075 752.073 752.054 751.986 752.036 751.957 751.866 751.736 751.503 750.064 
754.327 752.447 752.552 752.557 752.491 752.523 752.469 752.519 752.467 752.437 752.452 752.472 752.449 752.442 752.359 752.366 752.424 752.386 752.334 752.301 752.266 752.281 752.242 752.242 752.221 752.153 752.204 752.124 752.031 751.901 751.666 750.216 
754.507 752.615 752.72 752.724 752.659 752.692 752.637 752.685 752.634 752.603 752.617 752.637 752.614 752.605 752.523 752.53 752.586 752.548 752.497 752.463 752.427 752.441 752.403 752.404 752.382 752.314 752.364 752.285 752.189 752.058 751.823 750.362 
754.68 752.778 752.882 752.885 752.819 752.853 752.798 752.845 752.794 752.761 752.775 752.796 752.773 752.761 752.681 752.687 752.741 752.704 752.654 752.618 752.582 752.594 752.557 752.56 752.537 752.469 752.518 752.439 752.34 752.209 751.974 750.502 
754.844 752.934 753.038 753.039 752.973 753.008 752.952 752.999 752.948 752.913 752.927 752.948 752.926 752.911 752.832 752.837 752.889 752.855 752.805 752.767 752.73 752.742 752.704 752.709 752.685 752.616 752.664 752.586 752.484 752.353 752.118 750.635 
755 753.083 753.187 753.186 753.121 753.156 753.099 753.145 753.095 753.058 753.073 753.093 753.072 753.055 752.977 752.981 753.03 752.999 752.949 752.908 752.873 752.883 752.845 752.85 752.826 752.757 752.803 752.726 752.621 752.491 752.256 750.763 
755.149 753.226 753.329 753.326 753.261 753.296 753.24 753.284 753.236 753.196 753.211 753.232 753.211 753.192 753.114 753.117 753.165 753.137 753.087 753.043 753.008 753.018 752.978 752.985 752.961 752.889 752.934 752.858 752.752 752.622 752.387 750.884 
755.289 753.362 753.465 753.46 753.394 753.43 753.373 753.416 753.37 753.327 753.343 753.363 753.344 753.323 753.244 753.247 753.293 753.268 753.217 753.17 753.136 753.146 753.106 753.112 753.088 753.015 753.059 752.983 752.877 752.746 752.511 750.999 
755.422 753.491 753.594 753.587 753.521 753.556 753.5 753.541 753.498 753.453 753.467 753.487 753.469 753.448 753.367 753.371 753.415 753.392 753.339 753.291 753.258 753.269 753.226 753.233 753.209 753.134 753.177 753.101 752.995 752.863 752.628 751.107 
755.548 753.614 753.716 753.708 753.643 753.677 753.621 753.66 753.618 753.572 753.586 753.605 753.588 753.567 753.483 753.489 753.531 753.509 753.456 753.407 753.372 753.385 753.341 753.347 753.323 753.247 753.29 753.213 753.107 752.974 752.739 751.209 
755.669 753.732 753.833 753.824 753.759 753.792 753.736 753.774 753.733 753.686 753.699 753.717 753.702 753.68 753.594 753.601 753.641 753.621 753.567 753.518 753.482 753.497 753.45 753.456 753.431 753.355 753.397 753.32 753.214 753.08 752.845 751.306 
755.786 753.846 753.945 753.934 753.871 753.902 753.846 753.883 753.843 753.795 753.808 753.824 753.812 753.79 753.701 753.71 753.747 753.728 753.673 753.625 753.587 753.605 753.555 753.559 753.535 753.459 753.501 753.423 753.316 753.182 752.947 751.398 
755.898 753.956 754.053 754.042 753.979 754.009 753.953 753.989 753.949 753.901 753.914 753.927 753.918 753.896 753.805 753.815 753.849 753.833 753.776 753.729 753.689 753.71 753.657 753.659 753.636 753.561 753.602 753.522 753.415 753.281 753.046 751.486 
